450728726121033729
441031011283898368
448470064539242496
440971704966189057
445633345603387392
441848590294466560
442591166194667521
450604393184763904
441016048205049856
450201048485875712
440869526129741824
449483859865112576
450249039536082944
442117298493476864
448261303979606016
447144572951334912
440783810800529408
446532760380137473
441828095943659520
442933479006035968
448740783063957504
443763898869501952
441219632716718080
448126243129413632
440969873984720898
446757794327171073
443718992968970240
441019701842288640
450665079919243264
446030774811115520
446604831503831040
442933644026314752
449447915669704704
446974506309926912
440916982637289473
448440019225542656
441005550113808384
440870487246114816
449642968597553152
448136744852930560
441317860254576640
448451824543346688
449635951774810113
448710941798969344
450702385011113984
450069414361456640
440876898919657472
450520604387844096
448625082798055424
450616609887883264
441238617462013954
444374327434018816
441184774393450496
441168908540592128
446179391383826432
440124151509299200
442371409906397184
448806307353477121
450208978258386944
440897726226505728
445492185631567872
441019886207107072
450648660125417472
448521690893807617
442342583164215296
442103939014467584
450024951593320449
445091888509759488
446621919576883200
440917642606415872
450180290649260032
442936561462554624
446476154329767936
450673135206297602
441329044466831360
446436637611163648
447048303390490624
447494812791767040
440182098008477696
444375754680172544
446019213442822146
440892237522944000
444793893582684160
450169229455548416
440899246964084736
442791133484023808
440897875925430272
440922784827715585
439971100961693696
450019555776020480
445847311092965376
448641323340677121
448948511153717248
445807635732774912
448859477412814849
443719148623761408
448451808080691200
445848076306382848
447404611259748352
448799041493929985
443833687046885377
440952560354988032
443956137910894592
450726561667219456
450245270408667137
446310358966218752
449491378423463936
450538279516266496
443520531858726913
443733684093739008
450412330267213825
446547061094514688
440867458376032256
448654748175323136
450646507675328513
448542246041026560
444895061830930432
441104072603869184
449482536688025600
444002543082168320
440558270587994112
449026833234022400
440981843911774208
442564186565263360
450309655198048256
442937535283884032
443488945410560000
440874503413854208
440870509475926016
446643360485216256
450200406346711040
441314979330154496
450184486257319937
450602924335718400
440880164835446784
441687644422942720
440952706703036417
440887281960767488
440462350278492161
440907669269118976
450118414644690944
444898463378317312
440879648235200512
450675879903911937
450331848393359361
449887583053840384
439706863425552384
442937413934268418
447335107313954816
450312522332405760
450319181079396353
441015611356110848
440968463238955008
449133143480889344
441255891963490304
450459291007598592
446202994682368000
446967087370866688
445034559323656192
445988541257232384
443926145432428545
443967141486657536
445970492667990016
442296817326518272
448950836886908928
444788626929356800
450653830066089987
450199160151490560
443722907047702528
441966597553393665
449200679593070592
441140033614282752
441020584819191809
444575965004312576
450234244384571392
440117200989741057
440688944607293440
440873739388211200
446202692197576704
450600292908687360
450611514261504000
440926105713643520
447465860572409856
450654833083949056
446655509844606976
446641643907973120
439703528492503040
445348146659340288
450782433147756544
442336462038904832
444253798924427264
448427856423444480
450414894832054274
450067577926979584
450170160570454016
439627955929509888
444120914951548928
449352790746210304
441615190673469440
440993693147746304
440900216993370112
442967012650655744
445895352278073344
443410645489156096
440813967439831040
441715386132602880
445914528015208449
450045788039950337
440469237241745408
450659567416786944
441024183938465792
441873809511956481
450452577122263040
450753098202361856
442105522536607744
443927981564514304
443259691351552000
447899292473114625
448222419115708416
450487602487906304
450172368757854208
442092029804167168
444182407726768128
443390731378761728
444178989771288576
448456510155546624
441026400091258880
446575272012566528
450613892050214912
441032911593439232
450568190494380032
445958316997349377
446081261472210944
440910089793601536
445034627741126657
440118162156421121
440887745171296256
443114200878317568
445290406297624576
443093415061094400
447777012006920192
444491469001216000
441024743940976640
440993668678549504
440180376917385217
446751051681501184
445943196565401600
450458312077606912
440120980284112896
440296758632251393
450533846229209088
441136399576997888
448055292186873856
450622272437747712
444241264922210306
447727119259668480
445985681609748480
450430845212315648
450154475127197698
446642585616936960
448425730934722560
444176293999828993
446477536801730560
445051074169171968
445505267783192576
446557016597618689
444239866532864000
441368786453532672
450652608806797312
447326279919230976
450225216414031872
442586567249760257
442822502847246336
445896730991538177
440946710022729728
441716254240702464
444581272871247872
445885148022579202
448610482476552192
448431325972676608
449559924532858880
448241629615247360
441136774757490688
440655624729145344
446540904804126720
446532972804849664
440923849916686336
450220465827893248
450761743854489601
442679201205075968
448888707836563457
441614449678368768
450220263314300928
447736088258310144
448430292370726912
444089427174764544
441997122871635968
443890527508127745
443474434650034176
448504049013243904
448138503742697472
450071300967374848
445492009852493824
450595368150249472
444780988162248704
450606567058993152
450474145256460288
448236108204097536
444483482262466560
445049955531505664
446662224723996672
441744613930307585
448085660864614400
440117156026789889
448089180464103424
450651615302025217
440912529691144192
441177409497223169
441678717215985664
450599322808504320
450744319276642304
445474809028153344
450442281611325440
450170172465106944
450625097242402816
450597282782519296
449889036061405184
450672327714680832
450596635127447552
445857827740213248
442319482183507968
444723395209342976
450201792564178944
441770236996358144
445897674353803264
443029534787788801
441465118795108352
440877317603487744
448383512073474048
443017631931850752
442306756564516864
441380268964724736
446958052693258240
450171937952518146
448893558461067264
446616435406934016
445908580441403392
443602124069298177
450555027485384704
449946565902606336
444181250002014208
441199275259609089
442072242034188289
446030826493337602
450780835441295360
441271158370222080
445052760950456321
440908385932677120
444304261929631745
444631639310610432
450623717862035457
450634529246822400
447888870789492736
446057644222980096
445892898098524160
441601980125822976
440869660758536192
447240364655513601
440940532928626688
440462118450909184
449013694102401025
446183269152075776
441001788724883456
446571896843538433
442679063195697153
442359913055285248
450649649783656448
450597667056259072
450369764008140800
448617785585721344
440910089835524096
441092808724594689
450019387290832896
442102928586080256
450540461413777408
442124806138245120
446436204326944768
448056023371091969
446219526766874624
445088068488671232
447025110449655808
441017961915367424
450256256071376896
441239527542104064
441021631486763008
441214617021198337
450299444861235201
450466865245343744
443861320845127681
450595977280634880
440882657464176640
445092394955202560
440927757502255104
440866807822315520
445840201362186241
450665480588513280
446182128800129024
444163878365458432
450592558167916544
443872626633883648
448056223972077568
446628111837175808
440877009976057858
440098785914413056
445915079377440769
440872743509057536
440915493604442112
446822614237839360
446619058910138368
450595366514462720
446059589122142209
450610740404039680
444439580373053440
443109410207195136
445003319270834177
447010157453918208
442123884972634112
441320436291211264
443280569116291072
449624617242877953
441553318590939136
440874894059130881
447724772193878016
443424900058218496
445075167614873600
445287099634552832
447492578653384704
441265560912154624
448485786657509376
448551004175605760
447830936319578112
446961572729352192
446029825879576576
440877536382578688
450454123234996224
441314992395005952
440931096369586176
442678729907912704
446480676791918592
446762917573058560
443862563848081409
440867414259937280
447827604121219073
450540490711379968
447405838903177217
445031780190412800
441299953848029184
440506640354115585
450596475089596416
441015775923433472
450286151039860737
444459781843980288
450594452458192896
444404092132024321
441028808812920833
445401417705357312
448858356124778496
449117699373686784
448905781145243648
446638654673268736
444898151796047872
440119950502813696
450599128305651712
440314013080354816
442790240130854912
440488714578694144
443204263863259136
440930763677003776
450589212585525248
450221089776353280
440666989548158976
445882099086524416
449493888177537024
449349182143201281
441020225606402049
445901541191331840
450253800918765568
442807818937065472
440117061357146112
442933197916352512
447433824428122113
440119254206406656
445054591462170624
440898297582985216
449495575604781056
450211533638103040
442445019707113472
450201471100157952
447017621993447424
450595365545574400
445021056441786369
443795340958134272
441559132018327552
447995108831399936
440128669831671809
443716544720568321
443474430111404032
449560163024773120
442678724576948225
441313627467829254
440992980430643200
439691041189265408
448677150984388608
448053604239568898
444988364002197505
442910123405901824
450776505811881984
441019409550028800
441235762588028929
441016408999473152
440307647623884800
449555437751255040
445847648411455488
450781677363548160
442798639715741696
441285491707875328
441164761347002368
450736660204892160
448936838271889409
440994328404451328
445445246881910784
440898148844572672
440950767940149248
441046010593165312
440947159374888960
446472861327167488
443247514829852672
440964221665177600
444940794286198784
440441419564457984
440992760015769602
447986251640373248
442933339586981888
448222079109050368
448464922281017344
441449728509624321
450440059309670400
450588919051321344
447042637821124609
441021479569084416
443596518910488577
445920812172730369
450411941773979649
440890325695864833
450533845851713536
444523535994990594
449482193463951360
441254630895661058
441077210552602624
450595232082845696
440555193726300160
443735929958973440
450460165309857792
450699013331746816
446475730461814785
449511871654416384
441081419004379136
445893208900661249
449927630360297472
447240806605131776
441325156188041216
448794707024687104
446085190524211200
443038603732463618
448469073823686656
445925765406674946
443872982520168448
443684914571931649
447407636271882240
443247309728387073
448940572242223104
448354375816052736
443718891143852032
444388193316528128
446619869362925569
440947560027791360
448056507234414592
450598048733736960
440884140565487616
450453947070054400
441036453624045568
442295699661926400
448237695563616258
441026539338342400
448852560070602752
450198936268337152
446364250080952320
444222799616679936
448213203063816193
450602908619653120
440117596357410817
445078591735619584
442447225697107969
446539448994369537
443163700737110016
444262194067161089
450463228704063488
447183770811387904
443836458445447168
450207640950292480
440517745743241217
441016729691357186
444253863227305984
444946492524998656
440993220369981440
446439364537884672
441176868616564736
450714812381556736
450187417845112833
445028516539559936
439856322993848321
450094806518497280
444522898468782081
441018665777913856
450420920385953792
446962060438806528
439703763419668480
447733323356323841
440883558568443904
450217294955048960
450534384224206848
439802955144101888
450597730889383936
442339173417353216
445391457545752576
446610116435931136
446469185334300672
443859612572213248
444196536683986944
440926380801671168
445372140804505600
450451796943572993
445915166790930433
440874792489459713
448769885083271168
445963120344059904
450486401407397888
450199231916421120
449485425347137536
444195335376998400
450436892195315712
440555202270076928
450604367625068544
442877163574804480
443758091511689217
450049432273563648
440884550659342336
450185855974801409
448122715979776000
442005810286047232
440876281907802112
441288007594045440
440874811091189760
448469927968534528
442387089716289537
440499847490465792
446572464571969536
443259899150352384
442494613073301504
443846308248313856
439704518016524290
443266236940812289
443204766378639360
441023153796825089
446702413160779776
445998492876410880
440928121374515200
450520666929123328
449781475034923008
446774742947610624
446481232818225153
450596933997199360
441018854458671104
440483548152463360
442977946069135360
441019071467749376
446627837559451648
450653656946581504
442340975844028416
445797381959716864
441170245974495232
441007130816966656
450454300456521728
440870769992544256
441019584414375936
442366914548232192
440981617532620802
440871158401859585
450451728001794048
449509878407503872
440258396877357057
443006657564803072
450595364366995456
442069187905978370
443725582052769792
441075854404112384
450197015234752512
450169963307757569
445064987971551232
443828725872730112
445118825995177984
448693959099809792
441527612825800704
447966122915016705
441129744315449344
443741057038049281
442188871845957632
450574735458701312
449576997207822336
446180643156672513
443716929060999169
440873941318393856
446191767843397634
441047331538886656
447909156150730752
441040780522569728
441189795184640000
450292131396349952
443732280541192192
447191696174882816
443917514808897536
441016981072797696
445146559022637056
446097188129894400
440979006712590336
440931541506478080
440721461679243264
440982816772210690
447694451826491392
442337375554142208
441440237307174912
440879631428616192
446674255485222912
442249791129415680
450169946438266880
450230013502443520
450477375483305984
441050020272279552
446583279848665088
444895355239288832
441711840528044032
443296017388019712
448085126316953600
440881500548902912
440629661924859905
443244555987464193
441108120870211584
444450019425665024
450677579239153664
450478746189832192
441001296254877697
448553923721560064
448375660344786944
450619382591651840
448126250138075137
450642725134561280
450782777403637760
440969787749842944
444191935746428929
450618180143427585
442368314380017664
445847003533418496
441022994883051520
441218983673356288
450466758126624769
442527306372771840
450230678308016128
441615512066195457
443312150241902592
446637312370573312
445908582597283841
450678601068068864
443092775882723329
442789627603075072
444685056464801792
446113539388747779
445819855552667648
450609115203907584
450649705207578625
444455696386383872
440676366627782656
449366551926288384
448273331436158976
440509787550539776
448387688001859584
442173425176412160
450436360978329600
450602564552122368
441341232468340738
442450388579782656
443835163051835392
440909070732914688
445856820331302912
449400526871232512
441614307864752129
449991862427090944
449924218999025665
450272089279578112
441020036988567552
444449792358621184
441062652572221440
450290394463752192
446502817339953152
441579377961492480
440925758198788096
446945164888924160
446110911686668288
440922269586427904
443791687866134528
440885762402168832
450608720016195584
444374197935300608
441091585371942912
448371119951994880
440769182922047488
450201061333012480
440799872082788352
450291655720316928
447965983593213952
443728738014879745
450604455428644864
443570069100953600
450779266037604353
450143067480129536
444442632387702784
450457292019073025
443900543904137216
448468138951450624
450045254142791680
441178373818052608
440788016924065792
443832338732961792
446326462506098689
443911782566871041
441330345607049217
443740658264588290
446623914668851200
448546769526599680
449646750387539968
441076897045561345
449509900679278592
443722855151198208
440892996733894656
447648886711394304
445928114179543040
441537189181394944
442933746313211904
442943915914964992
450609708433301504
445848935387906048
447413083212750848
447737121583804418
445092585007480832
441351192099041281
446670283294773248
441218449000656896
443169239516450816
440292988221415424
450673069527687168
440653107966377984
445944808214114304
450452009368686593
450451114320986112
448615728938098689
442210785230868480
450287116229292033
450567023958163456
448577633564258304
439942693624762368
440911525436731392
450464879556587521
440313583306416128
442911437405437952
442371525379764224
440871737358827520
441015890469847040
448053886687780866
445864858542940160
440805172307312640
446939539462828033
441018962688880640
448467554886242304
445137226499121152
450217491352928256
440125556559192065
449551288146333696
445734858304663552
445988821747138560
440996029035343874
440876806724677632
443868783447257088
445880511601209345
447772618112790529
440921063133044736
446552244260179968
445384981662023680
446472156889616384
441048852775596032
441242734603415552
450544901449461760
449647238008950784
441017561376100352
450463046239277056
450472625383702528
441031231782662144
449201604009668610
443717792898895874
440993355997016064
440937342115672064
448445137732272128
445066558595796992
444720656672759809
440867225491083264
441056433325371392
448931292487626752
449952149431398401
448577651741958144
445849326623805443
448468315946876929
445126890727038976
442937395131199488
441414520284921856
450602488530366465
445068369159405568
444788800527413248
450721678578839552
441183780402106368
448774848463265792
446727478196064256
440510354464841729
440876121652228096
450167418048897024
440870502509191168
450246317139566592
445642111077986304
445917624720166912
450169084811161600
445161245088686080
441011641275404288
444782234667462656
440966018186223617
450149210281619456
441891749183500288
450234409284014080
448469140227907585
446029445900410880
450710987688001536
450463386153668608
450186797826715648
442586283789930496
440870074685980672
440909849044713472
443677872541032448
440946662278586368
441134892454514688
443145558853951489
441015200339079168
450602807322611712
441214395297718272
439958392933605376
450753106477731840
445069347644792833
441576495153045505
445014594625339392
442803440406634496
447864570095222784
450452127857397760
446028331197419521
443911180919111682
441112633953886208
450532868825939969
442066968087396353
449203188642508800
450694120546516992
450600197413175296
446059250604068865
448468717790183425
447173356312608768
450611551066939392
448434546770329600
443028568822784000
443922663438708737
449988885532409856
448859477412810753
444534403536920577
450484850772819968
444368398885994496
446945560478896128
441033467241836545
444943504146321408
444182943775211520
441314365565046785
450303470625492992
447069224121290752
450783971152912384
450595935022641153
440303567744688129
440881391832535040
450630332602396672
450602742025682945
447213621051789312
448521460811042816
445905386709598209
441256156481466368
449161549467242496
448216308237492224
446443436095586305
448383381043417088
440117283252604929
440976497390526464
445848252240637952
443024286182174720
440448248818307072
450735636576600064
450595367374299136
450398743364247553
446542740365799424
441382740915519488
441056092034854912
445904957691006980
442796086508650496
440848333448310784
450171274292387840
450287902577426433
450595368959762433
447368595635318784
444200497486909441
450597260284674048
448497831167660032
450183165278453760
441623735066296320
450674947208515584
442435536716722177
444010626738700288
442541841074753537
448584439606439936
446674225902784512
450368903781154816
440547185008979968
442942811441491969
444192087739596800
444943164512563200
445907273840222210
444218521799897089
449483095545491456
440085981367394304
446935871543980033
450149393199398913
446607632514957312
445915074142953472
445898840906813440
445821510411100160
450213710280536064
445848614695608320
447959352318492672
445828378005078016
450451449546567681
442345381159239680
444780197481443328
442934965404041216
450662355278393344
447774246396514304
440983228820623360
442961508763308032
443834256570060801
443923729127448576
444303392676929536
450602757565984768
447050250352881664
444005003871944704
448738730942013441
448818551650922496
442528464977936384
450753084629602304
445868619332091904
450456097308938241
448613749335674881
450466450181201920
441413746619985920
448368476265005056
442943403308122112
450385521362354177
450547358120419328
440929324078989312
445945513914146816
440766777010573312
450483704561815552
444207653787426817
450451315169452032
450174071720783873
443018169700323329
441111810427875328
443524338239541249
443764330899988480
447250967818272769
442425714416304128
445921306027245568
450399913394704384
442199408516423681
441464912561197056
445876534952607744
447527387069444096
446058551229054977
450625470867181568
450182296491270144
443869616054345728
444788842873102338
443767811954192384
447403625355415552
449494081392369664
450652601584214016
440871352351084544
450629911640678400
446184491434778625
441248985249230848
448565205589843968
444894627150053376
450452481504718848
441020857003933696
450623733057585153
450361053252026368
444192101186932736
442952760812527616
445422372947243008
446090874745671680
440881121203859457
444809101629849600
441320264454778880
440612045361147904
441919224211341312
443168645188161537
445872112494850048
447176144996290560
450457151886999552
444634985668964352
440876190279405568
443945597838446592
441019267853475840
441243178448859136
447123470955323393
441615769701343232
440885743712346113
450572232574529536
441925774245756928
440897375607865344
442838679967367169
445103418437144576
441102384144449536
440928871399960576
446968726504472577
445865334072147968
445391250225512448
450396591602823168
440938380852224000
445906872735125504
448468193460240384
440976361008558080
448806668386586624
448804852924047360
446998961522749440
450600113979670528
441015774648356864
446671845937270784
447407619419148288
446581197187993600
450557915670544384
444848572471984128
449612066605641728
450539361294368768
441018648426082304
446049826929528832
450743294012973057
445945136586162176
447334951462400000
442938096288796672
443026682908114944
450538610631385089
441019976627941376
439632791831994368
441668504614625281
450546646271541248
444142782710415360
440960612940529664
450048996774801408
450215617665449984
440937947022761984
448936941019754496
441054769017143297
450132376102793216
442790427326808064
440403457858482176
441331569102290944
441046594176049152
440514592037273601
442086747728384000
445981789707046915
440983855525138432
443773445684228096
441290831274602496
448615439959343104
441229799080869888
444827113330581504
440981892087549952
443836277079932930
441331440131637249
443733791484284929
443718642958471169
445387655950245888
450225049661087744
445968145115672576
450585225396248577
449897030388023296
442792505541943296
445891271966867456
440890240840896512
448897756560908288
448659127103803392
441677650856132608
450451219853901824
450687546960265216
445065348153229312
450451444596883457
444457680262799360
440336829955719168
450603115042308096
450188623582097408
440889541553946625
441322304505921536
450069272253841409
444781127752880129
440925082547126272
442468299863891968
441015407676108802
440898794645749760
440886115407364096
444294549544779778
448028951693127680
445967256628256768
450070708740431872
450673766948143104
442790622185803776
441285188882931712
441112882684493825
443251812737351680
450641302401863680
442800309849825280
443070812539871232
445018164607606784
448053530423611393
450042957039562753
448786789051162624
450451919073705984
450460939092246528
450436538149904385
440158747172671488
448467260924252161
448674196487282688
447431981832212480
440118309967892480
449382922164776960
450598689091104768
445958248626405377
444455479679262720
450225013103525888
449919214691057665
450514725730668544
444181511919501312
442961254794412032
444104055686955008
441212110367113216
450740442858934272
442341772581408768
445347813132861440
445152960193245184
443252032850235392
448475764686475265
440911998209904640
450366409043103744
450197256646692864
450561506330292225
444276555913506816
449558019647766528
441018197702344704
445896087660797952
450678186314330112
442079151126638592
445043887157952513
441096126091907072
450597704117526528
450678680411713536
450048543798358016
440896762702598144
450523687809056768
445031244238028801
442446925762396160
450561237118910464
444529553289904128
446540749698760704
441018734204166144
450356304964759552
450217253792120832
440179843431690240
449521443332968448
446293656031358976
443863120339931136
443723977307848707
442791596589719552
445052325015465984
442935707611328512
440879693605396480
444383621172850688
440886653016477697
441991501514809344
450652707406479360
440449266520047616
450547885449293824
450229003509837824
441524872234020864
441422615542894593
450680435774062592
445876247403307009
440872193820741632
449223745643622400
443016865364058112
442792601473658880
443175296045289473
450255730508312576
450642445748150272
448191298135023616
448094961695604737
443730664341262337
445964205339193344
448430922501603328
448940978045333504
447537833805225984
444907168819851264
441015758068273152
447241951687892992
439920321563328512
441234353104748544
445084584615477249
440507061827555330
450234688083591168
450685570734628864
442804957343793152
447973271787429889
445056498083713024
450781675778088960
450781277445435393
448429103004127232
441286571220676608
445127995330527233
450466147079421955
450201074293817344
448430799075823616
445849047585529856
442954750246400000
440870489221652480
440877961109983233
450502831683166209
450201986504597504
450395472482414592
449475241967108096
450648861145858048
440870496817524737
450564634538688513
443693106261921792
440989095133581312
447977607305252864
440694337748226048
450140182335877120
441017749242781696
440871124906147840
442337080627462144
449896416236666880
446962134862528512
445028419005190144
444228394310320129
442790383412453376
439766861056446464
446345314232844288
450575055706423296
445348611417587712
442790431512752128
441182608513576960
444939055231279104
450603029101047808
446275156114419712
449508351685447680
440887253812776960
447793894177398784
445893696677232640
443094747742502913
450431525880733696
445749975394160640
443312815500062720
447013829839691778
450055909491101697
450599473715380224
446180367750283264
446100477629837312
441294644572590081
450213622070132737
440871865355997185
443813933401382912
444995663290302464
448430857863168001
440871584438296576
442083176991567872
450484703624450048
450451114484563968
443682498262736896
446115393740894208
450468879358504960
448610702207766528
440974118666522627
440925341477912576
442956365724524544
447551129404977152
450718380165963776
440875042847477760
443247159387758592
442103290969341952
448433907675836416
449138490375421952
445876350016958464
448872745846054912
444423215083835392
446475476588982274
449722852824973312
445842538402811904
450514726062018561
443919235484381184
450526679090614273
440868261400698880
448341740043239424
440910558380838912
440876830112092160
448343689715519489
445384502634745856
450600888131133440
450148763328192512
444431174640107520
443305787210080256
443718736894107648
440739708272771072
450699263778234368
450151843792838656
448598051502833665
443063010462953472
446477993590796288
444972075287986176
440953350147014656
442740963694243840
445849418978168833
450549037775589376
441041862304858112
450597396230074369
442933539982823424
440911056743833601
443378620833476608
450635474223124480
450287861724905473
448434273565949952
444780308781465600
440939596835483648
440875030155493376
450647863933284352
441015875265921024
450783944779124737
443063266374602753
443727709404135424
442943745064177664
440289184239353856
442801748382875649
449158026100879360
445900307114254336
450604920409174016
440867861884850176
440118328506712064
450608122999357440
448129701304090624
444785510762815488
450604765290840064
441529515332755456
450562723957309440
441161740307288065
450681389361291264
440886351227932672
445860042823434240
450479648380440576
441909134968238080
441257759757987840
442906448566448128
450619503354085376
450523760546697216
450616113609834497
440882674224230400
447410242520104960
442789774571868160
445892443469516800
450644405175980032
440884419390210049
444940524932186112
440901439066357760
444168578984448001
441484114391085056
441318468202139648
450532874857377792
442934698306981888
441005805262090240
440876660582133760
443739350522945536
442103453754474497
445852722512678912
444176294217928704
448774343804604416
440872121103708161
440487576156528640
441018097533603840
450733824377622529
450304118067040256
441031523601776640
440100499761922048
441217394258636801
440887170761371648
445712891971244033
450597057578172416
440313269988126720
448549084623020032
444190474254172160
450566698484391936
445090162377101312
439632793568415744
442975080805859328
448546226708160512
450460570378977280
444194507957886976
440910089701310465
450218187872022528
444369645584146432
443721056281325569
450459246266548224
447035104389783552
440876885430796288
443833880131293184
442588045728952320
441015651004854272
448168254331424768
450610529158316032
449057474184626176
442939580434882560
446040326218604544
447454213149589504
448908511230312449
441025630982123520
450172639433093121
447939078067994624
444793583879471104
446127967409025024
446705737608470528
447550255056179200
445893326416670720
450680629726683136
450739676735762432
450554988545470465
441256629590577152
449662246759976960
450680141442990080
450596267329351680
443891879843991553
450195320136146944
442799470275620864
450454066448322560
447408056964349952
443732611782152192
450597350591832064
447196970122084352
441217743921377280
450526920573059072
441018792882098177
450599269687230464
444942293615656960
440939293834747905
448917300381368320
450280891928309760
447178393797537792
450483356472709120
450662521100591104
443735601070624770
446961545889988608
448872873693032448
441210885961289729
450586773237039104
440927387912400896
440915391200894976
446652967446269952
448348107936661504
441093654879674368
440160425054056448
441016294494572544
450556746826657792
450453616047173633
441615288954810368
448192066657333248
444182763818590209
450262306879180801
442802506179940354
447220904448098304
450165400102133760
448260628398882816
446068746767986688
440880517320159232
441700511658438657
441664310071156736
450673662748684288
445915723538644992
446726743819554816
444328306200956928
450674160348323840
441015500428939265
447295985958416385
450654523816960000
440886977534369792
448610124551446528
444357255396225024
442822826903339008
445649868363534336
450573684051550208
441104486862696448
448370501262782464
450464724870635522
442958520657661952
450729096801042432
444371257107046400
440885453089030145
441754992370671616
450738354234339328
450165462274289665
446998708388110336
445124055167799296
441711310716141570
439703616824557568
446599659210166273
441617583507124225
442359924249489409
446801515521384448
441275596404846592
450600044157104128
440874568270757889
442807495212269568
450436296851218432
450717064714788865
445985277648330752
448455879072182272
440874791566733312
446650040946532353
443319348589912064
447853199446126592
450197587719888896
450412021398245377
446227199629078528
448206411948752897
440985801761890305
449620852121026560
446645955463761920
441240736072466432
446090000971481088
446659165050929153
450629019453509632
440883218447728640
450565948844806144
445020417346904064
448384335146938369
441423135502770176
441360061110448128
444181457779822592
448073698684452864
441314180076154880
450168976229011456
447404760879362049
444194836846247936
442337286999773184
441767085295693824
441328565926526976
448804405140127745
446314449188569088
440121189965774848
450436584974741504
450676856627286017
450601737791885314
440896719895543808
450535251916640256
442941203382673408
441068021700784128
445941488485404672
443261605095419904
450538199878995969
450755147673907202
445051795320995840
441124727860789249
448082994361020416
443835911282102272
443863041822584832
446265473399660544
450630350130012160
440805171418120192
450602251003121664
449801688061202432
441031449081548801
443186563871039488
443048722637651968
440938866389053440
444367804498583552
440870486734417920
450599678527025152
445972243391467520
448453072596271104
446688246639374336
448370388234694656
448489605084372992
442047081742491648
440871211912798208
450451252166815745
444202902140502016
446065318205485059
450673394774994944
443716835976810497
447436835447668736
447013904502095872
446257374215434241
443720243941089280
442966360293785600
440867902468931584
450197031228047360
450258597914869761
450609178155835392
443889806913708033
444268200545357824
440897809298886657
450294314141093888
440879174463807489
445383985342861312
448053997900152832
441743267655208961
450748889935532032
447431547797643264
443836380817260544
450563737485725696
440792704226557952
449100963706859520
441203210641211392
440982427003912192
441016247786815488
450451070641119233
449523960867074048
444235040705490944
450606299223322624
446532070190616576
442965564894756864
450628284309446656
443833890952597504
440920630871871488
443382749437505536
446471702101254144
442347194444967936
441066028685328384
450107839630282752
443778381625040896
445121980509847552
450625415774609408
450599435802652672
444778378906701825
440694508238290944
450588780639313920
450169785179844608
448807068359593985
447635025711095808
446508425917112320
444522519442497537
443412418778001410
448675466916810752
450781106829131776
441159359356076032
448103482407395329
442664327825207296
450270974098014208
450600111626678272
450447656016289792
443073129100099584
450291204723187712
448882116638408706
450158028440862721
441179979338874880
450219940113838081
441316547760758784
448274957051916290
440117725235806208
443735930856546305
442804572256751616
446030821074276352
445996982260498432
440998235570577408
446539541672116224
447421257525784577
450532846646464512
450408711832363008
442936124148023296
449527484535828481
441615686167572480
441700561017004033
444389243687694336
447938516811382784
448242835125723136
448372258869108736
449475512961101824
441710141335805953
440877347051302912
450718781371723777
446340559146606592
450536695021068288
445036505916928000
450046079292436480
443865215357034496
449256095123771393
448585934083084288
450400252990730240
446589715630653440
440909611151785984
445934349783814144
441828244195528704
446227307720474624
440982392870686721
448435124674121728
450479818053009408
448547091397500928
443216030379167746
