216905108829638656
215126673224503298
214651574423793664
218441024735952897
208671748294590465
209563792911237120
208471599119212545
212342537778765824
216183572183265280
215797661821964288
212381451172315136
208631392643465216
210350868648820736
215092068316495875
213056586611048448
216108509341827073
210427169065799681
216028373179305985
210787738390233091
217355165345386496
215889196559237121
209562922588962816
217462986334416896
212284916078084097
209698465868038145
215801191328776192
214617393627021313
214656259717201920
216560833914867713
209568469195309057
217900872691224576
209467750131838978
214530180620877824
212384725648678912
216901140044972032
217084272442482689
214988704211673089
219136946520330240
211935078182436864
211074454770556929
210840147632201730
212974341497950209
216089030742376448
215888760263544832
216002473029140481
209583126782017536
208693263731924996
210421787631173633
212342706142330880
218147032253206529
218684442984714240
210425296749465601
216184214570287104
214753750970146819
208667161827356672
213456788492795905
210429577556791296
208669059288543232
208636973538230272
208670123744165888
208911646897356800
215829755960901632
216073231642263553
213156610518941697
210793902901436416
209750203614511105
216293257750130689
216547695567974400
217935434511159298
217457803558793219
208377976214142976
218134517456699393
210425292483870721
217383485126619136
208693347869659139
216878422360731648
215799588244832258
214655762012712960
210432614388088832
214772493662167040
210940333436047361
217573718388506624
208507785351147520
211916016677171200
209248225595625473
209958254346899456
218440825720414208
210445094350888962
216081368029986817
208547858692059137
218063303342170116
216493505634238464
208621382588825600
215085310273523714
218458910238056450
217349957798207488
218847335575326720
216878973743935488
216187628758892545
214659332908912640
210463711440289792
211942528038080514
210792408089235457
208584574740086784
216861423484153857
212343223014801408
211950732075737090
215888332289351681
217174302066352129
210725479601283072
210960226504024064
209085305393922048
208579736677519361
210425303019950081
215366422837198848
214358014336040960
210136435762802689
213258823203426306
210734123134894080
208452877188997120
209993305222676483
214432279508942849
217669894890717184
210725606038568960
212428648874131458
210451496809148416
215859468485931008
214623692964114432
215833323732340737
210003927171727360
215150785590337536
215092129276493824
210422846579675136
216144800649449473
217463420088360962
216100933212450816
216895314844590080
210425311546978304
210041026759499777
215951038073671680
217462983750725632
208962801467785217
214418414847016963
208978470657724417
210349648320274434
218709097221066752
213218121132154880
211928181853270018
215900422865559552
215832839432835073
217906080888532992
214739588089004032
219082350288572416
212411649762668545
210425297022107648
208693354043678720
217303774325243906
208662159981424640
218836855414734848
216644915457826818
209203785082478593
215817875494150144
217467253854191617
213056590675329024
208652453451792385
210425310657773570
216015344840613890
217506345522429952
208676258215772160
216075706126442496
213110284884250624
210425309873455106
211787575499816960
216225859680468992
218034448132870144
217901632988520448
218966128444182530
216168786796085248
214630628530991104
216925062077497345
215796993845506050
214702329641971712
211938399500767234
209776572901769218
214831146893197312
210485900579311618
214623547820224512
210426254690746368
210501561753927682
210794879947784192
215991354856194048
215869395514310659
208678807316594688
210499726372638721
216119456563347456
215930925639417857
210492176612868096
209724468522786816
210470375413387264
212021992650579969
211918092647931905
217904737654288384
208596415964909569
215479874129895426
218831865606447104
212469215754592256
217657103811231745
216227532427624448
215925712576712704
210737035382755328
217822810125512704
214355298369024001
210463706029637632
215392809908310016
215127497292005377
214836556576456706
212353040613777408
218754475417014272
210044006506303488
214002571537432577
216476391884079105
215925888397750272
216097378594332672
216557161650733056
213214830524502016
208371772284866561
209188513021833217
210820871676370944
214627110722088960
217695283289661441
208429358900195328
215713399986864130
210784648006078464
218612375815860224
214206521247141888
215806387496820737
209812343243276290
211916443380482052
208774377045635072
212021873591062529
218831658802098176
215869190664503296
209996158859358208
211005288264896512
215080512681811968
211099087351717888
217230999564722176
210452417991540737
214358423800782850
210103762046554114
215932928440545281
212088122006175744
208587696774459393
213702676058341376
212454381822550016
208669393947856898
217422456074416129
210534153295380480
209779985517527040
215128700319055872
217443612420620291
218443737670483971
216090611978211328
209588132750958592
210483712557727744
208964200389816321
209005979445108736
218812317842944001
216085316665221121
214048493935923200
210463749860110336
209252188814442496
208796054525718530
215776198314307584
216205860790218752
218471106938544128
215820820533100545
219005230367514624
217663713208049664
210170780590407681
210866691008241664
216915937264283650
210425291296878592
215798090957996032
218440706908372992
214617713669189632
217900874163433472
210426223980068864
210425313157591041
218440819928072194
215952925887971328
209606660002553857
214361154791813121
218188377353232384
215135551995641856
211224415143333888
211979789442088960
209790773699424256
215937141392416769
214617334361501696
215900769717719042
208661710163296256
208383723257872385
216327679031508993
209790002249478144
212429566436835328
216881990782287872
215090236965916673
208601506553929729
215428923671060482
209060783563341824
210463752674488321
218118872631492608
209009868613496832
210415804410372098
212527193144832001
217903034833973248
218737341135732737
208484192642797568
216414400142262272
209693498931286017
218603345852628992
218447420617535491
216830658276888576
215797681140928512
211952770801090560
218449978463498240
218147622412750848
214617604512423936
218750515243253760
215099870804049922
213049850508476417
210330581337243648
214617565346013184
216894858466574336
217940054952259584
215797191216873473
211926461513347074
210741125504446465
209756558752612353
217246575691440130
218602936807342080
214956170006376448
208708067083300865
208370555865411587
216112350468640768
210429749581975552
215891306474512385
214633348281278466
216685578756960256
217387919764238336
216111307676590081
216075485665435648
208628066648473600
214428944693346307
208634254660341761
208593216784707584
211919351723474944
215890151346405376
218602257481072641
218616975558049792
216885712476323842
216072791932407808
215085299926175744
213049329429131264
215695862435823616
216075486382665728
212067984431255552
212478834241568771
208596302865506304
211917798228766720
208583148659933186
217057274395500544
210428580251971584
209630769671450625
217926576535379968
210699954770030592
210428359191179264
216544759269961728
218173929204891649
209594134992920576
213472585428647936
212603267459461120
214621245881335808
218671862513803264
218752031668703233
208595869090590720
215806497274343424
216204645125726209
212264006394720256
216079295888629760
216244185320259584
218341405439967234
215794421373997057
211005196795510784
210427681093853184
217670742484070400
210425290567073793
209743122148765697
214901783624024066
215797575222173696
217941250312126464
214355766453338112
210463771804696577
210482208752930816
209693732885372929
216771276591738880
210799219144003584
208457732989272064
210058469229867009
208998184293380096
209736383315705857
210431371909410816
215869098796654593
208678708997926912
213223839423922176
209995715097800705
217912858846040064
210370662185959425
209629963828211712
218709659928895490
214620003054518273
209041957207556096
218602666790625280
211948238150971392
208553510785122305
215854736149200896
211923110079905794
216120951379738625
215888760385175552
215832567088283648
213553561739591680
208525918614986752
216225989909426176
214630686253006849
209026529844404228
216490866150346753
208652455381172225
212157723788328960
217231950837071872
212357841615466497
218816688278343681
216113058798510080
211915664296906753
217928025076019200
210429651485605889
215891599278866432
210451898589913089
216074112957808642
216087138658304000
210416199174078465
213056593732976644
209779071771607041
211922238881017856
209016145594953728
217324375991533569
215797660962131970
208596294019719169
214618528144297984
211941157238878208
209563887652188161
216074590538043393
216136858072121345
212342401610690560
214530135917993984
209739759562653696
216953552004841472
216072793421381632
214865649724440577
210425300494979075
209723857769209856
209591612806922240
215832547291172864
217569800623357952
211955674312212481
216119928271540225
210446589192437760
212293125836775424
211197395621519360
215937073465659393
218581367083110400
216007224890363904
215788496600838144
211175401475682306
217397394743111680
215888759953178624
209768902526369793
218356525826179072
209696951636201472
208637074105053187
216086127399010305
210662134701506560
218146745652219904
215804038841778177
215822991043469312
213358321699270656
215127902885392387
215978987825008640
213061327009222656
217171326069252096
216077082629906433
210493637279236098
212368483776868352
208661800118517760
215918008739172355
211074452925067264
215797662786654211
215812320000098306
209945897189113856
216196078205288448
218603749537619968
215923125236400128
217573271430901760
214718050191163394
216077608906014720
210423709918445568
215801690987835392
214712920767086592
218617881309614081
208561302900183040
216164896231002112
210425312268398592
208543552391745537
214876905269243905
210366751534366720
217380516159172610
209918901960716289
215894131053043713
214617218921676800
214277169352941568
215970621753012225
216076207094116352
212361078666035202
218262838668574720
212342236694847489
211955681803243521
218818914505850880
212046315801149440
216099992325197825
210961496530886657
216086822982397952
214358988261818369
214156040965603328
210425280047751168
218172096877039616
208586286821408768
215438252520382464
214533902159716355
217921318992084992
218632765321658368
216241682042204160
213056598246043648
218290404603342848
208664062853263360
215028400149106688
217920284685119488
210729302818430976
211822366194544640
215126245883654144
210425294459371520
216083300387782656
209605466559483905
218882623215374336
216879490989686785
211932698376278016
209563459346632704
216276438402342912
216672364644143104
215237103213215744
214695139514392577
217512060144193536
217617255146586114
216088796238839808
218113590878666752
215965336741224449
211573489528881153
208599195211411456
211935082498359297
208917481354571776
217572648601915393
210599352266272769
209620529513107456
209704378691616768
210896129498423298
218918918985748482
212284422358183937
216833203955175424
217187342534983680
212099045211123712
210426468558307328
215855325058826242
210022726092591104
208608883424501760
208792334123544577
215886695327993856
213969422023524353
210042329728425985
211828924089503744
210347043326132224
218271182225543168
217901408513556480
210010849736269826
216094135260684289
214620568757080065
211107002846425090
218695366386794496
216206759667314688
210011909422985216
213056595444244480
208641168081297408
216146228017246209
208598984799961088
210044728044040193
209251040867008512
216072790468591617
210429745777737728
212173871586099203
217989209217171457
211917407248330754
208930145577340928
216183798138814465
210865973618688001
214654943439761409
212249238522966016
218771012743987201
210427793769631745
216068029958717440
212381036867366912
215459993388982272
210053502246985730
211918959035944960
216074583705530368
209234486800551936
215934665175990273
214432764903178241
213056592206241792
210399495836536833
211183077530148865
213178456110923777
216207551052783617
216496405492146176
208593545840427009
212071688383369216
211916384106577920
210319911195652096
210425295243722752
211008742060339200
217920293908398080
215126667079860225
217727559968899073
208584870677594112
214872661837352962
209564446648041473
215188451891482625
216209635953229826
218565024476708865
215543994925596672
210816394332348419
214634811875278849
215790990076809217
210861441157300225
210059710102110208
217107369010794496
218275984397438976
218756877029351424
216657206811168769
215052583272853504
216105821334011904
210454729166307329
216097329118330881
214042070476800000
216161491919966208
208460409160728576
211929885353066496
209632496466407426
210502249099706371
208566610812870656
218056696554209281
216498860263084033
210427791869616130
217172595978670080
211827807192485889
216086791990685696
210425262641393664
208471319262674945
217502818796453889
214359640933285891
213345464764997632
216940067556573184
215889250556715008
210429682611535872
208446855716147200
216154904711020544
210423168928710656
213121338850816000
212478304098320384
216007587706048512
212059108415778817
212003179989180416
215080435489841152
210453626915782656
215997326483914752
209562897171492864
209676783472218113
210430402500886530
217902067338051584
217390161166737409
216076747832164352
216612009926594560
211918187850248193
216051814951424001
214879750412447744
218616123611021312
208936067905228800
216206562631483393
210436269895991296
209723566906818561
214619783818248192
217901369963708416
216359022100623360
214622020393115649
210427866578563072
212475074949808128
210472655336390657
217242599956807681
216799404370313216
218031046946586625
208669136841211908
215793443971149825
209625659595698177
208571593281114113
214633970846015489
211927508336132097
208713756396630017
217229416550498305
215888761068847104
209790774462791680
213061331190951937
216249578792558593
209683438847000576
216117377111306240
208910875195744256
217485243312111616
214632638806372352
208588931271368707
211981676371390464
210372499404357632
214618101122215936
218616277407772673
215888407564529666
210439264201228288
218457104267227137
216530568941277184
212350111651602433
208721537749102592
214324163752632320
215687231208296448
208868656069873664
214623387585216512
218752288280412162
215750132916948992
211624724231495680
212566902390784001
218109383173865472
211231229859741696
210425197541601282
216169060017242112
212348100818378752
216087782857252864
216589745537560577
209563462987300864
208661874361892865
215953847171026944
218119344251604992
214621620998914048
215870741592289280
210274559377682432
218446692998066176
217225786166484992
213474176932126721
210452063556083712
217939930310123520
216072791181631488
217948432399216640
208353663624822784
209631149037862913
218034650034085888
210468506737709056
218699076026376193
217372361832402944
215375888810905600
208664631676370946
218671103978127360
216206508449464322
215090200504840192
209650854511378434
213061329097994240
214529399549198337
210619234420666369
214652443097694208
215556099955376129
209674481977925633
214866119851393025
208674777957806081
212347859863994368
212021034700902400
208979817641676800
215793199912984578
215816614086582274
217242459397300226
210479952544542721
215521905250279426
212647064675418115
218443077688365056
211919558427148288
212317910297878530
210397659545079808
218220472599449600
213959053196533760
209957578212507648
217645147649880066
217995159328137216
216183897086627841
215131855626842112
213343493685379072
216075487288639488
215124787759022080
216952103543902208
213066889264508930
211312108304994305
208478715963908096
212005062048878593
210463758844309504
214428942772346880
208430922280861696
217355929832792064
216622996088041473
215133738345050112
210428600959238144
210042313819435009
212741204654297089
210425293784088577
209767378320506883
209825715800125442
211099738387390464
210274676117737472
218060688478842880
216600400688726016
217471610087677952
211921938212323328
216307815411752962
218285942644019200
213468501518729216
210766748432084993
210360441262706689
208634041795219456
217915548959375360
215792351451414529
216949498289733634
213056923124240386
217231695215206401
210683713435078657
209589489193074688
211174250667716610
213452452723302400
215814675013709824
216950092710678529
218612707480444928
210828394894589953
210463759821586434
208963731235942401
214052757974433792
211948786291970049
215922804162428929
