600995183006724096
604365633162117121
596538309645627393
596337953426792448
597017459653095425
598439618179129344
603529385165991936
599182327739060224
597449781573775361
597418041102573568
604337241683554304
599415927923298304
602859231587520513
600242330390687744
597788060248612864
600160764129738752
598758520251654144
601139023676055552
600226809297272833
604169407946964992
603177339502092288
593954033401864193
602739623706636288
598117861719158784
596814969938771968
604568387398811648
604335637798367232
604123170526883840
598091477743341568
594794063657852928
601812766773481472
601710364321972224
604439181968818176
595872599600672768
604361594974294016
596906199473324032
600227085244698624
596145379688771584
600850336685764611
598141386848776192
601595399711784960
603851953999880192
604251188410736640
598850754775011329
604568365810745344
600974249948418049
595093288526438400
599146187514601472
604568383888191488
601819511772344323
597799097949556738
599192974543695872
596713043326849024
601813406241415168
597721415698259968
597495163838144514
600783060250955777
603142263355609088
604488123872083968
602202520782508032
604488099494805504
600951368052912128
604243755080667137
601153483920670720
600204041386229760
597291287423754240
596915024544796672
596789638569660416
603315939589935104
596109041249693696
598465419503108096
596337953439391744
601631469786771458
604507926498152450
604568602394640384
600272345291329537
604205883518754816
603828769401470976
594994434279899137
598467678450360320
602688780634628096
597629829974888448
596259095700705280
596906199590838272
601131280349188098
604334504132624384
598614639023362049
594747474830430208
603004255025274881
604040047432716288
594891561411837952
598075784729907200
601280929936510979
594959684139909120
598387084068519936
603310102502838273
595389561070452736
604343430098083841
595626120092979202
602596547176587265
600474374022373376
602214581453398016
601597567890235392
598862058545897472
601025995949404161
601499062123139072
601072727013863425
603595599636787201
598939739958423552
604008733899804672
597788060286345216
605025285931696128
600270052139499521
594976740327477251
595357841122324480
600344386170331136
604661655352414208
603507934270730241
604372304571686912
598901593828909056
602586959987347456
596251855593832448
605024901926252544
603980961806721024
604587490050248704
603639650725470208
602979384518119424
602645633091117056
598729244093493248
601735508356542465
603620615107522562
598093350848176128
601599213927927810
604457329250185216
604395851105067008
600755824663760897
604508095935590400
596939172805537792
597878133199626241
603239286687727617
603861412574863360
604333156808843264
597418218836234241
601595021133938688
598134251217821698
604358158774063105
601598622950629376
596634119867604995
601032060489191424
603145920981643264
596679984644624385
601056304988291072
604166239712329728
596616997175164929
605057836834504705
604094263677190144
601045525459238912
604345101062537216
605036900085297153
601575547500560384
599393073404182529
594785291933773825
604683298112049152
600227043419250688
601611887252385792
601153479101390848
599650340204617729
596907794546065408
604342488262791169
604317718397980673
604067921980055552
604365671003197440
596915024813252609
604340877205585920
604366341630349312
603894448423075840
604270104600285184
604441130336436224
594793212683902976
600974280931737600
597080804561326081
601036097272053760
600208323263078400
598757121178624000
601576985500880897
603478594153795584
604259723588804608
595191078640312320
603913569126772736
595357369183285248
603118997727416320
595357237767512065
600981695165247488
595908071702003712
604368652205301762
593959760862543872
605127946580434944
603502996723380224
601137214127546368
601912222474895360
601595018634080256
600661626279309312
604395832281014274
599467745193893888
604508020433911808
599263835913134080
601180743172100096
601243266567294977
600292984282681344
600949475905970178
599401499274383360
598073637980221440
596273412441419776
601759491156275202
604371459302023168
604359374794936320
599701020562841600
598414071700983808
600236786086858752
601013263636107264
602852541207031808
604334941376143360
598699060221054976
600911614578036737
599065953352036352
604508284503138304
601652746295582720
601055407646318592
596620395232374784
604039760550739968
597603055689838594
602967717335957504
600276214436102145
594141081631076352
604605854210506752
604368516939022337
596321019826024451
604508244011282432
597679171788099585
594215161428324352
604340983455698944
604337525587464193
598585383916589057
601908263244812288
601057212027527169
604206967855452160
601644115827228672
599558182269284354
602641729402044417
603919308939513856
598698757509619712
598712356957388801
604568592332533760
596634119901151232
603290148306956290
604347568886173696
601596174072614914
598627236116213760
604416645478662145
597330222074228736
601838226853105664
598602213573824512
595970608703373312
599468847213711360
604373865087832064
601198532637401088
598469160922779648
596224847648284672
601776315285577728
603145650541178880
601925552807645184
597914491087626241
602239227875594240
596283622535102464
604296292165140481
600981794104672256
597449781296963584
604373280653479937
600786488855519232
604568630060285952
598660546750087168
595362195598286848
598526874059407360
604353068335947776
602937207553335296
601751562940088320
602823539377438720
595192666268143617
600217424349241344
604335041284460546
603868758470438912
597208189822758912
604953273439780864
604038272805806080
601384434802167808
604337503538053120
600974245447897088
598542898477412352
598537836627898369
598353201230929920
601133565493936128
603142123542552577
604483784172433408
600683980262871041
604364615523303425
598192882814562304
600839493873246208
594312459273437184
601039614737031168
603978000795852800
597799109160906754
595357088349564929
604568631326961664
602705243751600129
604217886387888128
595096781421056001
604954679492100096
600837598936989696
597361259391115264
600245406887469058
599885032019267584
604508295144062976
603280610635821056
596473629694558209
604579988269080576
598490938877444099
604781620902686722
604396647422910465
604377354341744640
604686614053322752
601826756987719680
604416636691574785
599398148402974720
603953830515089408
601499221091487744
604685836605657088
603924392255488000
600970795016294401
596961563862540288
604402473965506561
601172317394247680
601759364093841408
598440009897746432
604488092129591296
603557971881271296
604024178279211009
601259421507801088
604735991547613184
604334053916041216
602173883895033857
598440496399306753
604365973320290304
599665217132318721
594454853226799104
598974532259569664
600979903450845184
600958490761302016
596111526911713280
596426732867088384
601600395161505793
594391397060317184
600300359890919425
604395828694929408
599401653192806401
597051105164529667
598518659133366273
595356829045170176
601508104044417024
602160275450650624
604441007413993474
600987198305873920
596333419040243713
595172337663619072
604340875641114625
594984213096435712
598551783061979136
600282920566292480
604393356869783553
604244564249960451
603847518464548865
596604422228021248
603315362319458305
600566872468115457
602451639782486016
604372381130301440
598294999898279937
597751074448093184
599288951233486848
594071407769845760
598111798571704320
596405454579716096
597682276554637312
602668627779653632
603378376104124416
601054981911924736
597214265578127360
600666508058984448
601597295906398209
600262015622500352
601320269572087808
599378164943552512
599948788866752512
602892564782518272
604568625891131392
595453045326110720
599275098994970624
603590873788633088
600753827772399618
604340921463869443
599468803857260544
595174499806478337
600406221233893376
598073136928657408
604333539530690560
604508045650104321
604610012695175168
600595305256656896
601057320831848448
604197270712684544
603383961818046464
604158731807367168
604393165261438976
601342615783485440
601031803193794561
603416476880510976
602994188582461440
604200300019343360
600977834069368832
599229850390507520
604024066534699008
604369155752468480
603629244107923456
598085294043189248
599209134001651712
598414186159468544
601769605921669120
604340934151643136
598517067088814080
601045050781528064
604004796257947648
601061470873513984
604327688275378176
600230429514272768
603223106442776578
595471125573799936
598254792650067969
601006537666998272
601287452754481152
601670619923652608
600295362717470721
598720367314665472
595547154237751296
604199906467811328
604377482532290560
604272281058164736
598231004847804417
600820537762263042
599456816246820864
601708615720837122
597208189919191040
602642216155123712
595571410313043968
602588884921266176
603490686315429888
600991986523500544
596400492961398784
601550124116938752
595032444832772096
601001888721596416
604441149965762560
600843534539829248
602419200238481408
604145650075238400
604039706276413440
601597639503785985
604600723289067520
601320642986774528
604368418217791488
600208901938794496
600319082458718208
596658363922001920
595520052859899904
604372604787527682
597212085156732928
595026066499964928
602876242887577601
601767742790868992
604954295168081920
602607220589600769
604365604326367232
604782592555020288
599260979650797568
600004848696827905
597360160433135616
604344849479962625
603126564595867649
595517897608458240
601945727581884417
600333884878913539
599615461223968768
597855474394996736
597678236491886592
599226858723414018
598232841172856832
603423858012475392
601596375902527488
601614393147785216
594806096147193856
594118115165806593
605049721472843779
598605909984673793
600679148328263681
604363773005156352
596277801264644096
594993893885763584
597057193775636480
602582160021684225
598364433950212096
601055808860856321
602124142415056896
603067619705520128
601310970175184896
603315353716977664
596511008782295040
604636908363386880
600268977244213248
603968919276163073
604365619115483138
601597580695437313
603214057332731905
596981693262729216
604682928606560256
594959234258853889
596383136868601856
601548349834158080
599475329565073409
604147787878535168
597210137263218688
602590587439718401
604568621461991424
603980227975458818
603491943159574528
600979939878379521
604372506099634176
596571991114670080
600096586635575296
604395839566520320
604228373087457280
600944459807756288
604372273663860736
595406596701749250
598890522179174401
598565587908886528
604339316085510144
598437914347974657
602006547426840576
604749781894840322
604875384455200768
604046585144709121
602024511937060865
596281005985628160
600227557514940417
596658423552421888
601597898791485440
602652512689254400
604367951030927360
597718115598913536
602937001529057280
604250572917723137
597593555255697408
601406671546667009
600939475078905856
604365666167177216
596234538595983360
604488106763558912
596745622964805633
598483685311033344
601868054184796161
598068761162309633
604584226902581248
597905350059302912
604744706107547648
604508269563023360
600427955043479552
604414681613082624
596337829073924096
600577532757352448
604355371520548864
600222714146729984
596653148376207360
604366007335931904
603315140772155392
601433027277770752
603565844023615488
594998096150568960
601127098779049985
598665883414712320
601794050472054784
599264044487315456
594789105365557250
604372875739578369
604582162302537729
597626923905318912
603074915948888066
604473198118236160
604369508770316288
603922516118220802
604364364775362561
604038063111696384
599139606232047616
601173298668437504
604376148320083968
601601262241640448
597728906972631040
602595032504340480
601820446066024449
604170289509834752
605038716701278210
596617882487922688
595091743009181696
604162628173324288
604365661326950401
602586780232065024
595072411298500608
603979359960064000
601308674175426560
605036319610421251
595794975192932352
598408819622989824
600282759353999360
598209951056711680
604919701148430337
604349423062274048
601055047535984643
595766182822608896
603904537708122112
600433044999143424
604372625704411137
604365680641728512
604336940020695040
596957756701147136
597208189810188289
600419827019317248
603498498374410241
604163765937029120
596177092829515776
603783750103769089
601597901702303744
601003531924054016
597085529012830208
604372535602348032
597401703831461888
596915024880349184
604190811475943424
603983379114106880
596790375022338048
594131371091750912
597414801053077504
601326755194875905
604538580099137536
602915073082925056
604568623718510593
598292284719763456
601049096518901760
604441048677527552
603533727495512065
603410136686829568
598559519166341121
604634740017086464
595199579563241472
605129416231006208
604391133150580736
594465464425816064
601296912625455104
601738224944357377
601372075152908288
604568627090702336
604508267256127488
598467661819944960
599309475976122368
602079955036475392
598517733941243904
603881618554621952
603517923743965185
604747298996920321
595183665505824768
602004422626037760
604416579149766656
601055888602988545
601890485565657088
598456133783715840
598095291233931264
596704738755874816
600974282743623681
602123724322639872
600227720883212288
595019198465646592
597057194098618368
599510205878140928
604463379927986176
604086031021948928
599131254735310848
602641922465734656
603552293892562944
596471870322446336
604379962276061184
601626800934912000
601387011627458562
603529864281333760
595624432682557442
600245343121465344
604372885713588224
602628309764149249
598516600434659329
601600388379193344
603148005844258816
598725798032322560
598084837153513472
596587922452848640
600110436676182016
598755079051685889
604595121670098944
598458759460081664
604344780173123585
601194564183961600
596347451407204352
600982319663419392
598340526480326657
598463219204775936
596580821789708288
604478563614519296
603378413588451328
594809414227492864
604515947915956224
600825597984661504
604416870352035840
597387553860358144
601597812053254144
595693040746033152
598231257613492224
604413562971271169
602183216640851968
604416627204038656
601024839596568576
595972545888657409
601275137221140480
604350764190810113
604416630324596736
604361926244749312
600820689600319488
604572456905523200
603165491020967936
596659601665318912
596981693283704832
601756956878106624
598965958426939393
601606209720823809
599402859998945280
595357678962085888
604852308048896001
602573463937679360
599879339690176513
600239293760671744
602166958054711296
595176945823916032
596961800433827840
601597724878884865
596403374741954560
600684282873450497
599067373434462208
600662972978069505
601812865683619840
604242192702521344
604703103158394881
602400182974582784
600934240017063936
597621832469127168
597208189982081024
601135158054494208
596906199792123904
598566208921829376
601372951410159616
601282650125438977
604509132603822081
602838280284045313
601597609036402688
604333156997574656
598538788894212096
601007005017321472
605047536378888192
601817971892314114
604018255242469377
602823821926731776
604626579457634305
604702629965479936
601283916872318976
604029135439155200
595535427681067008
595277735284633600
601894224867368960
601202094385799168
602001339837624321
597245288563146752
602978231122288640
600406782855503873
603508971341754368
597442392925450240
604356592956395520
600703805580255234
601003780847566848
602949808832274432
598530848242147328
601371268630376448
604571843144626176
600981234647375872
597733899825979392
604377378173886465
604335237712072704
604914177753292800
600280633596751873
601364284988338176
599307105229774848
598411656125947905
602649029185409024
600790311204294656
596648391880220672
604549766014369792
601009651166089216
604429682583420928
600980811450490880
598074221965770752
603310817707053056
600786260047831041
599156521692372992
602267604384927744
602249217042677760
605084044615946240
595766509726740480
600498569821323264
604362783119917056
598346319451684864
603311798738096128
603333709509468160
604362621505114113
600844992232337408
603577479681351681
601600132069470210
598071849013157888
598147679378477057
596906753968607232
594805850809729024
604921537821593600
600229256333930496
599359625691942912
604429804998414337
603979643817959424
600425265278296064
595427209675993088
598875533867294720
604195891340271616
601180108892803072
603820921586110464
602148613146312704
600958110937784320
601036416269885441
603122803693477888
603301232380280832
598118815445188609
598703148623093760
601614332695293952
603526827878023168
601595223177895937
598826071321137153
596684738707992577
603270721926725632
604372610613383168
599234113435004928
595176778605449216
601815176892022784
600983597542178817
596655252415320064
603368088440975361
600797768601337856
604568591476920320
604334950268076032
603429653982752768
598219237631602691
604072274967285760
603594128534941699
602037026683097088
598260687962382336
596323463582855168
604050745046884352
596228933605060608
601375727938768896
600685432574214144
604176189805076480
602832632871780352
600974242428030976
600223004904333312
603977860924211200
603981860906127360
596390484106436609
595381090682073089
596962071591268352
600955612248317952
595951308756131840
602168702604185601
604568624775462912
600841921838206977
602123468042305538
600239986898837504
601396248931803136
604875842821328896
595193001254748160
601082213455663105
596678409767399424
601677678261972992
601055006217895937
597586550424080384
603148074588864512
602641880900358145
600820859641663490
594203708981977091
604367709212540928
594125392434298881
601595033733570561
598263961415364608
604416950308065280
604016661876736000
604340208948006912
604386910874771456
604119462506180608
597756954409345024
604163502438227969
594997511082893312
604441053714915328
600850414527852545
597771781479370752
604370267822014465
600420877285642240
605025376918761472
596363776334561280
595923374460788737
604368476157972480
604347699857498112
602306995832500224
594960181336899584
604350765742694400
603504200568446978
597057194375454720
596397210209636353
596404999040598016
600780589793411073
596601496604577792
604418532604911616
598401908072648704
600939585489731585
601115894962647040
605054138460700673
597638552239742976
600821346306625536
600321721095229441
596734179817193472
596998842060529668
596533145840721921
595632142446632960
598652827205029888
601592374175772672
604163580406013952
601055055383400448
603862012167327744
604345906062835713
595181339214749697
604307718183116800
595356008710569984
601163829788188672
604416893441675264
601597984867012608
595156434171633664
596469366968881153
596520315880022018
604372912125165568
602203026342936577
604345433209503744
601597903430414336
605072651581816832
604057185287544832
600677453988798464
598232637199650816
595747170600538113
604873001750929408
599220902853672960
600923644081131520
596284005932204032
604329001809661952
602823172799496192
600921500011536384
603437002575486976
596501645065723905
600269676413870080
601941774626492416
604372901932978176
596510185989869568
603083250005897216
595357736927371264
604271254531514368
601378238204497921
600633879603630080
600067820852903936
601460394180235265
604491057011687424
600740820321488896
601597573493858305
604440932306550784
596961563908677632
600981393703706624
598231047009013760
603847991858995201
603517605811527680
601254911087542272
604384658760015872
603901313060118528
600606031928918016
604334828675321856
600426932690259968
600288651516379137
604488075541114880
604367699053928448
602745555786276864
596961564189687808
604376912618766338
596332819225391104
601819073261867008
600969021094121473
598434135250739201
603509193811820544
596659819412647936
598135219233796096
602975993431609344
598604331798110210
595060499944878080
596580595372797952
596174989298049025
595536582104461312
597208190095327232
601661636269715456
601597567978369024
595972545905491969
602841160852332544
604512864661995520
596682726662504448
601597887659646976
603643275774394371
596693553474105344
603315001345122304
603320472600760321
596168461589458944
604487893202153473
605021712829296640
604365686127874048
604368386395480065
595755126452842496
602948078518153216
598141245547008000
604441085826486272
604517486860496896
603913570091462657
597449781858951168
600193737327783936
604096423718604800
603985960196530176
601594909922041857
602553472395943937
600947977079922688
602419713478631425
604046083619074048
604494926991245312
604340873082593281
601867133199482880
600196467706331136
601597570020974592
601818972766371841
603133435478179840
604333152207699968
601297195673878528
604063723674697728
594126825602691072
600238065970487296
597615141576908800
603219620535865345
603322436184997889
598516954874322944
600603914317078528
600676707683725315
603311549801967616
604568364011417601
595574794776551424
604372592540139521
598477079957606400
601631028554371072
595149742709075968
601132643036499969
596405758813581312
604370157394243584
604367713209712641
597611009109467136
599468284971458560
604508022040313856
600228857694687232
601171191030620161
598092706418544641
601137414153834496
601750408961380352
601813591499485184
601546783584428032
604364613577097217
601063427369541633
604362933976449024
598091522983133184
602478049242808321
604340877381734400
604340923749810177
604473186088910848
604469695433949184
604333129264844800
604365744189505536
603119546208231424
599509914902503424
601788051715661825
595199044491685890
604671871544532992
601124981007904770
604038623898521600
601661803316121601
600245406874894336
596693559861993472
603821610676682753
601202927986835456
595712207654117376
599579681646587904
595625992422617088
601545615382839296
604176567766552576
604999304286068738
602968770135523328
598424349817720833
601053541105606658
598715382283706369
604372601872465920
600987193172107264
598143242065018881
597681979530813440
604508272016650240
604365614405271552
604275492989079552
601130329282338817
600883404188454912
604790231397629952
601609214432137216
598061769643335680
601606184068452354
600231436759617536
596227437911912448
596490922952511488
600972022190108675
604039736475455489
604368458919337984
600411742699565056
602389191117307906
596079997854601216
598116878465290241
600940528595636224
597904415664701440
602833554771288065
593953842485719040
600436692189728769
596663688469155840
604334788363689985
604059176608792577
604488142851338240
601745004055404545
596476263642091520
603564400461635584
594127451128750080
603577305814806528
597283964194193408
596539953745506304
598470337198747648
599405340636139520
596256410125541376
596035044726198272
597769126166327296
604664504333406211
603416475592839168
598008936143261696
596994724872892416
601597571191185408
603477614574104577
604676809028972544
598974356560224257
603978390689853441
597347036820852738
598115533024821248
597116528656392192
604568626344140800
598135594368139265
603861877492359168
601164683484233728
600993993711845376
604374926741479424
604676967166640128
600980754957402112
603119288610787329
598440061257043968
595601613185785856
597799175842037761
601380231652495360
594787655524687872
604413728990334976
601232543040417792
604334510512181249
600539370752331776
600606715655135232
600238147188822016
602204117780529152
604568363000602625
603201461510541313
595367921238421505
604512280424919040
603849602765365250
602331047720783872
604164591111688192
598739413540081664
599529607554080770
596906199657885696
595770608773898240
602247037598457856
600967730628468736
601834544015114240
604579530754404352
601055195091574784
602969607977246720
603331295217733632
599173170709569536
604373001509957632
595198022377541632
604749042439057408
600687759892750336
604488113650548737
595779396729966592
604508075677073408
601531745687613440
597438050843684864
604565775769325568
604395817676455936
602828025697333248
601113757910233089
603310741760835584
596906405690478593
604009365289320448
601071634540138496
596333517904052225
602063738942816256
600989563234947072
604344672010424321
600428410863652864
604791904060899328
598249591113289728
604704889005068288
603409274715287552
595405583429148672
603310701822799872
597703699729899520
604568629083021312
604564228696088576
596388140492988416
601003440110723072
596422042112684032
596355818489970688
600946246669434880
596424262908583936
602960942884909057
594423696850329600
594387077304836096
604354792517828609
603939535513346048
602016023613583361
598928202430459906
598082362719805441
604508060778962944
597094668158009344
604370195629539329
594706239050788864
601126587027877888
596668081792921600
602834687376130048
604290863104200705
601597251643838464
600246664792657921
601656796344938496
600260805972525056
598562729796960259
594820900802961408
604166366099279872
604376671861374976
603119748444868609
598712572762689536
601320218087059456
594678524075618304
604333397792542720
601818430107324416
601080027623587840
597799176177594368
600679239457746946
598961357317341184
597401354009645056
604350442374569984
594788505999519744
598995084487462912
601634238744686592
598397304182280192
602424459639795712
602652602954723328
598783462116556802
597736157615681536
595367296346038272
602167120823095296
601598687417106432
604334936389066754
597904271535841281
598255353411686400
602706251907117056
601596725112000513
594979541761839104
598882965494603776
604268462043721728
603889247620374528
600427805906636802
597208190007246849
597279453274771456
594603030621786113
598091019217870849
597216664174768128
595118684575694848
599417471934672897
597593243375706112
601154893584281600
596369193852903424
596589648211615745
601159518463127552
594837528651419648
596168950012084224
596961564193857538
604372679752339457
602643665220173825
594524814594838528
604568633340243968
601596254389342208
605024933060603904
595708594672312320
597451204449415168
600988756003422209
600980683285213184
601597824682299392
604568400111804416
600296987918016515
600982789941493760
604382235806969856
597875104844943360
601543014398316544
604655188318617601
595589775391858688
601026033467424768
603900120418095105
599390093162352640
604636111369965568
604508448345067520
599074305260056576
603272179879292929
594791727468253184
600006466163073024
596915024863584256
600974278285099009
604918315195203584
604164212324192256
599473020596543488
604035187522035712
597451354185969664
597369522149040128
598100871122026496
603127679299276800
604166074297356289
597080108986306562
604365628460437505
599654615601262592
601597900662173698
594068574475522048
596431225713229825
594522771914412032
601017305699635201
604487899929821184
604951799670243328
601599507118227456
600078443468951554
604750977548165121
601160045477298176
604416671214878720
600583314441830400
603219447113908224
600239971237240832
601745654864584704
601647850972422144
596983418086232065
598404126737866752
604347784741838848
597602484920549376
604891022607261697
597449781221392384
604340854392819712
600946745401479168
602689395527843840
604333262476054528
601639057160941568
596142561850458112
595357075019935744
601615743856156672
604365639072006144
596642953650642944
600957531658260480
601546780770078721
598470693487910912
604473600658296832
600748104522960898
601208094954102784
594793774385102848
598921518999949313
604193257942339584
601948056750198784
594215604913086464
597290146753486848
597449781787648001
601820900564996096
604616653826048000
603310614136619008
604528833484554240
598724708750602241
601055158852804609
601874621693067264
603457450268729344
600982324713426944
600073420613808131
600872090544132096
602506269707108352
595538654833070081
599274668634329088
603421090774409216
603829005591031809
600518717664014336
597405220948152320
600982001961799680
596778120264359936
597765115140841472
600944191183564800
596022626348236800
597768651559870464
596981693275381760
601883005230063617
596657888493510657
595350573492281344
604365703131488256
601812735287001088
604395792032501760
603909559833513984
600952076366127104
594117988627779584
596337910082830336
595556456809799680
601195396979896320
601606945791877121
598409239799996416
604373697806262272
601639348359004160
598410575501250561
599605371385335810
604365656285417472
604193826035646465
599835275162816512
599460590323662848
604333964443033602
604388064119508992
604519087692230656
603058909281038336
602886671399522304
600239345346486272
600955211289632768
595608831515824128
596655801126682624
604346501691760642
602828514274873344
604334518456209408
600939104923099136
597786464303321088
603940829481213952
594786819063046144
601597582624849921
600978716529926144
601532577954930688
604595057908412416
604512396321812481
596654574536130560
601450505819131904
594412299085082624
597449781233999872
601612884582469632
594416935976198144
604508244334243840
602712212721901568
598812078820958208
599127369576755200
596334183175294977
597787009588064256
604355441762660352
601289376761585665
604379981641162752
597017458034094080
599209557903208448
604716772793581568
604597667013005312
601350430468272129
604792814640230401
597057193746276352
604333133878558720
600314585804099586
604441199206907904
600239077720498177
601050546951290881
598516958858846208
601612635101003778
594836007742283778
603956740284010498
601304247863476224
604395795752820736
604487855428247552
603848552905908224
594929218628104192
600759338530054144
600971601488777216
604487850344771584
601130944674791424
600850572971888640
604262068657754112
604040253008154624
604346471056568320
595232438088900608
597254109809381376
597407423918374912
600828360437080064
602655048024227840
599200759633215488
595173616901345280
595359030106816512
601859857000476672
604664066817335296
599421748652724224
601136577918607361
594046142020595714
598439938686849024
597082660075413505
600984952075726849
603148526332182529
603912385083113472
604964928382861312
604367658679549952
600980871139565571
600344361348403200
600980885886795776
600261506924675072
598962238179909632
596847636105297920
601820045371699201
604333143055720448
595273444796866560
598442317444448256
595012222121828353
594125635716521984
603335817109573633
599171181795749888
604381945946996736
601612726025064448
594930313731543041
604371213423517697
601290266452983811
604962362530004992
604046213613117440
604195965927575552
601596841419939841
600938547340685312
602157824664207360
596697956511719424
604855914219237378
600981145149276160
598462102764974080
600937185165074432
601664334238879744
601321615343882240
596658639944843266
604365633409671169
596283921945473024
604181301814513664
596243467162001408
599192962438823936
594484125953708032
604163606859636736
604336363366817792
601604162313269248
601812765662126080
604665395283378177
604363634454708225
595638888858832897
594837306328088576
602894048769216512
604372829048565760
596477093472514048
603824712075124738
604037679253188608
598429022457069568
596070040664956928
603361966309138433
604333126395908096
604335518869032960
604662259621634050
595367508930093056
599187342482677760
602325166992007168
604333131731058688
601048159473635328
604037856495980544
604416703813038081
604368546236342273
600511942088884224
599172966354649088
598475319352373248
595327085603737600
603739379023089664
601001365419134976
604441083720953856
596685515908206593
604368750226231297
597707322157191168
601668600521437184
603926455777697792
602969936772857856
603829783265464320
604353027957383168
595808046279974912
600943569096945664
600258067536683008
604416725816365056
601669703199825920
603312595722964992
601277787752820736
604356569610878976
596658377586970626
596069005875511296
604562576895299584
598745681172369408
600939730209869825
598976576177328128
594136373587750912
601734522103726081
601222503135055872
600987188046639105
604245910881734657
601825082776780801
597274891503538176
604169703217487872
600944678838611968
604568622653145088
600944216244551680
604332615806640128
601627032687116289
601624660577361920
603825266612432896
600740460605284352
605143953319575553
604376239520882688
600825090452795393
598146046192001025
600427067344191488
602269000655998977
603781912893722626
597213187835088896
601452806571069440
604334517378228224
595362144088170496
604333616139751425
599190663410950145
597311243351957504
604204226772770817
604340345304821760
595358487917555712
598816956804931584
595806505187844098
604416749518352384
604048563547414528
600980866576318464
597623172045873152
596981693615054848
595093369740595200
603953340511313920
604090686162354176
601611793341919232
599147183288418304
594905268753858560
604460593651847168
603680883363700736
603209754970750978
604414465740681216
598209701550104576
596666869953601537
601615228791554048
604561611139850240
604441245008699392
602248979716427776
599268072487280641
595134339890999296
604413917759197184
600227720883261440
595389661981343744
597723217386680320
601289093717327872
598879981297659904
595216100184338433
604035366861975553
604416689707593728
598397973794463744
598683779129970688
597057193981140992
597429784440877056
597154170085445632
599207073914744832
594992849495707648
597555729864753153
593978771998310401
598382456560066560
595593648521228289
601766644151488512
604488222908006400
601945040253034496
601831920595574785
601973044681134080
596981693510201344
604714051118211073
604416653217157120
604310305489866752
599377236052070400
600975250914816000
600227442805059584
604333966213128194
602971168014893056
595608399007453184
604335602063003649
599186581208039424
604345294302638082
599481211229200384
600227517929132033
604331775595286528
598298833626406912
595958331312840704
602551755352580097
596665484570931200
604481511190978561
604357318654861312
601132999271456768
603392760981409794
601005026606247936
600899442238050304
596961564021886976
604508291666997248
597881833032908801
600228739180433409
599199010197471233
596775306662313984
600758293720477697
598031722538618881
598700364867604480
603814890705420288
595928366907293696
603312145904852992
598455599316258816
597770982200315904
600980855910047744
602080140642754561
600976418667827200
601048076481011713
604606376040644608
602588560017915906
599524461038145536
601501886143860737
601452196358590464
596330416665014272
604684099266048000
601077132996018176
601597896128094209
596527847117754368
598145687918895104
595707976691888129
594794755814531072
602384856039952384
601508097753010177
595627362395512833
600688411284930560
601619967805501440
599227843084681216
604239050334162944
604944941114998784
598905925227905025
603509979664908289
596251910421622784
594994729739255808
597508962410471424
601118727761952770
599151421670301697
596224892497956864
601813897163636736
603829439533748224
604591908854317056
603824107541639168
596580308570497024
596895872580878336
603424962137862145
595357522728452096
604343864686567424
603931243340820483
596284133808156672
599619181647155202
597219152118427648
596306368077914114
600944478472376320
604348617932083200
602593463696105472
600431561410879488
597057194085974016
601145501627486210
601597897034039296
594936896784039936
595357345376526336
604025791081500672
602705626058264576
601456258776858624
598397239023788033
598070009521377280
600390593693417472
600241760112017408
602839604736106497
599659545019994112
598241904623419392
605070895288348672
603453071650332673
594503094647529472
604577850205728768
598133431348895744
600278524100902912
602573248316878849
604339442426339328
596652662700945408
595364380650311680
597679318416785408
604335048398147584
603126499152125952
599225236450516992
600721758082224128
604395306952704000
603983821042786304
604598305755131905
597211099327496192
600980816382939137
601167187534061568
600570237382070272
600239372017897473
595472445160693760
595176778806661120
596616755692195840
601663273348558849
594077522494693376
598095014678237185
601639754635968512
600619741947043840
604000071521320960
605070317241823232
600939111889797120
603977467569647616
602968057070358528
597468480460435456
601752710745071616
600330304352485377
602728055975583744
604598785117982720
604164611542142976
604370294174711808
601050546938732544
602384144534994944
604341129161629696
603982827701534721
604367925781217280
596086073194721280
599678089396781056
603475009416232960
595339856773029888
595159689471643648
598973527161708544
600237620296298496
600978637777580032
596465286515183616
604197211950465024
599521686661267458
597379196550123520
600940538385141760
596672670130774016
595609588524802048
604373841461256192
604439136850710529
601597905145823232
596849234118385664
598925853565812736
598699642059038721
600228119790768128
596267117726605312
604364723761504256
596437544721485825
603977386955177984
604340420492025856
597586275391143936
601021954477404160
599510861376544768
598500508647739393
596377590711099392
602968198179196928
596104085163630592
596981693279555584
601598738973462529
595356845125992451
600937335572668416
597787009588002816
601925219184418816
604444685503987713
602496925414264832
595220338100830208
604446061088882688
596981693908709376
601354395373084673
598465023120265216
600502830273695745
600690857281388548
600315142782332928
603282115682312192
601017362482012161
604593856294887424
605040473225474048
604384063579885571
600878597008568320
596337910137389056
602024713175441408
596964969951862784
604367721011150848
604340126605410304
602581878634328064
597034605330505728
604528445096235009
603571363736064000
599173141189951488
596435009658966016
596701806635388928
601539244117495808
604487832439255040
595709807597858816
603984264384745472
601833121781186560
602823331570688001
603564150057529344
600689236409483264
603987387983663104
604591923534438401
601814877192232961
600236414865838080
597771277005381632
601593386554916864
603379813739540480
598577306349772801
604443180646469632
603978116449619968
599654165636255744
595361618898362368
601006228643389440
595347247145058305
604429906819170304
600784677025095681
601007400523444224
600577827503788032
596928982894776321
601600401817862144
604395806993596416
598862990285373440
597631327257624576
604355311634284545
595030874581635073
603977279404900352
596488594166050816
596961563644407808
600983897111994368
595808078257336322
600849251493621760
598235472775655424
597036991767662592
602626642960326656
596808883768791040
600228197393793024
602124823272140801
600227478414700545
602080991008727040
601645646324506625
600412153909129216
596392341658808320
599067614749564929
596171007955701760
601884741181251585
595232438353170432
599278786153226240
600966450715623425
598342223554547712
604341577008336897
602588338130788352
594791342947065856
604067299771817984
603205377195266048
602706073040990208
598037840283312128
600679359112962048
604504734179794944
595499447704014849
598464447297036288
598803911537926145
602822926740627457
598042323050745856
600535139689476096
603845870493114368
601767473021521921
601610120271826945
601076794545016833
596856472648069120
604169532224110592
601027914495348736
594787628693749761
601545237807271937
604568363344502784
604568632312610816
597249519709917185
598097770646511616
600577825641340929
596400692060954628
601765080208961538
604368406125637632
595225656469823489
596034321737093121
600937335765671937
601838286127116289
594809733602811904
595068124241596416
604508077740683264
603935555898978304
602005551682363392
596706190031204352
596660246006870017
602648393714769920
602622484475588610
600009665385201664
604002789958782976
604488075763314688
601363014542057472
599656469873750018
603317339023613952
604044728598937600
604354152735494145
596735780317343744
601129170119368704
602976891985895424
601546025212334080
604945712334278656
596571564721762304
595998690554306560
604361607209164801
599474385859186688
601592060752211969
601664120304246785
596906199427248128
604980924275654656
604226470513348608
598455105512419328
604577999770533888
600767993467961345
600323955736477696
597382830977470464
602237264589000704
601664674027962368
601143803811131392
599030736809779201
604349644643155968
599389740899672066
604379244962045954
604488134701760512
598231267855859712
598703704275963905
601493234662117376
600959394545827840
603970081744359424
596169809085255680
601094957491953665
600688774461399040
600981900019109888
596702612264726528
597093399460610050
598465603410735104
603449262748348416
604473185208279041
600990521096568833
600704267528331265
600427596933767170
601815409638174720
596704221203828736
597211558993727488
604365644029644801
603082320556531712
601006936499294208
603987625658187776
600917305481015296
604707370942533632
596877000154841088
599600160935694336
598094713036476416
604011308699111424
594497339726790656
596915025094258688
596583987881103360
600097423130767360
595536582121250816
604517491675680768
601815351601532929
599291601735839746
595188223510446080
598901926131081216
595246490911690752
604766035816935424
602647799860047872
603921656340414465
595164846645182464
595177018926473216
604333140685901824
602682799892508673
597768833018011648
601752099483967488
605041762617409537
595356776880472066
600247988854738944
598465747216691200
601344809152970752
595519311654948864
598211594062045184
604416773446852610
599663643400261632
600665885880221696
604508279545446400
600576115338543104
604367699326586880
604440787905069056
599432025485889536
602971193797279744
596605119883563008
600939538656067584
604153814560563200
597748309332074496
601751161088118785
600998109661925376
603914758270689281
597673806665220096
596695375366529024
604401053560274944
604372543143698433
597047576819605504
604169156578131968
603311912856727552
596381169542901760
604702789000941568
604367039113908224
604341129052557312
599835069855846401
593953905978974208
601597904340516864
604707061461565440
600228583898910720
596483795324444674
597279359355879424
599185064237211649
596641248842272768
599410634183217152
596236882616262656
598347007485444096
604365675965091841
604578359054610432
598128228709072896
603314090145140737
601890233592844288
603313430532063234
600800069579833344
600231946992488448
595358766805159938
594060524352057344
598439938695241729
597763234297475072
603904880504373250
603819467320107008
596486386359750656
594127142000173056
604190489496051713
604383055235670017
597766513081360384
594806860403875841
595177050429849601
601536284360867841
601678452681363458
603021211417845762
604374934085730306
601733709742604288
605102648170135552
595093909010649088
601188467981193216
601055222295834625
597057194018865152
600941120147693568
600973732404920321
598565214359920641
598477580954656768
604363122510438400
600942095541538816
600623126611927040
599413355909021696
604600877333262336
600428089596727296
596322774135758848
596686793614893057
599397720344788992
604340955483873280
600938769726996481
601093499711270912
604341147327188992
604395821212274688
596336288241831936
598094290946895873
604479329569927168
604345656069619712
604515141699420160
600565952481140736
604368540842479617
605036064445710338
604395835858796544
603992237672951808
604985475150004224
601817951659028481
594789306704736256
604068876528164866
596330288390615041
600229332049494016
601373972614090753
603999843443425280
605034112240500736
596495898894606336
604537006744403968
600276206655668225
596519235074920448
602690810153476097
604094686655963136
601794061922512896
594931037035200512
600965132865372160
603214521373687808
602079846240399360
594875640198930432
594387494235439104
594959119364149248
595509513559506946
604395813989670913
602184382346956801
604542399637954561
596637064369582080
600707659969462272
600944197533851648
603747070449680384
598616735307014145
597208190175023104
601597899777118208
599652425515929600
596398247289192451
596545756523327488
596428730668621825
600230928846204928
601904401314349056
604329001759330305
604568363063341056
602652298540638208
600975977884221441
596739309711032320
595608397589786625
596633692065366016
603818780200988673
600906862997835776
601211731428253696
594885170827755520
603144183470170112
603526622902427648
604342322319380480
601004477534076928
597847626604630016
604416665334497280
601055134416777217
602720198299226112
596401861550215168
594068574483980289
604372651004596224
604487861916811264
604568384676737024
602203062380285952
604340923573637122
595360465321988097
601065249907802113
601597803786305536
603219446719623168
598456510721748992
604876774351044608
604441037512286209
601118370998652928
596644778705453056
604568658334085120
604207377873772544
602232604301991936
600957036436795392
598094863721050112
604371474598600704
600981701796331521
601003865358622720
604365609581842432
599137459730042880
598466881708642304
601813016187899904
604372548516618241
604595589922197504
599959623848701953
600225082666065920
596672490836918274
601163304606814209
604359352456105984
604039181132828673
603236070281637889
599280036445818880
597207307945058304
595588716594384896
600935939989463040
596491630909067264
601344468516614145
596982409897254912
602682684398141440
604333111699103744
601601647522029569
596915025052377088
600243279871942656
603005515094827009
602203993956286468
602598115573641217
595370314093056000
604588679286263809
595571410296246272
600796875760017408
598454656386338816
601855616177549312
598811286605029376
602063634160885760
604379086383890432
604356566989471744
604365623565668352
597409025546825728
599472996391198720
602588101844709377
600245343096299520
594255503913459712
604441300847456258
598699650451836928
601210259248549888
603912385074753536
600278097116561409
598409520524763138
601653419212869632
598972274482511872
604395847778983936
604367117652131841
598499624014508032
600238616162340864
600937202311270401
595972225129394177
597442129154146304
604361691954946048
597060083357351936
595069299946954752
600874833749020672
601645854584340480
596400594299977729
604176221413462016
602212242118029313
604340897757663232
604490612042268672
601283844587655168
596634119867637760
597633322592907264
601597897906487296
604440987667152896
604367893858406400
600746782759329792
600239725560102913
600216539833487361
599458315798732800
599149744812851200
604308181469249536
597241764735492098
604439118764843008
597449782077063168
594837260220129282
596726726475927552
601373788916199424
603416374094925826
603893993873776640
598094021211205633
598596146383032321
596634966164930560
604372816822165504
601686991076491264
605041274639360000
602982525934260224
604441046114779136
599068235804323841
603945216245166081
600243020479401984
604568669868433408
603920203735539712
597724638211366912
603491943172218881
603121173946363904
598700144171753472
597496515632963584
604333532828205057
599289533646163968
604182889559937024
601090182465486850
600945044774899712
601145525178499072
604395844188663809
600944434906279936
601672621424422912
596079687803211776
600952587416801280
604986735479689216
595269296923750400
600685539830796288
595102562874974208
604159496789753856
604054952298831872
604617993029582848
595970108457152512
604441084698214400
602177593773699072
598371121646276609
601729942402027520
598538468868755456
599274696035667968
603122887516618753
598050117636227072
602162217321177089
604171896557604865
599652488220901377
602331641701236736
603957999338676224
600694527138131970
601056145483005952
598964538428551168
601733351284813825
595913936538443776
601167908312641537
594813298048159745
599189636188078080
604372638979473408
594581105765982208
604097019817275393
599650480348856320
602823880038723584
604354119487238144
599436957450686464
604063162732797953
604379922757521408
604608884356055042
604568415840432128
601653041465597952
597147416912101377
599470657118797824
604367711313870848
603977855869976576
603409385923153921
595199074493542400
600935533074866177
603520370705047552
598429415035527168
597294078942904321
598439977182101504
601609731606708227
603934610561589248
605048872851927040
595368335530942464
604372661762793472
599470412439932928
595920593532243969
601661017035182081
601025552456220672
599378283856166912
594805990765236224
601705420239974400
600564003648090112
604411272017223681
604395825129787392
604367996316868610
597167440322285568
595132721229357056
598129271815667712
603737189046886401
598488432667656192
598635303646040064
596695408950308864
600689236489195520
596478394335801344
597646349702660096
604045860830224384
595222616413048834
599401534472978432
598433412597157888
595373575034564608
602899143204286464
601042728852574208
600355606843756545
604782218444079104
596389220895174656
596422306173419520
598116679151812609
601163696065388546
601085153423847424
601288344643973120
598820190021918720
598699183273447424
604337589882114048
604165698550517760
596511701131890689
603821012233363456
603035994808426496
604372811616931840
604372894135783424
598468165438287872
604395810273562624
598297105719906304
602982802083053568
600974076702806017
604342438979739648
599800430449786880
600994598958272513
604364257103204352
598973051187900416
604568392713031680
601812622598656001
604487832191807488
599667866619740160
604383806213222400
601130082275471360
598566804491935744
601055328801665024
604416630504984577
601973140961431552
603477770694500352
597770982191955968
597060826189692928
604367692712181760
604372858651963392
603417991556911104
601280238237184000
600951519182245889
596906199485980672
603314461844246528
604395799699689472
602825192600121344
595970363240112128
604348173360869376
601813619077160962
604368547108769792
598097215026900992
604262906159583232
604379916629602305
600566357126578176
603388506711326720
603834174043234305
594996022364999681
601133711552356353
604155140652822528
602345233418956800
601026536771293184
598098372231241728
601020077736079360
594552926082764800
604297824662986752
600934616392839169
600906620089061377
600634102904201216
604379744906264577
604825572171259904
595972743520243713
595259279457832960
599132741477769216
601141037676044288
595390691427004417
600238657430097920
599650125519134720
594995193037922305
595360408237551616
600235248278900737
604343002958442496
598966813729431552
600945491392614400
596582527340412928
602622591782621185
600942508210724864
603739087598673920
598441765201285122
598096089376423938
604330177930256384
599856409988112384
604094343180255232
602091438688505856
601597972758011904
599744686757056514
600371315942531072
605127600323862529
598066641335758848
602589161053409281
603012690861162497
601939935940083712
600291984054554624
603119096503246849
601641785404755968
601013375762477056
604378945874743297
598488403571675140
601637639444398080
602863564794105858
604352311897493505
596666524410195968
604292986298634240
603247045827112961
596961564198117378
603429874879963136
602212154838757377
604368543740772352
604357829042905088
598091572773695489
602826513319202816
604340889109041152
602455122472542209
601286029073620993
604045486421475328
601749817455452162
600934636458418177
600287176580988928
600581277897465856
604682457699381251
604041721224126464
596678015905595392
600230460552163328
604395803789168640
598133594251403267
602829116904050689
600995345124954112
604096229845291010
604876282828984320
604385006681620480
600934259646312450
602686828840394752
594530878954471424
603909255511613440
604597614458249217
604364933107728384
600232150714093568
598584882273525760
602122514815459328
596725943005118464
