1377406088
1376516269
1348542741
1387970716
1387967724
1311741823
1377025085
1280015800
1353509089
1349364918
1278056265
1424910828
1315218836
1327213261
1352507383
1282891834
1406247388
1305544293
1275286050
1377019051
1302219511
1279352586
1333602374
1402832373
1423035215
1304261210
1384893900
1400095451
1375893231
1317824369
1420639709
1376381703
1338180660
1349493250
1386386691
1376055100
1375807272
1405839949
1265948305
1346057787
1387877391
1377375059
1337253807
1301816996
1351740418
1275662467
1282797492
1387946957
1275280304
1401591017
1338142169
1399947463
1275579879
1375834838
1377371126
1387958942
1377408083
1322401279
