375033190701727744
380023200614060033
382464871737987072
377240853766754304
375980646859948032
382706949717909504
379134725656698880
379615966658703360
375980256592928768
380741919707385856
384654313051537408
375372557936893953
383825520397283328
375410527612448768
375721446632222720
382169869732425728
378655780981178368
383104124486569984
378182734343974913
375484158522695681
383562145054482432
384119829952593920
383605817251221504
383254060763082752
383165493365862400
380147328037842945
374528614383222784
376227940951805952
378451103601266688
383417060883050496
382336955419492352
375611241214918656
380849483782709249
374658379852967937
383263177586515968
375495075754565633
383612693787074560
377223177320923136
377219569925898240
383940869276966912
375808054517723137
377851644064849920
375043045428699137
375601492021239808
374416793076776960
376130116717264897
382760239764111360
384734244657831936
383747960032727040
378638141524959232
376304371858178048
375512544158314496
375758394197422080
375488657357959168
383935703920672768
378378409682173952
375972834180218881
382882096941121537
383544212052279296
383422310926921728
375510119531823104
374642760961126400
384442979261620224
375050346969571328
384649517754101761
375484836263108608
375405423026642945
375762125924220929
374280587168985088
379660255023865856
382586345387880448
375476364524019712
383194260603826176
378092150178598912
383279577864228865
374611215055458305
382117102615666688
382505711638290432
384717880988024832
382512417738993664
375585172453728256
378120504671879169
375677959031361536
374606874819035136
374499430319128576
383841669927673857
382245340209885184
376355269007003648
383576258602233856
378985330734428160
375484474575699968
382597111822708736
375036904086831104
374406226601201664
378487394619912192
384540944114012160
378110628134916096
377198302808121344
374430247938441216
377518325691342848
384283863377510400
377596118475235328
381160241120829441
380741429267816448
378174105704759296
374925693005856768
382189259127398400
380867522750595072
377299153677983744
375484338072064000
382116444281925632
382821506268418048
383253710219907072
375493117907968000
378792561860947968
379132385951879168
379394932789628929
377585973330460672
377609923322216448
374747600072626176
375495197796204544
378695198319984640
375501315213754368
378136674909564928
376738264889446400
383524932291801089
382954019833917440
381877384351604736
383020999572082688
379950619874033664
375163824267337728
378182766065508352
374877466323869696
377319488682618880
374274142725341184
374406720715358208
380081274477490177
379121562655674368
383744878544318464
383701486649085952
383000961788440576
374189966559285249
383232805074784257
384793470910468096
381576608714596352
380070450643996673
376040920782606337
382873504741617664
382274000044298241
380608773217202176
383674544411533312
383241178356793345
383258970401812480
384089892738707457
383794469373345793
382140481552916480
375408555223826432
378486607508033536
378153864064937984
378069451003809792
380728179570114560
376358120617828352
383247456223653889
382977427346960385
378151803201658881
383240950006292480
382225362534817792
376852566237122560
378182755672018944
383241310036967424
375106749658705921
376617238658170881
375228570341105665
380311642237464576
375164402346885121
378182753776574465
383654353959391232
374756598121369600
383909877246341120
375178675659882496
379883095442194433
377602388208541696
378109242622107648
382345002019721216
383258153003261952
377909668426698752
375258127975059456
382873882996121602
375496824007569408
375732475848183809
382341319596601345
374257547365982208
375029078970994689
378182780355485696
382139497288183808
383851201256624128
375049812317462529
382474449192112130
382972031635308544
375426829328203776
382409162467966976
383142370520215552
380926918188875776
375506598036135936
384118083075313665
378566368955600897
384647596708724736
383907644547010560
376117868305211393
383275450417426432
382865299587874816
383497413249359872
382569167976923136
375414556111028225
377194157040603136
375759222538919936
382840063333113856
382717600087560192
384409381254602752
374405268060119040
382278373470244864
380395241028599808
382698391613874176
383352622255996928
374196228986507264
378189768586436608
382418829457903617
377081983018336256
383098950271512576
376358899210653696
376117425588027392
375763546472079360
375053554848784384
377004909335707649
382484292720680960
377924425423015937
383168090021707776
382892325925433344
382342505892941824
378042512000036864
375063733002719232
378350805092270081
382826885748514818
380350625110032384
377009795083300864
376799773158027264
378192959650660353
376588019836256256
375507973025452032
375504554147581952
383263412643307520
375430771256750080
375488110080962560
383979641016680448
378370921129455616
382475527166373888
380053054034575360
382645669409742848
380594005110972416
376547453991796736
375232665621757952
382171812332724224
375500299156221952
375028600807763968
375484022857555968
375045699634614272
382050824366469120
378174105776062465
377960546751889408
384537370059485184
374459036516634624
378172574636994560
381410729414246400
374861339367190529
375484065589104640
379696198195884033
375858497138614272
378182769655812096
382809782429949953
382493046048587776
376451692768022529
383337964903731200
382275038495637504
374138050261291008
384411028790185984
376474672646193152
383019417027612672
375494714566250496
382111629351333888
383245747384516608
376016297634430976
374879985317588992
383347910681059328
382650637319544832
374473870960377856
376073308631867392
384410468649283584
382491542549987328
375418813761609729
380487662232403970
378182776760983552
375493503716818944
376582753292009472
375497904657403904
383259709299384321
377401203895717888
377794461100957696
378637741430292481
375405456769839104
384463392905261056
375071688154546176
384408430884036608
384641992426127361
383483356517642240
382827835510898688
374606464876179456
378172574578270208
382856592904843264
381836019899060224
383279170555756544
375839581112778752
374879034087206912
379584351434199041
375476960639471616
382949369395150848
384107273884151808
382340025083371520
383244242073948160
382815979463778304
383455021234270208
378651535644696577
381417747105603584
378658302193725440
376458019820683264
381869641540186112
374466007923834881
382543199459229696
382359153454239745
382432489232293888
375496817271525376
376501993885274114
378099420329295872
384654243170230272
384638439196725248
375449060351545344
383957107201933312
379667871045287938
377425754323046400
384637733437587456
374401350630510593
380225518802829312
383011356829843456
376949498213191681
379730475868098560
382885659112796160
383538068495417344
384671483949510656
375582077397504000
377795536310779904
382097823476363266
380757668383948800
377908481334202368
383165178314911745
383285246831370240
378247022454661120
377359887245639681
375421551106981888
375545270450130944
378182773220970497
383545645912817664
383480800899252225
381568625108193280
377237353594511360
383243869200330752
375601313939488768
383608848835424257
384143193022816256
380386849497563136
374406879440412672
381037108342702081
383281216788508672
375629188075905024
375957124850778114
383248898719903744
375405645282832384
375959478752907264
374401822502305792
382379877032529920
377941691539288064
382126875843108864
377807488776945664
375723897431543808
377015629443649536
383388190104506368
375404335745597440
380767669089091584
382450736736387074
380875360180502528
381535414814646272
378426555036225537
375498470607446016
375439619203928064
383329133570162688
374204065749536768
381890877821419521
379584905698476033
379675374042742784
382169679998894080
374867294842654720
383416044141817856
375521581130211328
383287091603734528
375508059457474560
383241308082405376
384654336367685632
380018521763115008
374640599455907841
379286255475097600
380272569016131584
380068349234794498
378161706033106944
375447059228135424
382139312772349952
375803945760731136
383323445099905024
376308588894887937
377637673953144833
382697664107646976
375484696970293248
375721214368440320
384458259392126977
382302598759317504
378080479431245824
383854608256622592
382403248058941440
378109243196727298
376117744799735809
378069441189515264
377905372394434560
374705536706420736
384509032360181760
374188753633280000
375408237882789888
374393348766711809
382140671634591745
382809783008784384
378519675803418624
375291407986352128
378202993306664960
379607442427883520
383508634728017920
383223440276062208
375782458538475520
378917719166296064
377143893923336193
382525326175125505
382240762127056896
382957120590581760
380619330024517633
374686498479542272
383390701636972544
378673551089209344
375053656271249408
374852287677464578
378992884231307264
381099276631543808
378305508823683073
382484606001221632
373996020251643904
384435968213651456
376760625394745345
382698077577961472
375483983854702592
374746136269299712
380528006747258880
378086069427638272
382484778567475200
374922551907979264
374551266971881472
384743228286984192
376119377751318528
378109496226103296
383817508496474112
378173526013779968
382219101080276993
375405956424687616
382117272434659328
375536320380014594
384561162618019840
379981966839267329
382994118437130240
383165516644233216
379641087515578368
382146565730615296
383783007993466880
377180038132535297
382885119800786945
380726018967080960
377202339129880576
380301032792027136
382649024198631424
384408906530705409
383242225842659328
376973047388831744
383761347755786240
375526325194199040
382525713871433728
382107905735946240
381568740330319872
383105506573041665
377340706571825153
382517870669742080
384643701735424000
378694784988483584
378172411679498240
376737293429506048
375830434539524096
383953056292810752
379421720571940864
375165174996422656
375487337632780288
379971404155715584
383536997840588801
382508241013317632
380324552254844929
377044586125729792
374398089093586945
375439392992534528
383014220175912961
383747220853370881
379454123978268672
383792069996593152
382351114982924288
374335776877588482
379709925829910529
383592166167031809
379770298838433792
382972114740838400
375015206973607937
377578899246297088
382877268751966208
382260888805179393
382172825651384320
378182764765249538
374366825535897600
383226542844686337
381569661105483776
377179627430871041
375484807884460032
375484644772151296
377932630760914944
378503518791139328
384418596232785920
376688229191548928
382142419573043200
383165342031155200
374647887923118080
383883843973173248
375508411024027648
382885220648615936
380296507901353984
379386488217034753
375774229104300032
375405497861431296
375101070428487680
375492113313443840
381413714916028417
375496510261059584
378166290781048832
382767214215970816
382331842902257664
379291940069863424
376116766310535169
382534206305619968
374225033536614400
378880168757964800
384663496245657600
383243427061592065
380242951458525184
383138725732954113
384589271408984064
377589117862682624
379971008091791360
382140390289469441
383469149613084672
383333952938704896
384096554891476992
375496307781021696
383244883445571584
382348718176862208
382371724584845312
376117531435474945
380108818929053697
380625445961465856
383794467368476673
380878525714399232
377562246630498305
383942292442451968
383761158185836545
376356627160387584
374838113945653248
382979489141374977
374337034342907904
379584203983036417
378182768372359169
378305397800435712
378205815082991616
379294423437176834
375486809322426368
382303490782941184
383272761420156928
382812793289732096
381521097654407168
375451076734222336
382410514657067008
384541027895627776
383462297584566272
378191447100379136
382170453718368256
383014470332608512
383824631108362240
374410812326019072
382837230462455808
378272318616657921
374678387400265728
378480721620656128
375265982329016321
375489017891926016
378086719091773440
384596393442041857
382028227704664064
382894327732924416
379996247966613504
384647063231037441
382484263167598593
375405183460581376
375819930924371969
378080434610925569
382911988839374848
382448145281458176
380031019207770112
382842009817710592
380470019559145472
382947470998650880
383390442928087040
381058950013009920
375007661248372737
383844583773601792
384435977865142272
380508724298661888
374337504000086016
383698421376241664
376040887093968896
374414449030881280
377956783559413760
375495735950577664
378175924841103360
375504638763466752
378205596094185472
382340796508164097
375744094317723648
376248258940530688
383581418497916928
375027668682436608
377059030537367552
380014265345662976
382141229837733888
379553532954681345
378898600094617600
377501644243476480
382143865160876032
383664946711498752
379485274985603072
382115229628248064
383290641263779841
384651424505688065
378058721890283520
375292926425051136
375974136251551744
375794747027124224
375486562772852736
378182779168501760
378084086583013376
375484034815516672
382853918780166144
377857889203138560
375411350807130112
378276847819030528
378007224192233472
378604831273156608
377574789742743552
378180467033272321
379283332405948416
382625379514462208
375494913854418944
374875546955419648
374926615945302016
382617654667644928
377920051690889216
382142633629716480
377165969506197505
375486907817283584
375877744631877632
378141559109480448
379951678943789056
378182787427086338
376127624013033472
375573963541213184
383599522007351296
382812672581840896
375510655597416448
384454357929836544
382342342461882368
384075750116032512
383261159354155008
378046952685830144
384749974216400896
384663674868101120
383259053738438656
380612245127843840
375043549269467136
382225361821769728
374651013682061313
383352769937031169
381840753557012480
381169151332466689
375678746881458176
384549364166688769
375507303635488768
384119042790785024
374598375569498112
380937167943786496
376244390831734784
374644623987052544
376306117116461056
383195593813684224
375334676467965952
382146820702765056
384023781720616961
379134847941615616
380653000017977344
380138653629956097
375020330646925312
374676386494963713
379609733650710528
384676036165636096
380327878589562880
374511685010092032
381578838724984832
384562837047099392
376272647090233344
375590198794784768
381586621604192256
382614091569037312
384590259561828352
383546575521599488
384607818063831040
375485228652843008
380575673917517824
383610941763362817
384610621859168256
377585770749382656
374534976978829312
383655879523844096
375440150873919488
380119687331213314
380143704935108608
378174323166429184
376573483649486848
375922628797550592
376354721935552512
379696263840530432
376613225652965376
382533259290087424
378917737524781056
383036436296908800
377202339243110400
382465572681707520
375574371181400064
374411428435750912
379436297737093120
378196630018600961
377593477195767808
384060040325251072
382481231285190656
375874886993846272
382923814440820736
383482295971102720
375161488140275713
384409981019123713
377313731082207232
374836445623484416
383514660609069056
383240947774914560
383778038376177665
377343893894754304
377903362223534080
381571687805751296
375010187565731840
383239071251697665
377187565066915841
377342152445292544
380741371298328576
382342038928097281
379726086881284096
378180855752974336
376817528711819264
380015075177660417
376283891662721024
374417497245876224
374274257288568832
378174338966380544
383289557019394048
382088543633305600
374977428554125312
377583078169772032
375027988225458176
378953784371576832
375419930360823808
377564560556691456
374926337741713408
377115401735254016
374652012547571712
383612039647985664
383400905418084352
383272288554319872
382226893803515904
378122956238749696
383499791419711489
379170498921250816
375721574185594880
375406825438318592
383668982458228736
379770956341727232
374256585167867904
378526942397353984
382140513983275010
378111420123992065
381833582983274496
376314592625836032
375457248970940416
374809907876229121
377903933894582272
377925554886160384
384590963663851520
384376020163629057
376553423383957504
377202339293442048
382866607145779200
384211449637113856
382638483971792896
377376427680620545
379989705254637568
379951371682070528
382572874336591872
383236546931216384
383764803287654400
376868366595547137
375948897874489345
376588436976578561
383259237071073280
375029249079394304
382170477990805504
377583183958511616
382525668602294272
384048025934770176
382489105877442561
377140081129451520
375955906699489280
382141028754411521
383706668887863296
375485550532108288
381751972665110528
380003737139286016
382156438980034560
382170047822983168
375508105120870400
375962078097321985
382300060618211329
383344858658000896
374638444636430337
377220608167526401
383626514324926464
383337722300993536
383549348291682304
376283184700600320
384117565150470145
375484042147151872
382435823951441920
382432506798022656
375028484327751680
378603382627266560
383243758965248000
374638743656747009
380129659494490112
379978273100660736
375763290715987968
377556428774731776
383553489705521152
375425576234151936
375972860704980993
379388897592999937
378156596842733568
382485336535736320
378832744886710273
383090401403740160
382501759412740096
377501034844663808
376136333695004672
381109942763417600
382341296536682496
384244525809430528
374568689275654144
383574117162577920
375521659928588288
374404583709081601
376105782414024704
374396648450838528
376318476131909632
382238561317056512
377397709063208960
383323205525458945
374504307712094208
382169946278862848
382340106536759296
383753394181386241
378788773049696256
374757136649031680
377585533779574784
379414970552688640
384788088071131136
382457158190657537
376304820308541440
377495965814362112
376667015580110850
381666640246493184
374380411264065536
382115192407998464
378115969735868417
382600948457021441
382341638636318720
382159386279682048
374528273222742016
381835584060526592
383245512725790720
382504838577524737
382348457970647040
383088086923501568
375090949430710273
382564110963343360
376377122299719680
380721948147200000
383749638798712832
382826049912205312
376216319810490369
376150425008750592
382130437029519360
374969023974236160
382890028239564801
382454204284940288
382139464652292096
379565009766195200
378557419884150784
376526686332153856
378258355426308096
381292563648372737
375681397173661696
380627634771591168
375500724446048256
383346735885467649
383542974715805696
375963977731153921
382471819480936448
384765701799833600
384408577999663104
384463748468981760
379991457093787649
378166306627145728
383978726523801601
382889808357363712
383344264601939968
383010810278051840
375584958116814848
375165374569795584
383167382145232896
378635992871497728
380603675787276288
378081906761682944
382188328122343424
383083656048177152
384642035547766785
383980205766762498
375477324184948736
381703598414897152
377723058808578048
377583217491992576
383860289654906880
379427873108406272
382156887363289088
375448755413073921
383815085849722880
375475883022495744
382900103549173761
375438903844429825
378950175316008960
378182760654860288
380356150228570112
382355550823927812
383036527917690881
383292851200983040
383393148216418304
383733435300577280
378295888545734656
382634189759082496
377599842497085440
375590629046497280
378221680801218560
377202339557679104
383749320010633216
377836211659747329
374646905193914369
377567698932482048
378756545078493184
383930101672714240
382185561983041536
374529083826515968
375936997942390784
377240044748025856
375476580060917760
376595851948216320
377117281051877376
382140734633025536
374271671026204672
375297795538055168
384631170434347008
375679519673184257
382981890912706560
382501889046097920
384424312536453121
376164441953280000
384652520808660992
382645770555375616
374962120019824641
381835166299488256
382538817317916672
379517054967365633
382169360355590144
382140474456150017
383142029884014592
383144081490071552
379994814076694529
375315401560711168
375497443619913728
380914606379499520
383939582577754112
378189279412748288
382405151224381440
382116536208474112
376508773898022912
382340853542289409
381833979273691137
379566266001801216
374409373100933121
380717954330923008
383103458561101825
377501768785342464
378508072806649856
375507086613831680
376477959608995840
383420821491814401
380246178241470464
375405772949037056
381563694095687682
384707576664834048
379293292594073600
374492033194266624
382673358049247232
379662961465647104
381427609042550785
379270037346865152
378511999216271361
383256187824635904
377796773924077569
383263691581296640
382155700954091521
383768375685435393
377597619864080384
376493172274106368
384341321898414081
381837079337906176
376057685180825600
374442488942977024
378090873990295552
374353096115118080
379281920238309376
378082126450950144
382152525308104704
374461372802674688
380613659023527936
375484227694784512
383266547990409216
383826621868027904
382162803269701632
376133232611180544
383736319093927936
383520912424714240
376693894882136064
374698310000336897
381859520273608704
379886728942604288
381144797085728768
381202693148008448
379451743425138688
382490630305640448
374489293139365888
382500794765176832
379681554240253953
375027495889694720
377440633231007744
379906237808136192
378182728765562880
374765515644104704
374337929109176320
378111695010684928
375274635278831616
374458339058782208
380053167557189632
377402865125687296
383193877416390657
382156320541245440
374422650090565632
384395372116054016
384575036234817536
375497088140058624
378492000774803456
374401987644645376
378543091495362560
376622590954991616
375504003356188673
383849505507909632
374757340995534849
380824782201454592
379568218450690049
374200031265718272
384442023819755520
375739383120281600
382883571712532480
375496397924999169
384690735364059137
375033332389535744
384469887352967168
378189987549700096
378162710728286208
382142560497463296
378157751303548930
382848307338309632
375485170561720320
383655063107153920
375405964658081792
382891042132860928
380070812369186816
374270720118763520
384409330067324928
374982924623302656
377602618555527168
383167527234191360
374255303732498432
378915123181518848
375133097190113280
380041184241926144
382894220794531840
384675755000483840
379215290023690240
375484155942797312
378041976349663233
377070938136641536
379929751214751744
374498467827032064
382617863741136896
375851781730729984
382601027662266368
375822295358382080
377016405067321344
374270866919419904
383616295406927873
374637693848027137
383291757028335617
382345644859346945
382379250357403648
382348633342877696
381384539341619200
382137437658415104
376309744903790592
376509067591573504
383854078520229888
376349398243889153
377832917117829120
380090065147293696
376352977948127233
374414113293619200
382164193744404480
378190051672608768
383586945592352769
379167328966942720
378743566840766464
375494901787422720
375020881619075072
377586716481048576
382140787816796160
375497117227163648
374865917261271041
383205987198304256
381568621568221184
375485264476401664
380014226690945024
377943993734017024
382230877385654273
379636742602514434
383711595316015104
382873504724824064
382075525935927296
375468590851690496
384567172288094208
374500230412005376
384646007382110208
382341293268934656
379565408183128064
377394870971027457
375501527642697729
384369577510965248
383799137017159680
374526519969722369
382157156692545536
374535968445190144
383589422505005056
377739666855714816
383169821585575936
384407942298349569
375428966858756096
375044130172178433
378110686951256065
377578116241039360
383114586175467520
378189940854513665
379961593351917568
384431230936051712
375441936620195840
382620255589134336
374473209510248448
380779796667441152
383059525256749056
379971769710305282
376367989504749568
384618242888585216
374605996540194816
375495812144324608
382251879465762816
375404954317365248
383347700889944065
374692002702434304
384763157295951872
384652295247364096
375961092687527936
377908486262116352
379987759399579648
375045202890596352
382204168020037632
382967195237502976
374320117254873090
377522117522120704
375392116093882368
375485623374606336
374406694136061952
375449430662475776
375297949493764098
384634221916352512
383242777091637248
375020555009024000
375716453720539136
382844288557539328
376355373466124290
380609830769000448
379844654054662144
382945129108996096
375046250560626690
384076724368986112
376895263740555264
384634901565571072
375486132156243970
375412559437770752
378182741482696704
375058670385500160
376682189788041216
382169074568269824
384340824458145793
375904944898846720
381832104923131905
382153714741833729
375499940601929728
382595618038099969
376738878897811456
375049760370982912
376321761119186945
383811338721452032
382752364693708800
379996217314672640
375486803878244352
378561309500928000
375484277296615424
375484511339163648
381317222976602112
382176486100566016
374745073776603136
382268088819130368
378081527940145153
383576307906646016
378070455682203648
381262709800464384
383350018851475456
380337795018932225
383926697055485952
382999287358967808
383219471139082240
379718719422742528
383029658649759746
383748703342698497
380768376873680896
379261368207429632
377069843284889600
377622191426527232
379085738534379520
384647975014006784
383013859151183873
383390558649344001
382205527410757632
380723610622517248
374834364703465472
383563686712856577
384014357522169856
377007068626292736
378210550892601344
378385141044740097
375583029672312832
376304184720494592
383546350312620032
383459679973568512
378086503294849024
383037986973024256
375285858468769792
384442896729899008
375343008025026560
382340326884904960
383274028846153729
383859595464036353
383427341638066176
382168990971219968
378195114373300224
383381679236055042
375121279294009344
380472646967631872
375943679174660097
383965226107805696
383867570673025025
384193645294804993
383343047200997376
377186566730293248
383993487542067201
383348761402945536
379567068732870656
384596186604523520
377275209805332481
374899578509619200
382007453325352960
384010291123458048
375484825752174592
383768397458046977
375164808405864448
379234201318326272
377400793323692032
382140986677547008
377820672992743426
383255395269378048
375500665763545088
383345689293377536
379314661315067904
382610955063922688
382155391905173506
382145774097670144
377516170221322240
375028292266377216
379995633064480769
381311438129602560
382279104596164608
375484036673572864
375335961762082816
383272949546876928
384338825159249920
375484080814432257
374972723371327488
375486442274684929
374273150843752448
381323083597881344
379882627953471488
383031106733223936
382518041965494272
378182739331002368
381571688090959872
377210835719819264
377588724755738624
375726456992583680
383759232656355330
375376645064241152
375949592061161472
381390102242820097
383472336961146881
382350695069802496
377531741495631872
375744548200140801
377584354966269953
378252752750518272
383207419079172096
378182730539732993
379648577078697984
380471051685085184
384521228591316992
376314587777601536
376328669255323648
382117850271326209
376119158057885696
374864340710465536
382142228925140992
377037724781256705
379850309797171200
380263783144644608
382340584234426368
377204670512373761
375450064203685888
380535835931598848
382354827633631233
378112513214521344
377903129813344256
383194436718428162
377506809281773568
383671991779094528
382153637075484672
377619789671178240
384221887263281152
382120321404243969
382340404651499520
381668965077880832
375815531464380416
384106332061573120
381712813875396608
379565008843472896
382103589981659138
377204405072048128
375959787475070976
376593463472844800
384646006560002048
382339922063290368
376112749178142721
375255511341350912
382646606907965440
384416246948970497
380031636106002432
374558274806239233
384374597581144064
382340361453961216
384410720558800896
381220707956322304
382300319067013120
378042629398597632
376328654667517953
383825789843558401
376286082725191680
375500520280293376
383732463714856960
377191204049256449
382948556144799744
379454010228371457
374898640047079424
383259118745944064
383609014950457344
376538417099595777
383479711373860864
382894590857981954
375841172117139456
374964598861881345
381430799540572160
376517456539312129
384444608425365504
383855853163405314
375495584251379712
383795470906032129
383244556936151040
375458024548089856
383503014251991040
384021880216104960
382783135252873217
381389716383617024
380856716793237504
381573276231020544
378203249142005760
375852680431689728
377008378481876992
382147690332553217
375500399844667392
384118933151690752
377903366812078080
383390158030385152
383165580548648960
376016297718341632
377202339066941440
383260381298581504
379618331617026048
379176246250180608
375959045485891584
382413911930056704
375170218450223104
375526576302997505
377167189935394816
380993667793551361
382169472800260096
374926040873066496
377051405850144768
375517861231333376
383945620957835264
375028957453615106
383748217617125376
383832674437062656
376365796114448384
383155189068206080
380861082224451584
383734847258128384
376659874521702401
382115619132289024
375498160505778176
383555596781248512
374210454996140032
382140600205971456
375420744215183360
384444051191111680
384413189812674560
380143006479052800
381091784119816192
384417379671105536
382562141435228160
382801803529949184
380050201613836288
378081107331137536
374759573313568768
377038988517081088
380544192537038848
375611460287598592
380992861501538304
384216629803900928
379392307104993281
375361622249713666
376874412470829057
382372430985297920
382831241487474688
375485124655075328
382900584182870016
377501773524926464
379105768521601024
375495347264421889
375496158258274305
380018365232062464
375417612810743809
379714462510354432
383169183942324227
383241227723743233
380279760892743680
382169142948020224
377191500385239040
374396873655603200
375485179462029312
380857003255418880
378084147442372608
380875910284455936
377179814873952256
382707598270533632
374195446127661056
383825743148773376
382883552351629312
378188363544535040
382123564716937216
376469657269465088
374362472288759809
377903345987751937
380879978130186240
377639445677502464
383515192102899713
382157008247730177
383333702618456064
383945208297422848
377911744187752448
378499711281278976
375493239765102592
379977884397342720
381693510895693824
384221793210208257
383837032344088576
383378035871076352
384407752669675520
375420889669435392
383180620014170112
375628015050309632
382206323292520448
384410957809999873
374883709700149248
379133618066440193
378226657397846016
384519282014420993
382966486949576704
383672098721640448
384156910380793856
382342261695987712
382213641493176320
381064557130555394
375028371488382976
380732826561179648
378065483267706880
374204991218913280
380362709386018817
383811340667584512
380620849427931136
379317608442757121
382063172364296192
377723732707377152
382515237640884224
375511958432129024
375633961596104704
377115343728021504
383399696787460097
376833427472789504
374561298341576704
377969967469047808
375037166570573824
382737216008507393
374866382438924288
375024482336768000
378368390487736320
376667367515750400
380623813458673664
377215987319574529
376035422263975938
375484452333309952
378991279033438208
379026795388882944
374461647228010496
382383885297786881
380361130163830785
374510381072252929
384363526262779904
381107970047627264
375427594876764160
375440744338558976
383873334804373504
380163129411248129
375495141085048832
376971459320901632
384656377366323200
375848585046155264
375484945000448002
378451729953873920
373997785395122176
375485758397636608
381739945288663040
378112893268819968
375889508715094016
383034882361794560
374479632550338560
384425138835714048
375419458983981056
380654482016595968
383922889205874688
375623477580939264
382116792174268416
375485923783241728
375044476328087556
379644970040184832
378723818979614720
375498610080636928
375404254728425472
377330677458288640
376350435373613056
384408595187896320
375813418109767680
375509575476076544
382622209778270208
381932750350999552
373995715170557952
383181238867337216
378109028615725056
375489440484843520
383767726503632896
383468472165871616
375045637063991296
382118061861400576
375033030878183424
374958718754242560
379990228468908032
378508503972737024
383241306580844544
384743035298279424
382615735823917056
377205592818864128
382432323720839169
377171045498642432
379776000273289216
378897247729373186
382062472662093824
383264529435484160
382467381924081664
379871760214020096
379284706766118912
375061141187096576
374472753903976450
384427864118284288
383979583915438080
381350104357416960
377425151257628672
383861767585017856
375027794423455747
380892308343779328
384373984680501248
383655908070678528
381842005678391296
382636844472860672
375020675485802497
377461206560563200
374272187055632385
382948360761511936
383242701598359552
375426487840563201
375525033352765440
384761789550170112
384729281060163584
376117205756166144
375869196862636032
384092159541903361
374534610350522368
375484127882924032
374971719045623808
383264479578181632
376461196494266369
376252008199499778
375235679711535104
382253818991222784
375742723967299584
380743663435141120
384013668846825472
382246275909173248
374646591162159104
376580076952748032
375486494690926592
379903906526277632
375291981632913408
382155333558218752
379947821723443200
376329587422023681
383990689924530176
384584210146942976
383265885504282624
379842958855376896
378136419287711744
378386789209096192
378182750068420610
383136173155037184
381108482130583552
375714033829031936
379699548697817088
378122792434024450
381970314067853312
382088394207002624
383903395624402944
379945140078784512
382355368523075584
382121540029911042
375041378188681217
383318537202171904
379995559324815360
378292070219149313
375410526257700864
375974602591051777
381937233697046528
378195685977239553
380393186738581504
376328636728496130
383242684434878465
376018008046460928
383702447803207680
382885446750982147
376303754158436354
382140848625840128
377173263610548224
379681535215284224
378064889635680256
383936763577643008
377460570091311104
375972354112749570
383136246991945728
377500396689690624
383260826523549697
374769765149327360
383245580979286016
377208577494384640
384006709502410752
380722844448989184
383264546481119232
384288314620014592
383353453688676352
383683732873281536
381573601867997184
377034866681868288
377008000466055168
383365788947992576
380741393075150848
384792314738397184
374004207868588033
377461609246883842
374957910113013760
375576512369414144
383140847245479936
382225411230281731
383571799239557120
377687520038768640
383264604618383360
382473323646427136
377583623160872960
377115986823872512
384127357168418816
374517944593555459
380289701208285184
384798106799570944
378522713268051968
382459255821189120
382143235285479424
378741404656074752
382900222172487680
378182735283494913
384418221417594880
374254560417550336
375500559668625408
383138338149892096
382341176734384129
382774668714721280
379974140079247360
383241097847140353
374875601716256770
374479528212443136
376868129105645568
375405952180035584
379992133177860096
375534518691565569
374883700489457666
382141520671170560
383612717921087488
384724739802943489
382140792984182784
383786101179035648
383177262171820032
376649106141495296
382464920497168384
375454075371786240
376036442851393536
381032546693165057
383035247832473600
382108579349528578
384412022999244800
376453529096843264
375035404006617088
376254415893979137
375025367297191936
383896216548814848
379618497199751172
383101191959216128
375859475871055872
376048233362886657
375965078480105472
382157019114774530
382340215815168000
380875935307661312
377021321026097152
375600353238343680
374451889904947200
375500225571332096
383254406189170688
383260642662039552
380993478731112448
376237261961953280
382827583353929728
377460565976678400
376781711885217792
384713952334061568
382748980448219136
375406606260785152
379284627560468480
380436599776874496
382350737658753024
383885026925883393
379934171692425217
382146649990365184
383268667988779008
374256075710955520
384377760753664000
377501326483021824
375033054416601088
375291982496931840
376118679647162368
374653208536580096
384105270743293952
383241992345362432
384726939480891392
375489727081635840
381729266721103872
378160770896248833
380054327370326016
375974553702236160
376316100515856384
374452862572449792
375488236820258819
383586035193483264
382156743096037377
384638145754853376
378257079024095233
383259076789952512
375726750484791296
378168385491595265
377629909444599808
374565842924482560
374970910060859392
378492635872100352
375858215025917952
383612894748749824
375050723207032832
384666865672257536
379666095818674176
375722580558102529
382976449004986368
382752387665887232
383835773176250368
374452909620350976
380027011915190273
383294457145475072
375814013453471744
382900103087796224
375242247379615744
382511013385367552
376117189574545409
374525507020148738
380220366120955904
383346483560345600
377218981977161728
383749554341818368
382492628853338112
375484611146428416
384463052084494336
384239234669760513
383422603987152896
375489031066243072
382173198642446336
380322200617627649
381837086967734272
382394394503962624
384708307258073088
383147736825991168
377359714642059264
382883591061266432
375679407324549120
375496133897773056
376527349644546048
382129343738032129
374510043380846592
384457219271450624
379432305887956992
383973237463347203
377956644115607552
378452525084467200
375598444317904896
375484141069795328
380271161935794177
374842282945441792
380392977647931393
382387212132044801
374273484370616320
382699214444052481
375498552392183808
375453131598876672
383400167149285376
374848492822208512
384013504157876224
375511241143226368
375484371894943744
383752785751461888
375513813551820800
377591915958370304
382170327922782208
377904460506599426
375028083062878208
383879310370553856
382287765192183808
383098375366651904
375591972733349888
380586150076743680
376531898266181634
383586033893257218
376682189037244416
382225411486515200
380536463483363328
378174930577530881
383416457377234944
383726538711375872
374925674815180800
382230452087435265
375491157620322304
382140481343209473
377207553056190464
383076935393226752
382154572099108865
384046141999837184
382917298224263168
380282912610205697
374294547452289025
375055384945242112
382214276301471744
380816185140330496
384684624628441088
383192802298826755
382692727948734464
381935224700944385
379284470287073280
378182229924786176
374764777819480064
378180756570271744
377496126070349825
375323383191195648
384082253090795521
378272535617343488
375140537868627968
380489606237388800
380991423341801473
380144784548982785
383993097626992640
377427079467257856
384280481614663681
375962010976256000
384675494614278144
384572878860992512
383701281857994753
383702655325188096
382836674998198273
384570710351699968
381536401268801537
377500637363449856
375520503944851456
375721571438321664
384409214065467392
378922640729460736
382486223522000896
379612070511005696
375039816733167617
382525008029163520
381276032029831168
383606010125885440
378182746289340416
379987259342462976
375045862340034560
383240946118184960
375545036886122496
380001246486081537
375444248272707584
382118568654929920
382258310709510144
379990990666219520
383758033479671808
383197663023226880
377627947664179200
375646478598799360
382139855498539008
382173553543499776
384464911184588800
381068852601159680
374002119734353920
378875787795247104
378643489505832961
379966062986420224
375579326508322816
378087910429310976
382921955118039040
379393447087448064
384791761845227520
377951443871105024
374045758699622400
375494899715407872
374676712019070976
379710244026212352
384637546950832128
383194312554463234
375405210467717121
376609265038786560
374625203873009664
384294432042151937
376816775477747712
375448736907792387
375507429003235329
374575663295913984
383564714870964224
379452863702777856
375484238516060160
384587899145973760
378508485493022720
380864993492606977
374450118893649920
376397731193180160
375126402615349248
384249537117691904
384331853739474944
377255201750515712
382408040701779968
376947579482677248
384098146168483840
383231434556583936
382110419814334464
374838973920579584
384762115434618880
377771814631772160
379696148124282880
374637871778373633
374401218203750400
382481846157574144
382462770110668800
378723139770798080
379796980236447744
