135034938360737792
131683721551167489
136457637205258241
135945607754940417
133593010125537280
139051688597258240
139030248015659010
131478388044070912
133589026451111938
136073025119457280
131834876830814208
132550248898891777
140958387331538945
134870146207580160
137258935605411840
133753091643289600
141640240338178048
138378214899851265
137193440516636672
131682636774117376
132520646516289537
139215601284550656
136128882276438017
140944118955257856
139400459160002561
133899336248598529
137259476561563648
139585508794834945
134001118417129472
135775427930238976
140933679043182592
132108232285110272
131991511079464960
141246016845385728
139030255397638144
136742238129631232
132862142792740864
141980608283942916
141036820136861698
137262373525405698
141867397345841152
140938837072420864
131687549646282752
131980005499617280
139478757751799809
134775938104823809
139517488760233986
136064412258803713
140928813109477376
131694947924578304
137038075447615488
140936146489311232
131495537512951808
139506261631827968
132495863237976065
132193556881350656
131689411061612544
140934023378763776
139394328052244480
137951874220425216
141557027964059648
140939893965721600
139018224774815744
139003052186279936
131731773146148865
131686596226449409
136389965989945346
141413964725764096
134573912628535296
136121795332943872
139483105659592704
136148548428382208
135571134912532482
132230507281915905
139724370187792384
133287032654008321
131678811841499136
131764785091059712
136324702795866112
136035230774607873
133876595688620032
132056471574822912
134292328763506688
133577710978080768
133580232530722817
142006390364454912
132540575915311105
139133567103025152
139376968729763840
138608035324108801
133210127594553344
132481855495745536
131976426151870464
131683043164434432
132151052018532352
134097888782454785
131802083224588288
136306190325006336
132495839355604992
139761522774769664
132475234233225216
135680399794896896
138531622235549697
132092304214331394
137592965567750144
141053823677509633
131700433998716928
131677474361851905
133889168337145856
133150588019019776
139030167719915521
139406951552532481
141380516271230976
140932167734804480
139396556251086848
139481362221645824
135598852492374017
135605520559128576
134505853976977408
140799313533079552
140931975459508224
137029494455287809
131722736031629312
134017129379930112
137204646912589824
141499586664607744
131422546267615232
131388446819364865
139028294942199808
138718203244318720
136046702737108992
134441949284417536
131761387809669121
140933795682582528
132377519423889409
140940928641794049
141901395824611329
134444627691446272
131191105021689856
141325941317177344
131686243489693696
131678956708560896
136386017803513856
132241005004079105
140932617494212609
132036994418221056
139965702663704578
139408856978698240
134496793047216128
134098912591101952
133652868312993792
140932391593193474
131678819408019456
132044713430749185
135665141323796480
133310027640475648
141070570853904385
141617555642138625
131717866167865344
133214905594691584
137428660457177088
134686449915277313
131314673613156352
136262313601806336
137440358060666880
134032129800667137
133509537792659456
131539895943573505
131736878411038720
135560427840081920
138739835061018624
140937712101363712
137600430548070400
133403856859181056
131362568391495680
131683847124430848
136895068152922112
137942508608036865
132884329071255552
139435365047091200
131268820303233024
139478452771368961
131678814030925824
136104421473005568
141943780390612994
133546752593756160
131734354941579264
137384546017607681
138717294279917569
137183362623352832
137117051847311360
131683245900300288
136843748696002560
131418159990312961
131415274695032832
141084731822440449
141513041790509057
138717074041225216
135283150162108418
132248593666027522
132088509996597248
133752297544097795
135473157569122304
139237331822579712
138724163371282432
131715267339362304
133936900946931713
132357379210756096
131385497690963968
140792910974169088
140934267113963520
140006534557081600
139393488335810560
137601452867715072
131381155097346048
132086769335275520
131438658648674304
134702547196854273
135002769928101888
132484694603345920
133592394481414144
140875469988958209
135551452956463106
133651200791949313
138953760956358656
134294875557478400
137285165650165760
132434236505460736
139427099516739584
133750558711492608
136087478443589633
131910587356688384
141718548291657728
139376711740555264
135726149128044544
134717282906669056
131687625600942080
132143024053563392
139153480433672192
137600937584889856
141916612516253697
140943941506842625
131788634503389184
131438653154131971
136842038506307584
131270946949570560
141183296179683329
131184678949494784
131972079787581440
137040526334640129
132263913378156544
138971742373814272
136850606018150402
132225368349351936
135522056551931904
131403127676084224
134940492583534593
132234218385326080
131295631527510017
138758161292206081
131717103081369600
131685146708553729
141905334871666689
140932180141547520
133957000034918400
138114085844811776
135423284513751040
131687612346941440
136210478773972992
131827392170827777
132835754840821760
140731092704575488
137593082278453248
136180156623618048
134475420128116736
133888702224138240
138129335830847488
136074265651970049
131825612942884865
135772207417794560
137593488500994048
136291016293617664
131409598816059392
136036104636870656
139478370655285248
132047834986979328
131503111465476096
135664115342520321
132848791966584833
132090606217474048
139348222517850115
139278274965680128
134603975910633472
131677138045775872
133831165554597888
141309695506915328
134771091599147009
134359604564996097
131683375823073281
138582034737139714
139479580229640192
135512075354124288
131811519368400896
141505303521931265
136128031482839040
135182074939318273
131802450419138560
131749333715533825
132015972835012608
140945229460160513
139307172315140096
132844639655968769
134305277972455425
140702671035318272
131674595337048065
141459554511753216
136106123072778240
131610298653216768
141503865286688768
137562341674987521
137447930037669888
135512074301341696
131813296465645568
141588896080334848
141640846603845632
131220183648976896
132081389641269248
132047034327891968
132123432623149057
131427086912069632
131367868221767680
135190107857747968
133879186090758146
137257238233497601
140936837836439553
131351401329721344
133009469478146048
139396557010247681
135295976415047680
137120558511964160
133936902788227072
135547469001015298
140942877546127360
141921214913449984
138813935213215744
131682900792967168
140786552849711106
132079924914814976
141458630812774400
138610430439464960
139401404216385536
141569857798938624
141059462952792065
131497887472431104
134299765822337025
131409377671389184
132089124973846531
137281013616349184
134955282257297408
131860919369203712
139487691321516033
131358483189735425
137469647170699265
140937503451512832
139301149781139457
132140034810851329
132065598095101952
131352445879189504
131263699703955456
132377522808684544
132991976772608000
131458376545730560
133203679938490368
137026514259685377
132856164965810177
135323487853219840
133504250817945600
131701194497331200
133879706591305728
131849948374384640
131684510499749888
141091696137093121
133587043623247872
132558334602641408
139378336542638080
138613423314452480
131754941197979648
132362870758445057
135752441936363520
138748276076843008
131691656868151296
131690093974011905
140938984242155520
134606911772430336
136022158672539649
140665172187553792
135749708026093568
133401247700094977
135394949687554049
140937503883538432
139965019034107904
137944279694839808
132251572628504576
139586343436173312
134752339306364928
131433852299251712
131813657259675648
136261659227467776
133588998982606848
139388340179972097
133567182721388544
137524742893740033
139600418094321664
135335598390116352
139195162839613440
131719792909488128
138573782288838656
135509997198131200
132229400790962176
139608172737466368
135719080719159296
133760684004614144
131628929852252160
132115516331528195
136466921662070784
141055415747231744
135528481034473472
138264569696096258
132081373715496960
136194319278288896
132114388403486723
133959918477778944
133512808166989824
132110301448503296
139557664580579331
137040797538328577
138724499142090752
140932824948682752
131388036733874176
132143936880914432
132963579933630464
133212111877836800
141290837001764865
141310331589890049
131729021493981185
139381513476243456
141309155670626304
134506034520793088
140939332751069184
136674958460985345
135469936276545537
138547188660846592
132377521378439168
140702803470454784
133890785555918848
132281426941980672
139750905569492992
138718550130040833
132011826731950081
137178838202462210
131812949265362945
136035500321542144
134689434238070784
136159779847540736
135047636708360192
139162410094313472
140938150611652609
139428774855983105
138543517747249152
132503720121466880
137857083579183104
137285084028997632
132075519230484480
135001869859815425
136049435540062208
131461993847730176
131418692406886400
132035237759819776
131420583748571136
135282780799111168
137154204555943936
131787782501826560
133710213839724544
141456587851169793
136357796538089473
133876749158195200
131780853943644160
132236043771588611
135771771885457408
131684463850692608
131786374692081666
131548748835848194
140938944706650113
137647535807414272
135615565925580800
132222170779754496
140932177897603072
137515274692870144
132684067383676928
140934728781012993
139033845629595648
137037140667269120
137019681990123522
136877267958767616
139922114152120320
132131033339543553
141071256589041664
141096115943636992
134186615127031808
141944871433928705
131972811152560128
133557918246248448
131850038136684548
136849282870411264
140938282312798208
136225488430567424
138687351516954624
131359905364975617
141977662016069633
142007681161510912
139377297282174977
132073085145853952
133886728162390016
132471227699826688
139029895308247041
133182087695048704
137307371834839040
131675103334383616
139919476933148672
132550328020242432
137601692458946560
132249830868267008
131570022568046592
141018058067148803
137327289938620417
137259930175537152
137178244200931328
137027471513092096
139940796483907586
137085225598599168
139964933533204480
138977803336028160
137050620648636416
133581346776948736
138459025116368899
131888484981022720
131204672387158017
138726084119240705
139479422813220864
141228320657387521
131749330053894144
137040795021737984
134440909281574913
139481781169688576
134716975116075008
131678816501379072
132041775719256064
135279481144348672
137401674766618626
132255753305206784
133611573544620033
136823699448934401
140949071291629569
133892905541709824
141711195886465024
132214577940283392
140004085079355392
140783023959453697
136204808116899840
134482135015895040
131691761272750080
139456278870241280
131408358602317824
141430644654874624
141397863518322688
135749330740068352
133828774914560000
131394171788468225
131488270017245184
136160835981680640
136479079359709184
137447936815661056
136063112511111169
131461327993585664
136035570932658176
135796971108704257
140781609807917056
139908358198145025
131768043985584128
133875121541742592
135296044094337024
131682199660539904
133767195149877248
141022209119485953
138746399851425792
131683204750000128
137614725386219521
138551363146747904
136292658850172928
141183544901902337
131760573661720576
136261617976492032
131697476980846592
139339138779451393
131678433938911232
135574552372707328
137418090890805249
139539837844848640
139307050005041152
131680478687268865
131695696855310336
139356702993678336
132895284480065536
138718854380654592
135787645161832449
141048413709017089
139398274716139520
138978288587653120
139913910714236928
132867954785271809
140932426108121089
137024960366518272
140935614110507008
139638727126429696
132108942917640192
135773781204545536
140945161084612608
132081336851767298
134548084511354880
131675458910691328
140949352192552960
135747127287611392
138515924486594561
132855793446944768
132044704102621184
137128016160632833
135866683779842048
132902534804291584
141461847051210752
136848109480325120
139498811054755840
141556949048242176
139610665152299008
136747694327730176
133429801234087936
131678820213325824
138972858993999873
135324266211196928
137029494165872641
138122790443286528
139606753980592129
132144372190941184
138723274640199680
133597050414698501
139540159006916608
131682073982414850
136041684604698624
141029484068474880
140940127663951872
139029969450958848
134434393669369856
133397304802689025
132172447406489601
131528945031053312
131382874023796737
137192237019836416
141196705038217216
137258212851326976
133578858921336832
138717403377975297
139425990144311296
131675449863585793
141973216875917313
133737345005522944
135836426746085376
131683660645670913
131429644489605120
135453133785661440
140704503447035904
133580231272435712
133590077484957696
131342880953470976
131407019549798400
131447271802941440
137459295922032640
132210534169845760
131687548782247936
132894968397303809
132982791825657857
131709780938072064
141296901927608320
131415601020289025
139303157883875329
137815400174993408
135231639608496128
131684132626509824
139479544087322624
139853023454298112
135646274685906944
138281741000519680
132081377091915777
131687638536163329
140937777230516224
136782074454618113
131678815318581249
141661403231682561
132509910855458816
141633930980892673
139661560539910144
139481002895622144
135663839034343424
132092621035278336
136046144739479552
132041765376098304
131678810532884480
136668682314190848
138753613316112384
133352487070609409
135489327806418944
133159351300014080
138619856705687552
137561506203189249
132248451189702656
138662229326307328
131289101377880064
137146066830229504
137618749325975552
141131280204046336
135471331943776256
132046377298571264
131667108475060224
138674550018805760
137626655962300416
139002318824804352
136493110657167361
136152108687818752
133284165394235392
138914353838694400
136821655325507584
138719642964328448
134298058556055553
135840777447280642
131714612876947457
139545018271674369
138577323514527745
131676951017562112
137017708561698817
134291186633555970
140936884791681025
132861557381136384
132901040344408064
141451342018392064
134363200488603648
138837348229185536
131688023527145473
137533100816203776
140956953194135552
131404777773993985
137577124977577984
140934177267777536
132496988234199040
139304650351460352
134496956620881920
131686190133952512
140932900370657280
131716882683281409
132320370496774144
141901939242831874
134226984220893184
131689633598808064
132087127440764928
132234204493774850
133876182327361536
134606255275786240
139057735831531520
132141168208248832
132836732403056642
133142689175711745
139386219078483969
139407658410180610
132221068877381632
138111513545293824
132040262716358656
139376800458473472
131691184795033600
138680684570095616
141970462434541568
132162477541699584
139754039087857664
140233356070748160
132250132736516096
138731782509047809
132754717565657088
134299096004558848
131432900653617152
137172589071179776
135078696678719489
131422533005225984
141544180508930048
139452913176150016
131697068325601281
137304032346779648
132210548409511936
136076410971369472
133736972790403073
131379021077417984
136872360191082496
132678064231546880
136162970504921089
139710063454584832
137267673435344897
131752470241226752
139380822225588224
137569254349357057
133876875658407936
141421833630130176
131697334525497345
131688649753497600
141564599701995521
135808859334901760
133829440059883520
136125714989723648
131449705728192512
141028885553876992
136156179771572224
131386261901545472
135579446903181312
140937903760080897
132050809767739392
132495838726455296
134822667676172289
131606610970804224
136456860726345729
137382506558259200
133676377483378688
138720510849724417
135534017800966146
136153389892517888
136152109329547264
141612568128126976
131376410391613440
135834588432957440
139386707282890754
136520653745553408
132099006284304385
135299549341294594
141611828089323520
131306804784283648
132049575153377281
142007680482025472
136128256280760323
139002047134564353
131712827273641984
132090985357381633
138730755479175168
132513717521879041
131849122897592320
137601955966107648
131304327884181504
135423284673134592
131695436103815168
131387117153697792
140932624620326912
138551507640528896
135423283301588993
140095280530989056
139027045010251776
138742518400548864
133695017515618306
140940890419101696
135573145775124480
133899555556179968
132082673773576192
138803660577705986
137091514953248768
133668332774752256
131684804226846721
131687609868103680
131678821937197056
132125408580730880
138616834684502018
134271109574045696
131825681125478400
131689959030669312
140932170553364480
131807996383723520
132087578999521280
140797243857960960
131389840846630912
140935103982473216
139127594904854528
139803922335412224
141632793187844097
139371249943056384
136492620917649408
137620373515673600
131815230220140544
131395240773955584
136061264920186880
139394927414095872
135085647387041793
132102449229070336
136458361041461249
134661701172862976
131782609779957760
131755730947674113
138090290731954176
135572103670931456
141897164820455426
139491818315321344
135423283112841216
131690898034659328
135489783161028608
131779361408958465
140931482930786306
141701359769624576
140664835124891648
140098477890863104
134361298535325697
131684331356815360
136113187950043137
135888047140118528
139378038428278785
138719362545745920
141451645946044416
132210537563045888
136035441131528192
138722302769627136
139576009216364546
138724053895753729
138718442932015104
135779102836789248
135297403694751744
133616768328540161
131684979011878912
132123171125080065
133582736630878208
136036765923418112
138112463550955520
136956595866304512
131335017124216832
141574663024279552
140108351857111041
140004083250634752
131682854353641473
131361975212048385
136485644649246720
140945110782324736
138733167858286592
139358914767618048
132529097254506496
135536231021944833
141569834990317570
138463832950571008
136766881347538944
138543937542557696
135842359895269376
137906295276707840
139485356507664384
131748104088199169
132894968741249025
132491046054658048
137546256934371328
132143621561532416
137567239393120257
138717503877677056
139260793949663232
136199802915528705
131727137597169665
131677668805586944
137937461488787456
131695411311292416
141151238657015809
139320159394471937
134442293867450368
137136654518468608
132106069660008448
134884888439562240
132465868541136897
135772781026615296
134723069821456384
131807896555110400
137032158484238337
141949057110261760
139390015435321345
132087122625699840
138662028242989056
135527323142336512
131742909954392065
131616006010437632
136228252170727424
135157593147576320
131682850222252032
136731522165260289
132121419155906561
131692266153705472
131685071081054208
