68797792776232960
70900276957155328
74756767833264128
65086965858566145
67138869291778048
74945679755194368
69725661710925824
72712188871196672
68882930470096896
67370557682884608
67024349751820288
74118912400297984
68610154173710336
74316801479151616
66325846704656384
65463138937618432
74945680271085570
65800556282773504
73371358066769920
68613754941739008
72148288828211202
68753105155657728
66009851607781376
70540021916114944
73936449652797440
71255152992075776
68367402416607232
70670036943110144
65748918855671808
69034240272109568
68594062877392896
67599968705327104
65542017433874432
72628621143064577
70560922598514688
75545825622761472
75542420921663488
68332735080579072
68231694511124480
67166860222799872
71436411538128896
67908138854125568
74992963100479488
66875956714930176
68423813779562496
65939480997146624
72866403316801536
69428138958000128
66497542275334145
69110806805102593
68267523518365696
75548560346726400
68368437612781568
72383733197586433
73302211437928448
64994636200030208
67019571432931328
73459527504236544
70809161440559104
67953589372452864
66489318650294272
69726168659660800
73262657897107456
64985113557073921
68597749326675968
68332216886902784
73141763090563072
75032616742559744
75238057317634048
72761399012634625
72070424778907650
72847987604336640
67421510339538944
68586437188132865
64661158493298688
66003827526074368
65837714175574016
66008635750354944
73987442226630656
71579814091436032
75168917009596416
66009476607647744
70229376830160896
68367478148972544
74126310808633345
66073180367896577
74817852384870400
67652304920252417
67512808887156736
74411697653301248
72280792746835968
68690116289376256
72864933376831488
73948842835451904
72615613025103872
65367554901819392
67249709986750464
67603834209447937
68417513100296192
68365204794249216
69046073775243265
73335095292993536
72517196030545921
75168623802585088
68426648822890496
72020522006880256
72521836298117120
75601729386856448
72468493458608130
72840836655742978
65503375432757248
71142565612748800
75373916721397760
65369248360448000
72976430903992320
75542851664097280
67562028717441025
68173062784290816
70935555915005952
69103307473424384
75119866142658560
68882912635928576
71381432668405760
68351709113618433
73987614272782336
68682749757759490
68359988325789696
68344123303792640
67299015271776256
67775658478141443
69954489494409217
70440774990442496
75539421218340864
70612731044175872
75539565514993664
66205052309733376
74990601657008129
67720476453117952
68493739546521600
65317279230996480
70906489480552448
68173019910127616
71656918887841792
72837304720429056
67721290282311681
75426603345264640
71547445800206336
71561296713220096
67562370347696129
67959031293165568
74200042575101952
73946796929462273
68692311952994304
65834018050019328
70551777581342721
71167974396006400
74304451271335936
74190332820078592
68565002843471872
73939565735448576
72980495268450304
65763227845398528
66508742379831296
72980315127300096
66511023808589826
67307431558000640
65616593668935680
67563731151896576
73508359822782465
69797340365598721
68329199416508416
74128937319538688
71346615423733760
74658808865103872
74483386646929408
68350652824289280
71343874588688385
65791900438888448
72986844828147712
69715757528915968
65085673262153729
67772849380786177
67246306330025984
73949031713353728
74134839493804032
67513562448400384
67606877873242113
73169056299098112
65189356083748865
68594266259206145
67690332300640256
73371551487098880
65800811208388608
68272030713249792
70385634640019458
67378522418724864
67422507048779777
71448558674522112
74660958336851968
66993553674473472
67994502249451522
69561097048440832
68413849304444929
68779919777345536
66009525345456128
71502170213728256
73534325576048640
70877336131739648
68592734629412864
70198755865010176
74165023748005888
73943634361331712
70805574366920704
67421663024775168
68558582441984001
70464597429198848
74589657622515712
65517442809593856
67510304120119296
70455031173890048
67247773321412608
65834017806753792
65919383737868288
75560954590543872
71180894999805953
68763437752270848
72005875342123008
65789631928614912
68592337571426304
67182809193775104
67772822235250688
66244256267894784
65693143391150080
67728280245112832
75542317725003776
68256272348229632
72536721174179841
65915459341529088
68350899864608768
67567647126065152
70561504067461120
69084945716486144
68366468496113664
74775514920919040
68576228680007680
66486231743201280
67959286218752002
71146716115644417
73957836773793792
69561668656578560
67618547110649856
73300911363063809
68452358601977856
64660564361748480
68398210942636032
67562395274444800
72517379325829120
68303704222212096
68379535619538944
70464602982449154
70282097532735488
72914562311143424
67423101239033856
68483561182859264
70490304679133184
71037116766896128
67890653308264448
71527209592041472
73446410317602817
73681747019173888
66786291014053889
65372013425999872
68791410777788416
65079323836694528
74886915018596352
74992951226400768
67632544685891584
70582612363718657
74170395867086848
68454941978660865
68368919878057985
71437037823209472
67992934594789376
68259502532726785
69690697216823296
72964016376516609
67576020907204608
73838640375140352
71809681504481280
73431851326386176
74996330145128448
74817851864784896
66366780226023424
72505094490435584
73024692277084162
71663419941601280
65711348666994688
65813626388353024
65858385177870337
66234471535484928
73945992378060800
66509217904852992
67049099282743296
68007789833883648
65083912241684480
68463374551367680
68352393380765696
70555653885796352
74299865491980288
70529059951607809
74121963890688000
74331320658042880
66497255649193985
74576099861999617
65042104811925505
75539272425410561
66291141716357120
65921714860736512
71163258358333440
68775196940701697
75542530061631488
75171459072393216
70598547413794817
67421803814985728
68536759255961600
73934709041807360
65352354026881024
66151904304037888
74300004143083520
66249512108298240
74293928567910400
73711113388306432
65504328974213120
65617830170730496
68944041491955712
67775263030775808
66226230210461696
68608211879604224
70577080500359168
68592735963201536
75587630275903489
67561575531298816
67155868449378304
75005990252199936
67511724269518848
67779255420985345
68587829965504513
65103534764462080
67737022776872960
69359166405357568
72739111395532800
65958085713330176
66016391681150976
73025407103938560
68618498997362688
67264058029654016
73396695911763968
69360198594207744
65950817378766848
73059571660374017
70576389677522944
74128529624805376
68993221786734592
67887103979159554
72500959514865664
68333353161592832
75057582468894720
