2773316830
2694121092
2479846280
2498079502
2498547685
2906041408
2434074200
2867879379
2544276470
2866136587
2413137535
2880575322
2553180926
2698311040
2909245190
2927148918
2867889670
2594650770
2498407092
2593654006
2782589607
2910012954
2867866553
2757429769
2867866690
2908155041
2798735096
2731119290
2880548899
2614023737
2903782407
2949852788
2906986280
2899728917
2509155610
2623157762
2479846827
2890371838
2552177895
2414563043
2878638633
2925469756
2552022645
2904088784
2854617397
2875833651
2653045920
2616508595
2875471197
2675109712
2753863530
2589932089
2688916356
2544160674
2798723788
2546941187
2927148935
2953203138
2907029473
2867866543
2907812608
2775767606
2775280839
2872333633
2671305086
2762133257
2622606215
2911869231
2866896985
2549346309
2777632392
2541867817
2886951088
2419425873
2537827797
2417924792
2760542023
2868475736
2779071775
2594650771
2927518098
2867535828
2544630117
2922110949
2912019763
2867002731
2772137397
2437974102
2506542268
2626726993
2449295743
2829769915
2792141029
2926509654
2863913732
2731085340
2867213849
2685484275
2546197157
2513678896
2768762972
2516323861
2789908368
2570925082
2614023687
2865041600
2882218121
2911487221
2512346216
2416864289
2564085877
2925864537
2542773367
2558546612
2768792876
2867542094
2898214546
2908104532
2927934697
2870250581
2862243602
2807383557
2632577289
2567815552
2789908345
2589932090
2908701367
2875772978
2731063569
2496316966
2724350827
2773711198
2422446476
2869883620
2875080669
2829792294
2780999138
2492606339
2625005702
2572053322
2867939482
2658586469
2863938937
2789834180
2751778681
2888868700
2796443119
2696452265
2809325633
2940535507
2759938573
2616518532
2867627860
2910590963
2775436109
2740286053
2888005711
2498591613
2567921323
2920137113
2899153465
2789809911
2626734856
2879420856
2912172714
2908059968
2500722848
2884121969
2906860780
2912206441
2904669571
2498146064
2730402952
2868215407
