154267023545872384
155324212599463937
155380953261408256
159249591458480128
157060551422386176
153677679873363968
156938336144072704
158865535772270592
155797416350720001
155755746989056002
154980222251442177
162943452294823936
159355110512799744
155711337186607104
154245234149171200
157148841500618754
154232532018282497
156777585534181376
155338643073007616
154348122393427968
160289424767336448
155528349937184768
161925234902052864
155986717717954560
154244355358605312
164439182343806976
154732252708880385
160443374556561408
153682591797612544
155795992342573057
161444097427648513
158875748621484032
157405840222060545
153316790162833409
156361260974354432
156451033512550401
154534393518624768
154545905876475905
158001912493518848
154287183635812353
158093557574545408
159329036651331584
155294763447361537
155349783740035072
154692650115661824
155048919594835968
154544436574027776
154242788718952448
154236025160478720
156646984013447168
154451140954701825
160266052234776577
154724128576913408
158082786937409537
156777813054201856
161653863366131713
155242633684467712
157028446164353024
154886786819170304
162199530807373824
154662700364988417
162471687546347520
156654503016402945
161869042012004352
154408848365588480
154314229359448064
157022196886290432
160007424831524864
157468719424077824
154766424219463681
154514442657345536
157206748984381440
155346835848953856
163998351996628992
156458565845008384
163998694490902528
162261622608494593
159253130155003904
154584329362751488
163654534403604481
154270541220560898
154242853571268609
164380419578540032
156805465525862400
155704183180369920
155431995604860928
160016188703903744
155297493960237056
158571865206566912
154691185921888256
162942869655650305
155700524300247040
154078478734606337
156783993734438912
154893431200681984
155246009738477568
155607990089691137
156977786404356096
157424631177940992
155475994176794625
155426562194419713
154388546080350209
164123235997319168
158555449879314432
158552911603965952
156468022595424256
156891365509304321
156962205949108224
154279340941651968
162287546804613120
164109639498203136
154231135344398338
161380171264442368
162471573914271745
157459263810314240
158661748604411904
154731293110845440
155527548451819520
164436698955128834
159170964091977728
162114527826153472
156892615097335809
154244490943676416
154633180480159746
163024610567262208
158025095435137025
154979229392580608
155275226450632704
154304419272474624
155496643280633857
158300132167782400
163634581805875200
157503419110797314
154232540507553792
154500016168386560
154303362253332480
160215115621335040
164029916256538624
156093533823057920
160329770754777089
155258809697304576
164325583285796864
160394187664134145
154979877437702144
157234230299070464
158674840792993792
160829346880303106
156815995107950592
164385374750248960
164010974825820160
157479545983877120
162571661135196161
156890655812096000
159803632836030464
155454305539850240
155394372958040066
154245806260625408
157287263976435712
155732907036643329
157502745019035651
155605782883344388
154632337987084288
153823331039199233
158614155191001089
154587109112553472
157205301462966272
155580442244952064
154552220384366592
160240981051064320
159525038196932610
157852853141114880
154472688595902464
154233361462865920
154325049682305025
161394619865763842
162481626780151809
156895776994361344
154242136676646914
155346028839702528
155801859276279809
163994191129612288
162114881183690752
156436005879156737
159321614515847168
158205780305260547
162205550594101248
158442493862608899
157093296450179072
154288522096943104
154230831005704192
155255408460709888
156790370703912960
154268730896039937
162289009928830976
156410382876024832
154653078384152577
155843494286606338
159371518097375233
155345472448503808
155744414659133440
157519095850471424
158087197189349376
156776040801374208
155642239400419329
159296541646008320
162121306240851968
155843067394531328
155337861707730944
156982833339056128
155325687962664961
159251016943017984
157767615148859392
158678242608431104
156789902778974209
155756254940246017
156061081599610880
158309071332712450
156983633612255232
155296369366675456
154462138126188544
154264689784799232
157829834058366977
157670324513685504
155344962047852544
158900250751418368
158905061890727936
154627030695153664
155476624974942208
161937629376548865
156823928474574848
164380419620487169
155923431756546048
156783993289846786
156813052887580673
154973440015728640
162536643390218240
159885899927273472
161445263876161537
164040765742391297
160398447634157568
162946289527558145
154075993236176896
154300947181481984
162276091594162177
154640704931512320
159251560931655681
154533890999058432
159263149663588352
155993337046892544
164372001564262400
156329362717814784
156877077050699776
154631953667203075
154602729354952704
154284419685949440
163322144930021378
162192474868166656
155912998924460032
158994188791316482
163425467658014720
159298049569595392
154232524581769217
156682822537592833
164110946321694720
157012130984501248
156890779757977600
154939028788088832
157191011066585088
161372127101059073
157667464572960768
155610785299705856
153408674063335424
156777580974964736
156453484445700096
156585126808141825
155906694994604033
155017759829397506
154626448760651776
155351996969398274
155805278238027776
157891984592347136
155799925345628160
154541440033230849
155729214006505472
164336634907721729
155638292098973696
154617377898766337
157488217455738880
158070644779655168
154243955381374976
160113664618266624
157102692043472897
154233654330134528
154545451092283392
159727739975372800
157450169531633664
155979738521927680
154259767232167936
155894894416769024
155429480897327104
154301119156330496
154953174271266816
157849023854813184
162260808410214400
160757344672808960
157142928593141761
154971666244579330
157488626912071680
154262971000946688
158547175507365889
156827743844179968
159249133369171969
154655133203050497
160251510805110784
155069173016436738
154231182186393600
162207599687761920
159484054864003075
156745106744033282
154322701618647040
155632676706062336
155730439150125056
162193060472700929
154241871449829376
155673811696631808
155844530971742208
155800800118063104
156359699615330304
155147650692431872
154542072781750272
155902555384332288
154247111960035329
155301057717747712
156447702295646208
158009031477301248
162843792683180033
156935045179904000
163668438634594305
154521717576962048
155430115612954624
153869194830675968
156776246091595776
158294685201338370
155294763015352321
164073129143046144
160398032528089089
155345662412718080
160730862881734656
156962077913780224
161850947411255297
162215607947898881
164472500145762304
155794769547763712
155376464408219648
155378276204937217
160025239336656896
155871391311343617
157251294640357377
154252593365909504
159945222552432640
155540243016187904
159330028407095296
156967482563899393
156608729406640128
159182394547634177
154394482685652994
159409551664365568
160214947878535168
154231180303147008
161587658152357890
159790546662064128
154381916789944321
155713878985162752
154245820714201089
156084427921948672
154968660522442753
161484234119327744
158429446905401344
159867693141471233
154249830317817856
154246957806784512
155672878514319360
155712356691886080
155794945469460483
159987180855492608
156744912753274880
155340312976441344
155796804368211968
155347391661346816
155733414086057985
154372667053588480
154281438219485184
155524966639603714
155797452434309120
154510234340171776
154648037627666433
163389248404332545
155731690109665280
156771642989748224
162216412297953280
156829597957230592
159247569413877760
154642658537644033
160033811168641024
162123645672624129
159610323983273984
154636130111864832
154307040427261953
156812762222309376
157035903435546624
158614154805133312
156972853479227392
155393898712281088
155800663945773056
154350335819915264
155048930227400704
157086760621449216
154038349533954048
154946272040714240
156771208166260737
163695790353690624
156961216940613632
155577657856245760
154253440019738627
157079280201891840
154231182400290816
156628398062575616
154970674144874496
162949354762665984
154712147379752960
155712725207617536
164332467044622336
157597549350498305
155795402631823360
161373565541814272
155789520946733056
154232926438047745
159394958279839744
154601899482558464
154292015696314368
156458477064159232
157968212426895363
155337030405079041
158963815860539394
153391085492776960
159388723690213376
159594979268886528
157066730806575105
154664134963769346
162860505248169985
159326927461691392
154632504635166720
163512187082649600
156126508396716032
154937651873591297
156773787134722048
156965687343063040
162515003411402753
156980859830943744
159787238673231873
155507474470940673
156061506927210497
154482127784783872
162223562906808321
155759188788772864
157060997088157696
155358804412862464
153869711380185090
156441990823821312
155707444251738112
153434443498012673
155237225192361984
158586023880818688
155350422125686784
159749809769693184
157191012199055360
154246598002618368
157199330728624129
154558673874722816
155339333866500096
154729157262188544
156771585183854593
154231183738273794
159584399044784129
154231386453196800
155371857946746880
156771206597582849
155716412848087040
155990882250792960
157729015300501504
157561551648325632
159995139215994880
154249822776463360
160167165624991744
162215602788892673
153687768382443520
156778698350149633
154562088621178880
162529613774462977
153682565839065089
162191198008782848
159297369274458112
155347438822100992
154285325835972608
163706520591278080
154939035041800192
158838324763697152
155511923784433665
162529501228703745
155529260923224064
154368156482285568
154247568690388992
155415522991804416
161780245236695040
155947590377148416
159746409606819840
155987974847332352
155960143522185216
155685774111686656
154110885697302530
160983965010886656
154624157655638019
154262559028023296
154354575808266240
154254401291296768
159293170465783808
158909309487546369
156771190650834944
157889525044101120
156819883651379200
155824059198881792
155706063927250945
159253182336352256
155631198918541312
154124309558865921
162946579362361346
158298883913555968
155447668984913921
154257453775724544
153700598385090560
154932365746126848
155353902907273217
155324887240675328
154591987624984576
156840208938184705
163961623206309888
155344384055984128
154390871188570113
158220204554469376
154364734509031424
155400671062011904
154284708577021952
155388412692672514
155276837122088960
156923094970281985
155359610436468736
154308556169031680
154249919580999681
155776086544875520
162191196389769217
155346717972246528
155367921835712514
155346505509777408
156788338488119297
153796686513315840
157756281044746241
164132413725872128
156210056696836097
154261113947701248
162123648193413120
155094905537044480
162657065142198272
155533143179399168
154231671858790400
162123659912294400
155793105398927361
154576000590680064
156108604791980033
154351211137613824
154350599406747649
155324208174477312
155590743610757120
162193736124743680
157076411356680192
155703555133669377
158295942519468033
160065336664788992
156777580354215936
164435223029886976
154543365772427266
156390484233826305
154298087706329088
157889657072390145
157718202447704064
159290201825484800
157879630492205056
155352447408279552
155110279712210945
154245068901978112
160390284541296640
155527448883245057
154981669466681345
161374087858495488
156462745603145729
156777579951566849
155345785930780672
154705116241473537
155411386950877184
154272819155451904
155993812643229696
156790761621422080
155656602865774592
159274770532278273
161173145817059328
155321718846652416
154352994463387648
154279779170910209
159803373342822402
154312010677489665
157299804790206464
155638669078827009
158206250650312704
154249841931857920
163897072960016384
157482105742434304
155099214144221185
155991197826035713
164000486947692544
155433834572292097
154245001998635008
157633205573398528
154552218916360192
158879953360924672
155801900372078594
155349386954670080
154692976264757250
156096304232153088
161685802177404928
156770340146655232
154607179314364416
154370285477437440
157146333826920449
156801753210290176
162192844562509825
157194004243550208
154409788023906305
162683499466330112
154249837230047233
159645154091872256
155826458068127745
157595680125366272
155393765081751552
161179526079062016
155334424945364993
155339143004692481
156775515976503297
159461919806337024
157153557634760704
156890519123922945
154284742076936192
154600833365983232
161932706375151616
155815592425824256
155698535944298498
155579976907898880
162191550615531520
156378202120523777
155274419802091521
154576080399892480
154255709947707392
154252652711120896
163962096508346368
162681752211558401
160040621590056960
155800653174812672
160625941620588545
155344691993382912
163998689503887360
156961846589538305
155704545329160192
164454848408977410
154159009379790848
154245794508181505
155471082671968256
162152858270175232
154267947169353729
155407015236218880
153624219366866944
156060139584110594
155121104325840898
154518745925165057
154297364088233984
154235533307031552
156807063018807296
157206579563859968
164004005759029249
154237086659129344
163981016166432769
154726268070404096
157615042215424000
156792212531843074
154762947711864832
155864554147024896
154699721020157952
163963253528068096
155495018772180992
159818632560525315
154722869698510848
161580313099776000
161394124644290560
157496064562302976
157435158994239488
156442308856905728
155290101486845952
155698164635148288
154669538103934976
154258107294433280
157967289810026497
155393234099650560
155344948345044993
155359820592070656
154547073511981056
156778626409439232
158879743951908864
156793631351652352
156890424378798080
157154457874989056
153313506438033409
155681728260874241
163396752848863232
157130084904468480
162338329029918720
154607693439574017
156777581809631232
155634986496696321
156013332611088384
162260806480822273
155048933482168321
154711675637989377
160454935538970624
159379905199607809
162722760051798017
154055183024922624
160004847201034240
155348676036927488
155656498431791104
156901115160571904
154586541933600768
158302964111507456
156126763209076736
155713150057058304
154274286356545537
153879934148943873
163666419165310976
157115819401281536
154278024186036224
156777578491944963
155500951392890880
154668192520880129
154247113054752768
156417477851627524
163933819542581248
154270188311818240
153522016618676224
156963767371055104
164019298187218945
154981373919240193
154647141917274112
157858474955522048
156559775243583488
153555049321209856
159299177749295106
155345757661175808
161371921886363648
154690382607818753
157401069125775361
154589641234845696
159606802047188992
157526186573041665
158297599785435136
153391321976016896
160377876892491777
157751866007105537
153466857863659520
162115431203737600
160488003360399360
155298245843746816
154599379444047873
162327857744461824
154341774305923072
156967695311585280
155791557923049472
154632583324512257
155633594960850944
159742773027811328
155799842868830208
164050401740603393
154552088897130497
156788340098744320
154240704531537922
157005033441984514
158554686847328256
157914206509862912
155392072055132162
154898808902389760
157147185320964096
154248063978962944
164032124310134784
154121953924497408
158390696984846336
154265340665266176
154259145858621440
158511025082208256
157701870352220160
154253422210723840
162119849462599680
155715284924243968
155611234107002880
159472507626340352
157383425551110144
156790261501009920
158883554099601408
154358344218443777
155761639038263296
156085328841678848
162056220893646848
162192754829561856
154279306632237056
155924629934968833
162304905481158656
160091868036743170
156440549723877379
156501851263614976
158963638231764992
156192278178828289
154270399197220864
153675793682276353
156840302613774336
155393575553736704
156960534380552193
160737824704962560
154912328553476097
155956080743170048
162386214819864576
154370375940190208
154123782833971200
154495366702702592
154299285842825217
158535327710060544
156824494932115456
159296612148056064
155612980376125442
157191108722569216
156257982638862336
162886112266829824
157110931434901505
155440106696744961
157772162109935618
155619989209092096
156777578751987712
154249846918873088
154263315571417089
154257243171328000
156892914994262016
154547930232143872
155788360101789696
158609833786998784
155754591110176768
154295227283275776
154437289181855744
155393375800012800
156560920305348609
155656280055365633
154122373451354112
154372662238515201
153809702910832641
159947440135471104
156896156545327104
155090139922694144
157129764296073216
164461312309596160
162954011488690176
154468580824592384
154280915747602432
156795040444854274
160667091886817280
159384662702178305
159461285078122496
156793685693050880
157142931113914368
155646452121616384
155731558333034496
155798965688864768
161678848365305856
155494761619390464
156805459091783681
157787450033451009
154546389995626496
157002487998582784
162092305900244992
156784413550723073
155326803395874817
154366522343686145
160331073199415296
154257158836461568
155407364613349376
157799844608622592
155351164840443904
155699124354813952
155352140800466944
154586542336258048
156682822466273282
154796514059878401
156788340824358913
155527328112447489
155252215886516225
155121582463918080
154622652093444096
157152056413663232
161675478061678592
155378117089828864
159249142613426176
159942261122142208
155812189847031808
155472624368103424
163628490862759936
155800131088814080
156377658417102848
154788219907608576
159325616515203072
160747486959513601
162885533025046529
160145256816455681
154274020005642241
157276125503037441
156833401993822208
157201194123665409
159680002802188288
157234149382561792
157471277123252224
154562982234427392
154264435458973697
156884539350851584
159653948511367168
158144263694196736
155278602445926400
155613661673689088
154607660950491136
155379679732310016
161749776495423488
161619335767527424
156778700208214017
158559324413755392
154420937901613057
159533490973585408
155305599893110784
159473883966218240
156035335246200832
161438865838714880
159420830726619136
159495202153840641
158176655452540928
154642203334025216
154400552510431232
154606610860351488
155799767019032578
156329913274732545
160048220242849792
164332746326552577
160745243011067904
160111827093700608
157234839890829312
155795992770392064
157592902422372353
156458220624412672
153917369843068929
154581162910691328
154584701548498944
162347955351859200
154969970038681600
154330154255134721
