79452978678992896
79617553034522624
81315234148663297
85325091373715456
78008878180208640
85252306416828416
78081256503521280
83803855749529600
80206610160549888
79457852661571584
77747492665565184
76246153150214144
77989933817663490
77746650210254849
76581514221076480
86433599515144192
80299734492921856
82066945565933568
82646014745513985
80397697093349376
86521129149276160
76184879653597184
82788595605307393
77746744242339841
77691636427137024
76367225279348736
77746448078352384
82627246476632066
82331009575694336
79870385595756544
77968958669586432
78047954690256897
78039623200276480
84947060457082880
77664964843810816
82370702744879104
78154404917817344
86137859928637441
82362149111988225
82319081532960768
77748014525054976
77844730188271616
79105795266060288
78685647178706945
81426645927464961
77786108922036225
77821361548050432
82306292512849920
86384630118359040
80711998807093248
77749072139796481
77785116155449344
86563129819021312
78519302671704064
77779496685682688
85024289102905344
77747177077743616
84971683802386432
82837324660092928
86186964075806720
77727746142388224
85250882337386496
84955932357955584
82778668165902336
77666069791256576
76565153361035265
78184748261965824
78143650449727488
77717808049434624
77693604205834240
77788034002714624
79088820850655232
77875523287646209
77693855868272640
78084507286253568
80590536796418048
82628447389749248
79274218306551808
79103672566546432
77968021267820544
83736105400274944
78425684304859136
76582816967692289
77801895506345984
82316423321489408
78434825161289728
77746689334714368
77847414366683136
77964385255030784
80402549835968512
82393798394654720
79418949468561408
80107581871362048
80243358500528130
77726940777295872
86106644420894720
78824670345961472
78580338577768450
77763504903434240
77802371090092032
82337742645760000
78458482474496000
79469187596169217
77800533624242177
77873888880627712
82815909315612672
80641186397831168
77774800193462272
84964668417912832
77569668700831744
86565554030256128
77322235945304064
78265347723100161
86524465416122371
85024289115488258
77755267651088384
78119272487981057
78088083035258880
77673575452123136
77717061517840384
77746746490494976
81797723782778880
77854018562555904
82831248183132161
77670422883217408
78859925358522368
83617828204326913
84709024959967232
77774421112270848
78118288869167104
77840355478863872
77733925732093952
84935622426492928
85024467297898496
82858306686828544
79964744043347969
77876387008098304
77745319194005504
78489989087899648
82295456327139328
77774067960262658
84381319429242880
81030151995006976
77821136905306112
79890440236711936
76343752012201984
77950239310483456
77671440077426688
85350691798913024
77701833086349312
81212515220066304
82088760883429376
79178575533707264
79105128866652160
77751686734692354
77746765750747136
80784797366091776
81580156577267712
76540118080557056
86533015722934272
86096247613685760
77870271951929344
84069788963454976
77792345273282560
78038888345632770
80769115282882560
80170381910093824
78810337389985794
77099270225936384
77831230686633984
80577476610367488
78745541839814656
77965927316070400
77850123056590848
77929315823656960
77808026446336000
79539455895150592
81070336342372352
86557209143672832
85201759571685377
77748153981472768
85139614003769346
77939818780311552
86160866348761088
82787815993262082
80251650870226945
77782083208089600
78020850992939008
78873742666764288
85885649131016192
77852797508386816
77693167658467328
77676062858940416
80704020657876994
82878053872705536
77321380374392832
80467389036240896
79107456025886722
85035622573682688
77832696549740544
78332992505905152
78138977135247360
77748080627298304
76581322629464064
77771966140002304
77862219223801856
78817941767995392
77684707336269824
78325330875650048
77804782852653056
77692841480028160
77772580995612673
75941335105937410
76246311434858496
81415811788574721
80325327020232705
79204350093824000
78581433307893760
77323595952553984
78251683477602304
82392432548909056
80650564110782464
77820427845648384
77781321291792384
78129160144424960
81741350239870976
76589647093956609
78721157855051776
85259738190856192
77352134965870593
76408838772895745
80249340123287552
77754779358601216
82481202031898624
78004354157789184
77671160598380544
82391513648201729
82384894981963776
78512837441486848
77367986830327808
80539068353622016
81898121789050880
84695314010869760
77803334546882560
78266009257127937
82386758213435392
82642666499751938
82377685128593408
78305347470753792
78332758233063424
78171700583337984
83688066560180224
78119284546600961
78331360368005120
78235291038654464
77777050622103553
77760617708130304
78475134737973248
76462704243654656
78371245313359873
78627276589252608
78928786476900352
78331324972273665
77671301971587072
78142147391520768
82219816705982464
85290062778081280
77913632289202176
78346491839774721
84061979102294016
77773468405465088
82781862728179713
85578194115248128
76578899265462272
86145027629260800
76352200074477568
77844838363561984
77752910838108160
77710424602193920
85781691058241536
77738965708455936
80665720312168448
84978995443154944
77748072335163392
77815594170335232
77751464067481600
77995824344334336
77103656842964992
78635497534128128
86551918180179972
76370458718646272
85433832370749442
77937436369485824
79044503981400064
78117633190404096
79197518088519682
76776664125808640
84957418555060225
83147962624126976
80271206938451968
77792812942376960
82858662321864704
77656457998385152
77669801115389952
79557735489867776
78512847260356608
77748370655035392
84618163274256384
77713135280209920
77663067386822656
77749275999748096
82817053211365377
83652228740694016
81072367287275521
78308513138475008
86121904355807233
77747400894197760
82781263001436160
77833831180288001
77756381859553280
77853989810610176
78257772294180864
75787007682551809
86527672607457280
83521973677867009
82787125384318976
77347697652281346
78431734366089217
83795788114837504
78165752452100096
79115994504765440
77732359570587648
79044503540994048
79504983292256256
77815392906641408
78570005150711808
77389270008086528
78142178702016512
85024289329393664
77768216700661760
81172423612964864
80678314754322434
77829385079623680
78513624452304897
76352063654735873
80970787581997057
79582367089557504
78102191319154688
78014988119318528
86133355019649024
77735745665773568
83536175951912960
77748106682310656
85231368388358144
79150916699295744
77629379433336833
81736002674229248
77829346403946496
78824674104049664
86137857894391809
76907108611796992
86534783223603201
80353510713073664
76353603199176704
79557203232702464
82378087307816961
77842121922592768
80407277454110721
79581715881926656
77758530073001984
77746656422006785
82329822713483264
85139614611943448
77924049954680832
77829221375938560
76665888195100673
77748248965685248
85317614716452864
78338032125747200
77664714041208832
82800113378000896
82859036705439744
78120240063590401
77695479181352960
78139309852602369
80277299399884800
77767363256270848
77765332084858880
77959854727241728
76448566570262528
80584593098547200
85049421930299392
77802381580054528
77823352466710528
82325436897570816
76380219820355584
80531471105925120
77721527629520896
76069271775608832
83372476071022592
79564729244332032
78114949238501376
83501019551633408
77669541441835008
77795557841702912
80249773214543872
77852021025292288
77770812396023808
78484715291688960
78026842522664960
77833637445382144
77710226660405248
83864915881889794
77683747327197184
78512152478101504
77840355344650240
77601391270576129
77777401798590464
77635681006002176
80637970771755008
77822352305561600
77670161045401600
85817036390936576
80039198580682752
79630369594408960
77778639030194176
78799614949588992
77753180619931648
77757891104354304
84951319407886336
80105058901041152
83650177356926976
79104715606081536
77974404377743360
79053011858620417
82523184280240128
76239634690097152
78330421867323393
77857143939792896
77971682475782144
77932786438258688
78813718582001665
77845844707127296
77710226396168192
85368581679874049
85037484106465281
79081776055726080
85231371706048512
80650385462800384
83865924398100480
80045224109408256
84935622367780864
77635685405818880
82042859930398720
78100901960749056
82297598383357952
77846037670273024
75926164048322560
77746601317236736
81277749360205824
77794860509315072
79013511799382016
82830631138103297
77682959439765504
78410975287590912
77641866950086656
83674092313640960
78339455907409920
78351584265904128
77397114249945088
78843632714661889
85638912525090816
86052391442579456
77824227880865792
80992386091712512
77779434614177792
85660558141034496
75786849800560641
76548829008236544
80680699304230913
77574501608587264
76377867612717056
81477614979661825
77738835999600640
84911733440909312
86523038551654400
82728572200034304
78473551212060672
80249694713950209
78840933331902464
76362732764536832
80521761120190465
78702888649625600
83504774812680192
78174455611932672
81315234203189248
78303447958556672
77673494405578752
77747038120456192
82833556056981504
77773111516348416
85293610425257984
80981108380008448
83285369159811072
77881525831602176
86522279571374080
84654520302452736
81023644955971584
77692983973134336
77900294947749890
79100501446246400
77748606693679104
83645392218095616
81592114563129344
86413656170053632
77785232400588800
76278315215884288
80377684416397313
78160121393455104
76581324110049280
83298101896556545
86523804649660416
80597547743318016
80472395739172864
78732905916006400
83705426545344512
78074239088992257
77961045632745472
84978802303832064
77472236713410560
78526078221688832
77706511916335104
77788970876010496
78358304144900096
77670515619282944
77774447351828480
77778896946343936
77700003983933442
81332225567756288
78118243553906689
78026564029263874
77847413976612864
78085278560034817
76582109594124288
77824022368362496
77664747092316160
80243382022189057
77692437962829824
82781634474151936
78651449692782593
79457730187902976
77841353798721536
77767368851472384
84471375833726976
82300120430952448
85453834033438720
77781382247612416
76363091524321280
82815091048849408
84959665850560512
78464662924038144
76360605816205313
84955932261494784
77832431792689153
77760874206597123
77965229446795264
77741668987703296
77728097536974848
86533196354822144
77669600615071744
77952915695878145
77893736297799680
77767180887932928
77700201837641728
84639671212187648
78129843912458240
82812480065257473
85444010877009920
80529294962589696
77972238833422336
77728399958872064
77662860477599744
77663071350439937
82076842168811520
78169165692813312
78120899668217856
86464789919965184
78087332124831744
81241117642854400
78087482708725760
78545635648872449
77785243901362176
77670940653256704
78641476782923777
78104257030660096
77747933587578880
78340651032387584
78332146896482304
78338762626711552
77827114816110598
80409836478672896
77973027811377155
77773964721659904
76362576015015937
80203748022026240
78124840678195201
77748661316108288
81566896629100544
83572623228928001
77478374150377473
78133896880992257
77770181442674689
78031806133309441
78127839286800384
77746734289272834
77823628716158976
79101054070947840
79236136161132544
82732442280148992
77834683278311424
84384070678745089
78095029209542656
77701475337388032
78484713941106688
86168532378845184
77909218530824193
77855247795634176
85330386841911296
77748010842472448
77665397624672256
82356414059790336
86145027016896513
80103339714560000
77808308903346177
86137855881125888
80650386653970432
77670746108870656
79105037107855360
77805851930398720
82393347850895360
81101598436237312
85044407459512320
77702432544657408
83368502983008256
81433523029934080
79183132208791552
82324113594662912
77691985414193152
80048396597084160
78399490998009856
82305784209358848
77727200685731840
81489474776862720
77750552972374016
78344622820163584
83803876335169536
78435059010519041
78069453371355136
81464431556571137
77323022431817728
78181517242793984
79606587915894784
78084423421145088
77750388253659136
79111999128211456
78086500574707714
77829734586789888
78024148760276993
77827675749748736
81641372838408194
78137162985517056
78855444877152256
85297272459493376
77965773179588608
78859792441020418
77960719974404096
77182687542124544
86215697490911232
78643047381995520
77900080341987328
77862779058536448
85311968646414336
82646829853978624
80261972519690240
77771967901605889
76845151049367552
86137861878980609
77753221640232960
77810837556965378
78467960494239744
79103563116191744
77844163541991424
78581097180569600
83122589609885696
79134222996094977
82296163033808897
78118726972604418
79886233681149952
77748439944921088
78133595948064768
77788894980087810
76882684953116672
78133492516532224
78816772698017793
78534356896976896
78119243165614080
77771170891575297
77746682938404864
78824667149910017
78325965419331584
77840235098152960
82298324086038528
78283941139841026
78476057921064962
86523690371661824
77786994259918848
81101141378740224
78741350719307776
77674659037970432
77814311002701825
85524104836431872
79556027154042880
78573960438095872
81151250644742144
83663443592359937
78012532199129088
85236672895266817
78429579659837440
78188240972156928
78128323145900032
77786261854760960
78107576088268800
77779207542935552
83977403411599360
81315234215772161
82324667880308736
77746754702942208
75845318809358336
83540637332414465
77754459605843968
78568304742121472
85823985052430336
82323756017659904
77460960612327424
78326659111067648
80249945415880704
77799040716259329
80537359489306624
78449252463939584
81716741385895937
78148336493932544
77695202697019392
79051657161355264
77718200913113089
78026564012482561
82659045105872896
79053169417666560
83089313759375360
78084637511004160
77651306466127872
82284589845983232
78580953697628160
82653362545373184
77322620193878017
76353285921054720
79166903943307265
77771967595417600
78330519321968640
82721584888025088
80412373915156480
77780824728150016
81781416937013248
77506777108852736
77746731835604993
78740046244622336
78919381379321856
78037666528104448
79162124772970496
85386920334602240
77664810304684032
82792743499345920
78120253263065089
78410678033059840
77777716249763840
76412523984850944
85299223410638848
78655301569617920
79123091812397056
77967694984515584
77755963079270401
76637194139348992
78421927810699264
79147530323116032
78145869395918848
83516807880769536
79978384498765824
86562442838155264
77747985836023808
78085203066753025
77950360127410176
77748344474181633
77683766147031040
79189814590709761
78925314335588352
77746985842651138
77746575526473728
86533027290820608
78129417569841152
83678272667389952
79044257251459072
79118141753528320
77767619167526912
77575189772242944
86445493307191296
77369527268155393
84697173329063936
78566602886479872
79107224554844160
82747037136859136
81148333753769984
80414218708459520
77641866941706240
83745483817889792
77778760111362048
80623018853928960
77749238628491264
81737969567940608
77771966056116224
85319542116589569
77702442459987968
77672749253935104
77454932655095808
77820442949332992
78084921956118529
82854290573635584
77788084225327104
78118148968165377
79559410711670784
77662857004711936
78098733035819008
78800620412350464
80397930346975232
82778400984539136
80707292361797632
77837379997671424
77746850890915840
78903279161049088
78515758786809856
82325247130484737
82299700161687552
80081991260844035
77475045701722113
83364367097274368
78125574429736961
77834441568956416
76581946330845184
83974782441373696
78305898719756288
86131930646577154
84974818595844097
83789762225389568
78620462334214144
81695328931291136
81362842279874560
83494139743846401
77733923823681536
77701419490226177
81568124499009536
77751248882909184
77730420233474048
77464060781801472
86155739281899521
76492266734227456
77731589156646912
82816904699445248
83536298446557184
81353539523317760
78160807531257856
83215094204473344
83953813656059904
78632106758123520
78922071723343872
76786069076574208
81851435582619648
82293257417142272
78338829337104384
82788636017442818
77845648740851712
78118712602935296
85044407455330304
77752555114991616
78356145936412672
82781198102962176
85407055078371329
77781739308720128
76245650781646848
77716751038676992
82187283905777664
86472066446008321
82310179923836928
77754953476747264
82347399883915264
85529208843022336
77770532749180928
76425526297903104
82443652164620288
82858582768484377
76558032938598400
77670947829710849
84977286457200640
82947652169379840
77754923386798080
77778635590864896
78433861452824577
82658986582736896
79860839712165888
78582064391274496
80410117266354177
77827780942888960
84978291550855168
83183406913040384
78627168061636608
86376004087590912
82328621338988544
78185567820578816
77848808255537152
77803335633211393
77641866975248385
76238836358840320
77844737163395073
77730357071462401
78005925574750208
84384070678757376
78084785800617984
79192170589990912
78846082288844800
86545012137000960
77750233710329856
77700722912800768
78068027987476480
81754250228666368
78771967456587777
76221156566376448
85305279801081856
76730768700874752
84384070779404288
86538379067531264
85299161095880704
78642935670906880
78073093481959424
77365970766802944
83756821671718912
80163240713269248
77772195832659969
82392790436286466
78052773911994368
76907109299654656
82575940386951168
82625693703356416
83143115577360384
77673860790624256
77959079879913472
77761881946861568
80678115675873280
77699247474081793
83851728335806464
82858454225661952
78850526736957441
77961426051940353
84375305585831937
81185704226471936
76364261760303104
78142184058138624
77959725924360193
77827427249819648
85024294085734401
78646168015486977
86351753053863936
82187285029847040
78587467934085120
82514789238185984
78182865862537216
86521900850880512
77742288146673664
77827783295897600
77834221682573312
83523079279607808
77804222187446272
78127337723539456
84375306139475971
78157846197440512
83113971137257473
76245193703174144
77852018877800451
76368279710601216
77786991940485120
78639005209600001
76496829646249984
77000591909466112
79044503926865921
81639626271502336
77818935508074496
86107384652632064
80312745458802688
77858533642731521
85731702621749248
76352238708203520
81095157759479808
80541520805109760
82310932713308161
77830377451945984
77119061779169280
85786650717863936
78848781319274496
78498427784273920
78119230704328704
77732014584897537
76238731060846593
83102075193536512
85781983506087936
77881460572438529
77742915757150208
84974824123940865
80414215772438529
86385981502132225
76237938295455744
81308241631510529
82316801907757056
77841220184969216
80590444949544960
77977960291909632
77778887727263744
80575148356415488
80362323830784000
81388958306668544
77705976488275968
79963642577170432
