8739321195
9639402833
9098625722
9321542048
9568328446
8569389581
8515245671
8714541115
8766740048
9790311398
9511484272
9306825781
9652334086
9293140301
9288211417
9377631499
9565584118
8976977819
9009694328
9479199195
9552951473
9552884771
9350017570
9445843990
8592364730
8524657044
9313999397
9311878017
9358108911
9258590474
9302023004
8568300712
9654108799
8640435645
9179882885
8565526319
8801574266
8742460981
9790310831
8975907475
8473774501
9299709279
9295562996
8640174069
9295552835
8898642414
9374994511
9354191996
9406497918
9145461218
9392222461
9446451025
9645363472
9691189146
8787543789
8569607165
9304230806
9216004228
9279714648
8557127947
9365330225
9345806389
9322918374
8596294819
9524114131
9106934800
9248108117
9392814447
9541524185
9224381044
9327413336
8504261454
8568303131
8820282746
9586878797
9300624940
9546570623
9333084340
9451928038
9528559986
9146258703
9530671018
9425907483
9191243565
9144195925
9358083807
8963834978
8969223745
9649834580
9292187328
8898635214
9354943959
9527866697
9477747171
9354119570
9790312306
9462814966
9324360733
9303808610
9258175720
8496151898
9552760106
9583443302
8568226101
9650997900
8724284535
9790312640
9295762860
8978717624
9313449105
9181276705
9592549422
9291425651
9296345317
9358108154
9331919784
8973666825
8784575309
9540164569
9301950800
9529397213
9229639989
8517392036
9201877178
9545393042
9203116820
9481894942
8787372964
9238531193
9297192249
9790313376
9365329890
9285488149
9781998729
9043348789
8907991072
8592368774
9322080408
9295520436
9353516146
8513715066
9481783064
9294758768
9146902188
9321656363
9648654002
8980608321
9190310507
9379982239
8508328433
9551598830
8930205992
9345747542
9353375085
9648769759
9256464145
9527576073
9170806076
9253521260
8596641610
8710305697
8610595257
9548852580
9345106892
8560687112
9580981491
9311054741
8975907440
9551322495
9301989159
9296587622
9144833941
8596156315
9552894812
8925596413
9556430360
9627201321
9449353162
9153591240
9295774658
8521375414
9670282215
8917842235
9254025595
8568300895
9312284152
9476844938
9487208682
9639571305
9343090342
9594274816
9152347224
8910941702
9105205451
9319181335
9314660313
9690957583
8501439045
9550350379
8637859864
9319222008
9287859223
9675664987
9790312995
9295525576
9322074804
9753855773
9524184012
9526479370
9300191765
9307300923
9554253499
8472232391
9579070507
9113909895
9650397256
8566024760
9302220862
9572972961
9545481871
9302731568
9254906997
8597756863
9327811255
8910941725
8967943657
9405500226
9145101914
9556533777
9386223744
9387784951
9306856918
9741366039
9261714605
9472457328
9296089609
8946687466
9301737694
9790386383
8596643305
8569913551
8652822075
9315151264
8914975098
9334032462
9300190331
8569392386
9348929898
9676249316
8691039411
9302264099
9295524523
9345747561
9524160521
9313706459
9529597064
9018819564
8848426212
9156584952
9385421891
9299542231
9202231370
9319983639
9311789187
9619955825
9287721228
8564508749
8612132679
9470143675
8640174086
9668169917
9328818028
8558782928
9027630557
9302232915
9318033645
9398290445
9547318764
9526172086
8975927924
9523841649
9149457513
9109463904
8596641342
9716844987
9259129183
9350531072
9248872254
9210079205
9587898005
9332810542
9144883883
9322079925
9316562091
9341758574
9296172269
9356179605
9296363151
8569855836
9790314177
9341127118
8587537404
8568302129
9476874100
9352977208
9209071500
9648369095
9167599302
9553524550
8899165133
9551926402
9717533904
9511540824
8866038511
9296751022
8569388160
9099098419
8848395843
9525808788
9307292324
9317250290
9530852967
9113251897
8596641048
9236749290
8867876568
9543101919
9201849143
8964393922
9345896909
9008523933
9292166414
8517316989
8565543802
9302331629
8640174142
8968568447
8615256279
9318598126
9739381121
9285505611
9299692904
9326182602
9315576850
9377996845
8815622487
8967316428
9116249039
9252063617
9583463797
9311853957
9524017808
9052977822
9334433174
9554254288
9472135446
9305018529
8848390355
9545459408
8831684708
8568302043
9205067146
8588107081
9338370814
9019762461
9526329826
9303219986
9610688876
9299829224
8723692747
9753595105
9326339410
9258194369
9345975615
9333638356
9545684247
8596642046
9786030465
9670072884
9314064370
8557433894
9295577039
9551172161
9313527660
9547779686
9297323082
9062590535
9651126793
9523643704
9295417757
8944913952
9441016490
9790031073
8596116423
9639414049
9306165433
8597779008
9383243849
9545579974
9332858843
9790313786
9279705986
9062471599
9554014701
9254025214
9301749040
9295557128
9523940101
9540126392
9383869332
9546305722
9658620923
9368009971
8648563960
9299543217
8568298564
9691408238
8557844674
9258772729
8595469892
8640125248
9334557778
9655194181
9107391469
9659013713
8565588754
9692533227
9241216034
9107840733
9145359987
9375227297
8595941122
9333985545
9524057739
9555370327
9143521632
