7368243573
7709870862
7398882955
7751279773
7401556673
7595872111
7397273177
7357529618
7525894879
7784634093
7473882279
7600077440
8379975134
7826200793
7393536148
7341045448
8139127597
8032149303
7439963716
7344936407
7444596828
7761302687
8178088638
7601643325
7381499073
7400480901
7463547068
7699654237
7398401862
8347353494
8359739578
8347600282
8367564957
7386614593
8349790842
8170520046
7985101203
7767349420
7442329279
7356724253
8177610860
7743924458
7353825284
8357952828
8355472674
7596716089
7400781478
7372587353
8377275620
8207935892
7523286903
8118083808
8232453570
7414187368
8144586057
7366004743
8328122155
7360735781
7713994150
7549560565
7434726878
8377108873
8152332407
7468056263
8112134353
7464397607
8146817353
8023604617
8174522844
7797350834
8366866623
8375074331
8202453975
7709859058
7346327417
8380810544
8113665987
8457611166
8346677687
8367923327
7350944807
7350540775
8112225123
7591548451
8357896586
8422331080
8346312030
7349086199
8391680228
8390279662
7368436917
7600077831
7775111789
7563630657
8200276233
8082994112
8296847145
7443554431
8342033033
8344755452
7342058769
7372543437
7427403487
8383362077
8140115658
8133469921
8077485315
7485302854
8344804371
8026296891
8076989335
8406712785
7372315742
8230380301
7999533757
8357962518
7353952377
8144189653
7348173982
7362339670
7360105358
7346352644
7595984394
7447213684
8112830165
8378563531
8462475553
7252381854
7600737525
8116660563
7793234791
8379044341
8181995064
7845868920
8017914124
7523574672
8298831164
7446490168
7709946098
8376826627
7720017860
7700911891
7414451867
8114945460
7359479578
7272321789
8285666018
8408878964
8022307273
8360253990
8323506785
7442201522
7751317145
8033205533
7403422943
8120580560
7337467223
7795967009
8249627743
7433743261
8172206038
7741129219
7402102027
7795759015
8471130744
8392656841
7871563330
8138931275
8372072416
7709760814
7770290477
7425869382
7359332559
8386769201
7638767263
8162817347
7366577348
7781568168
8378276494
8372820625
8205143090
8398480432
7378459638
8377809793
7394788937
8409401235
8377567913
8368004231
8115896072
8111407806
8396415482
7351347156
8170968063
7440336849
8346821891
7458074587
8222660793
7391372851
8398096116
8038145364
7721012510
8103850123
8085090526
7512828214
7342423142
7700916385
8262996120
8110626815
7557167074
8346631028
7699456659
8111357630
7300557518
7423960664
8178449284
8048062691
7597147001
8375005024
7346033480
8377184299
7349571630
7872395239
7443447012
7521933094
8112134374
8177417581
7770009042
8424529917
8357669499
8333058444
7299264308
7710016957
8114725153
7440335944
7819643334
8375255085
7639155902
7265344248
8344850813
8378551724
7348222083
7368262863
8139227976
7344787366
8285699433
8365281600
8110711493
7643750251
8093832546
8178090985
8369727972
7711385386
7376980352
8333148794
7396365744
8367504339
7456491214
7369874307
7253161362
7997578623
8379714894
8347879019
8223163642
8110627273
8404965749
8328403878
8178063334
7492155952
8025796986
8202249756
8262703389
7348611002
8131375175
7455005921
8032660754
8114726483
8345841842
7342112676
8200289301
7615095137
7492070833
7368535601
8114724422
8140887723
7648383986
7348167885
7591196119
7414293879
7348173700
8141208878
7368345589
7332337963
7370596778
7348169174
7365432594
8107298470
8152331614
8111954293
7440383760
7357540171
7353826987
7392113432
8169355374
7751766981
7709900891
8240675725
8134655962
8167620629
7336482162
8081438451
8261741313
8138853909
7740670523
8026858355
7746539883
7600629505
8176291149
8395531090
8344752613
8179279371
8376092906
7440540486
7371213054
7445815707
7368348750
7708143877
8347058155
7372714143
8359064418
7698689955
7264132836
7442753084
8346094822
8112864488
8112181898
7750806729
8233272982
7383613855
7710061039
8209435649
7811504197
8043129498
8442534326
8154683429
7658803334
7381202039
8081928459
8432357232
7368316895
7709956144
8365949870
8285284665
8337906728
7345473706
7891402722
8366860881
8140406422
8110625875
8017469708
7523603234
7849786046
8395642361
7416169842
7341502256
8356362967
7348411105
8258516724
8376701851
7803164220
7700467129
8116660164
8345258652
7391331470
7377215010
8060528233
8139039860
8393042182
7354534182
8369620697
8176290161
7773419851
8200265318
7711559178
8326964335
8421156821
7397359067
7448617603
7710073082
7700650021
8347301210
7520712911
7523183847
8116658809
8238615119
7709902689
7366181072
7341740713
7709900266
8181450552
7993743674
8355648084
8347246778
8456246703
8449311261
7371988341
8111104073
8407101574
7698665075
7253148442
8357100853
8237831390
8138079679
7412919998
8359277281
7368639331
8355474334
8356858718
8365711600
8081922079
