585788973366308864
592409097078743040
586319011845050368
589051464661729280
584337918724067328
590539571391258624
585943571024470016
589979932912181249
586154624635121664
586989001795579904
591254893433847808
593421949369511936
588190824787275777
589807261293355008
589888040220413953
587440830903885824
586478039321747456
591081264402141185
587994814328745984
592664766038077440
592790686438727682
583324106013196288
591301184469729280
586510258002120705
589444747233611776
588278981843095552
588015748041330690
592754861759995906
591473964016218113
588357395362877440
587354890327957505
589440842789617664
589345722245361664
587025411848056832
593036205458984960
590924723132989440
585715167184478209
589089027468480512
591252701759066113
591252256122601472
593118706387001344
592561674483146752
588279649538572289
586521910906904576
591969638596096000
585856739532120064
590938683064344578
585941990677676032
592545749331677184
583753123744899072
585470879976525825
583455787160215552
583435910076837888
584769277456158721
591538696287080448
589123953995730944
588375898396700672
591117597355159552
593181706393378816
591765645294960640
593845292652310528
592688262835249154
590251750105354240
591025767024349185
591967110328266752
591115831901364226
591844471161167873
584072895908950016
591037932317892608
585395795387686912
590112946144956418
591020843486019585
593431513494085632
590875518234394624
591838939452833792
587199069736402944
586143930376421376
593342652906483713
588472944872984576
591185114413064193
591301146536456193
588678207781675008
592094722274955264
590853699536351232
588722017039360001
587896393559314433
588616624455884800
586914941254443009
586914351493287936
589110339192496129
593043016325177344
584466819823624192
591017539401986048
589188642003931136
591252540957798400
584143311474036736
590806911257186304
590958912062513152
591254534833471488
588275542358630400
583752377942941696
591383030863769600
590849417231609857
591250893590376449
589186901925564416
588957017164906500
590890186122338305
588298428712648704
592834165860671490
587938698018349056
583466262950313984
585351227665321984
591950064362262529
584281197078978560
583726815639949313
583559947377627136
591849144848928768
590915514051866624
591315486748581888
593019919840706560
588021945108721664
592004144656945152
585492174529236992
592703017599787008
585990404811563009
590896095544258561
590435584495071232
586755597011288065
585943342116171777
585964075332448256
592290660293607424
591309450394361856
591809812880580608
592771328723255298
591943065964781568
593105455062233088
588990982072459265
591907592252751872
583288975332405249
585402397138284544
583243455696146432
590928056858107906
589495851397033985
588316696743645184
584039719673208832
587225210962579457
585903167587618816
585401213115596800
593534716034191360
586065747333390336
592551017620721665
586000106056523777
585046197485842432
584336141433741314
585169928141070337
591319074455625728
585823365992161281
591027630977212416
593530926417612801
589791884949721088
588373224116903936
583106268132470784
588921012797878272
584341849948561408
585515287807713280
588408882558541825
593535632292478977
584365115992100865
585363896787165184
583749869027913728
591814209660293121
589882080546443264
588717906931933185
585999143169994753
592731677933314049
591250470435479553
592225570328420352
587896116542246914
586451090784198656
585454984885477376
592367598886608897
588762517209423872
592841108461363200
585062661081042946
584002520533590016
591730260217069568
591987301728833538
592648961325801472
591538337741078528
590807921832792064
592559818629591041
592014691481866242
587356288176099328
585906127222603777
591844735825870850
588967232119668736
592539367333310464
591843378771398658
590870763814551553
590964979244920832
583415511762870272
592499917999845376
593105693369970688
585943726578606080
592848456902963201
590548769294446592
585515008425078784
584486681509695491
590929225596698625
590880437968490496
584582274970169344
591251483666046976
592608349587415040
591729888224276480
589701714334195713
585944185573773312
591115040733802496
583753606504980480
592080725085683713
585374149608140800
593433589032747010
591919235145797632
587393402100133888
592550252994957314
588590162201870336
591046329670893569
585852973726756864
591196271001661440
585652022130712576
592751882822619137
591247947347714048
587031739756744705
583314491435171840
591206309342670848
586236596904656896
592705769398763520
591252648122261504
593134597090639872
588386362639785984
593176139230740482
590864923078459393
592707192895201282
590064248367218688
590857116665180162
590241568826593280
585200687925092352
585056528576688128
585968998287806464
586564019609272320
591292802258096128
591711530665824256
592677187452567553
584567802117357568
586374623240962049
593063310104203265
588367592730951681
587393172478763008
585047193809223680
593051907611996161
585942393029009408
591804804042620928
588956914165411840
592773196979544064
586054259264860160
585790875483136000
590793016798879744
591528883763175424
587803077404561408
583381058302787584
593110706980950017
587032213004292096
584661276862853120
591253937879175168
588408006192185344
590918746186895361
592419390412455938
585856739402129408
591546621030244352
584682288740376576
584112119068631040
583753390091567105
592994426932174848
589015327205240832
583977888619323392
585043065175416832
589707839335084033
593394270138171392
593042122598658049
592752095679352832
589737119423324160
586087761922412544
585901153319313409
591313557737889794
589901250663186432
589957585257832448
593199395597717504
593107154329964546
592112172572004353
593018976050905088
593069483419246592
586100761651769344
593235169433227264
588713628007825410
590939405977788416
590886057605877760
585371739535716352
592007928531529728
589424713128083456
588490279235235840
583755295488356352
590959752240361472
590529895450681346
585797084084903938
589159164636565506
583522558479175682
591728356657340416
591905646024531969
592146081003147266
591135295346704384
588679649976266752
584473359640993792
589736738760708096
592711329766580224
590099323171512320
590856146417770496
585856739544666112
585400362028371968
588774879010414592
592704079824068610
583129529700454400
590270591204098048
585910051061137408
591619550736678914
592098250750038016
593459860617957376
593455728096055297
586015067990163456
589814299524263936
583929021580374016
591115332875640832
593118401788153856
589700667775787008
587357631255355393
585809066691264513
590527010855870464
586301647074304000
593324526479527936
590438493278568448
589768596752064512
583458486564040704
592958964570140672
583131319674122240
591025383941758976
589709622249967617
583416086256812034
590013663248912384
591145009937833984
590592753718980608
584743948796751873
584405501829492736
593118382049726464
586002461778915328
591818748937564160
589741834416435200
591724888022454273
590251262987390976
591609106575724544
592148997956964353
593847089768968192
585374048684769280
592567539131031554
591695717946654720
591288433630253056
591301968490037248
591170118178189315
585910544474968064
588379541736939521
585949666937802755
591709184783179778
585901239310888961
590874253760663552
591257826951041024
585964212444274689
593737107157331968
591723805283844096
590441001866698754
590322054655705088
592721597120774144
587620553575550976
585699404662833152
589126997944705025
588258228162572288
590637921180524544
589752636179623936
583123150772273152
592094754428440576
589702424606089216
589724717847740416
589428960431366144
588736138879356928
585712140453027840
592757379978108929
592838712607776768
593022817572155394
588287393247141888
587960615702003712
592742309260873730
585786751920316416
586298336312954880
591600867339542528
588274183081046016
593366332151898112
587800637913464832
593486080260841472
591622492978053121
592338695505780737
583731975242022912
589699992459284480
593028377684107264
593396895533281280
589821696162562048
590914892481306624
583118825438113792
584585501513887745
583303264608780288
587724627469807616
586214580067643392
592726023894077441
591136742108889088
591081458980098048
590480841115045888
588440370284990466
585901037162201088
587408005492297728
593761454647566336
593305698584252417
589733159639580672
590670302998355968
585942404907278336
584703875820589056
583176335511572480
590636516571029504
593022120470282240
592758234915741696
585779719045586944
590523317800591360
592840193717248001
593801221733019648
586779952567033856
590473750841262080
590436090382835712
591225979206438912
586797406227927040
590021760055140352
587304503776411650
593199132325617664
588361991602995200
591970341435617281
593592079571394560
590159143635439616
586478803272228864
588956914152767488
585856740236767232
591106239653773312
589428886657720320
591278295930441728
583754336330711040
583753843067981825
588259998758785024
590144188781563905
585971490987839488
586801526066257920
583350821582204928
591649183011983360
592095932063309825
587658846220476418
591642770328178689
590713261382840323
587802743676346368
593144987879092224
592769947215900672
589722569873498112
586288884365025284
592364283360616448
589036603273797632
589117194132443136
589264120798531584
591252269708013569
591803473928171521
591507336906166273
590141174385631232
591642913651748864
587233927305285632
590916162231369728
592781615379705856
591802497339170817
591199296348893184
588177454226878464
585955960616693761
585943431215652864
588838653503283200
592382461675339776
584880498947796992
590196223572840448
584662646273794049
589923877158977536
593382423418826752
583357114157953024
593582332335947776
592754931041447936
584063155476811776
586150190869979136
586016879140933632
585788973487894528
590876625794805761
585902951778095104
585700180697178112
584629835991019520
584781306841714690
591545957164146688
584673061179363328
583602581701812224
585948062603943936
592569804604706816
592165956018810880
583788389716992000
592434918510067712
593052749941477376
587479733966864384
589426226021838848
583398631597826048
583977376033460224
591724626591535105
591196463100731394
593718155953971200
583621838116233217
590962744876277760
590931511538495488
583752241980567553
587966732356030464
588907373063901184
589604556943839232
590823112863719424
591166331044564993
591251519871311873
589481528251588608
591253937275154432
590951781221277696
590972700077654016
591304612155695104
583607806391091200
585470254794547201
585700891736563712
585856738730967040
589036603277967360
589801647066501120
591629706073665536
589918381593210880
583788314504916992
591300898229465093
593131418735226880
586820446705750017
587856132309299201
586026096832847872
588390109776601089
588048326190354433
586049361374773248
593110617361383426
585856738722648064
584706758851043328
590887960901509120
585943937958948864
585856738705846272
588129891360440320
588724111045713920
589620917510242304
589426748384796672
590845916745224192
583583180051128321
591770493339983872
590879029797982208
585912066193559553
589816812059107328
583759633484877824
591731266107658240
592498772644536320
588599993868550144
590468933964042240
589705306600566784
586275828109090816
586645393322156032
583427177233920002
590521000745422848
588399006599880704
588762728614989824
589024460767961089
589482369926705152
590139120099274752
591149783097704448
589086249081790465
585965265629777920
585644578704855043
591301989910319104
591411424917856256
585910051107278849
592590858781790208
592300093170003968
593019130405617664
591372244082761728
592576428949905409
587406414626295808
587646313057144833
583426733358985216
589876722385883136
592363558853160961
592413978912952320
590470824404070400
591250860992237568
589887722266955776
590466845444046848
586531445453283328
591304947221852163
590909873568755713
588381739908665346
584455968186040320
589089027481067521
592716194613993472
590435956639068160
584603462974873600
592001143749894144
591626439054782466
587025668795318272
589749619875311616
592545329007828993
588985351621971968
592557343709134850
591618166154993664
590237814375211008
586004881841979392
593532103221882880
584475351163785217
588718611004465152
583130753883463680
589902151398359040
588708190574891008
589344252510994432
583319215211429888
591844117988139008
592398301804285952
589756045574078464
585384075575197696
588718172120883201
591254250576973824
590199116551983104
590923172393852928
592161154287403008
584358234225418240
585200590352941058
591789369482223617
592094538140766208
590880251544231936
592217189899309057
591862361675403264
586369027489959936
590557368049602560
585941033143250946
592725935796936706
589749571544289282
585939511563038720
586147057485926400
589477633689260032
590636328011837440
584701925188186112
590965492606697472
593035932191731712
592413929516597248
590925356217020417
593416707965751296
586188378816716801
584289850083377152
592405784811548672
592018846858350593
588005592763125760
591383178696380418
584200921564884992
584037163731443712
590930635100913664
591253592184659969
592704866771968000
583284858677383168
588677826397675522
592840210775482369
585947505633824768
587801177573588992
589701191086514176
591197060772298752
591546402762686464
586717270652678144
589802739766558721
591784675238125568
585813414632632321
590139156216422401
590522326342627328
588376251145949184
590646548410847232
589803847901696000
592632464511741952
586937658821058561
585461974017933314
593082012895875073
591526735830745088
589704573960454145
590971220407033859
591252000211341313
591933437101023233
590591245514371075
589798484892581888
585856738722582528
584765708720074752
591672136751788032
593136442043424768
590934408678350848
586140177275420672
588040840930598912
591923282221240320
591946536449404928
591302372669927424
590466679399940096
591829911209279489
586472844378292224
593173241453277187
593926831503380480
589944861274599424
590096767686946816
590202758130728960
589156515455455232
590875518230212608
589705165415940096
587225920487817216
590930882065780737
590438652750254080
585366352279527424
591665202044772352
585934617980444672
584050572682108930
592931262588846080
583325595548934144
592486802725928960
591022226696183808
583090835157319681
590635718596288513
590173488410976256
590619931726712832
587653700862226433
592971415093149696
592003769518432256
588718675932221440
592096794907123714
585137297756135424
589008807549870080
589092293052866560
589731079633920000
585945488899334145
589429625337597952
591300929170845696
588295701651660800
592785585074495490
591250130730385408
590503526989692928
591908284916957184
591564125207166976
590867614752251904
585928760240771072
590888192892612608
587818156149735424
592413086465785856
587941882908389377
591249806271520768
585048232419401728
588375357469941760
588376419987750912
586023689692418048
588845275571032064
585722469559971843
591047764160675840
588812649879703552
591196271471386624
584671091609722880
589030022888820736
585904676131987459
586727605052682240
586099284417740801
583761080259911681
591045589640458240
585978288306200576
589700864073400320
590874046427860995
584723332433518592
590452005904244736
589701984556556289
583413277327290368
590497225471557632
585657277807517698
590558838966857730
592747708802330624
585515470008225794
593051020537659394
593027103077052416
593385356944396288
586084805055483904
591292715129769984
591639941383196672
584145280154603520
589875035285880832
590472499881713664
583589083135348736
592753487559139328
593218245236109312
586159564782870528
589378851098210304
587108301558562816
584365513796616192
586018046818529280
591020317193166848
592102710331240448
591296678474448896
591090145522225152
591078561446027264
593535887742410753
592708105785503745
585484946199969794
584355337819553792
590989619321294849
583961371764592641
586131551311757312
588524514327339009
587957193749745665
591199296378245120
586131970935037952
584624358506639360
593383473127133184
591535289564323840
588294775905853441
587966690916507649
583517881125756928
591165597741883392
591619439310823425
589708269859438592
591253426396213248
586058359150878720
592186993334849538
588354876071108608
584567116944306178
583753627807907841
585584852843520000
593018978299084800
591666455168589824
588763734404767744
585479802553032704
593543470578470913
589704494289674241
586858515383226369
591056533963714560
587966686730579969
583367309487521792
585941078395768832
592539985238036480
589707669696421888
593430783513202688
591254334899269633
591716263564554240
591801603784585216
585897526626283520
592740694512541696
584738552812036096
589711091380264960
583119745509031938
591761469101965313
585843558831259648
589801096320778240
583089502484180992
592364062408908800
586426874055655425
590914844255252480
589804192207888384
593527021730304000
590714029234085890
583552322011340800
590635820366835712
591294295132479488
592652846568448001
593204996180697088
589425158324150272
591943359549210627
587369092081786880
585540420039536640
592844170219356163
590965489205006336
592728107561398274
587802497927880706
588378355810041856
591989458108424193
587354948255490048
585931787861417985
592384998008815617
585786260398170113
591977625335107584
593159550536036352
584355756557914112
585901223838089216
583097758564810752
587009775726006272
587229220931239936
589120303026065408
588679685015502848
592783494155218944
591755107710193664
588626610657501185
590918743921975296
591219735414448128
592739450200948736
583726531698098176
589788321389379584
591050135087484928
584364122348761089
585900813995941888
588278981834764288
591165837115052033
593057845412638720
589709897442426880
589089027501993985
588315034293534720
585472525221638146
584425002952364033
583146439359877120
590229742374227968
583067987269132288
593169435080335362
590009540399144960
585367882965614592
584308524135645184
585946252094922752
585947398050025473
592672279408070656
589993391699558401
585942838438973440
587802499463061504
585459936642994178
591095616077438976
593110152485605376
591210584688963584
592723216243793921
591498387465195521
591255160812371968
588427923075510273
592083533545525248
589090860639395840
587659478398590976
590544681622175744
590884901898977280
592716105396953089
585943541723045889
592746701108162560
591064043139571713
590436734460125184
591727524985602048
593053741739339776
590160020723134464
584050442080034819
584430282964660225
590476805263466496
584112744569425922
589707011635326978
592251792169246720
587669538575101952
584722918401146880
590437949638123520
591697767669575683
585342520155996160
590905234269966336
589700675946287104
592361873791582208
585789291571191808
591586320130056193
590653443188125696
592569590263119872
587210304460828673
590903242810384385
592761293548949505
590647943876710400
590598600687779843
590065255880982528
591128852925124608
583747614258155521
587659673127542784
589117194145005568
584266963733483520
584008610113519616
591621885550538752
585389595329564672
584466694896103424
590466624374837248
591021887720972289
590466192642543616
586293211892678656
583763335545495555
590895930896842752
588985025137221632
587330908195315712
590903684692840448
585960711135834112
591101856853532672
590303206787284993
592369635040882688
585559477715398656
591187321170448385
593867184553775105
591251608874418176
592703010943455233
592191448533073920
588415147678560257
592750410936492032
591764357211561984
589701213882556416
585021255058862080
586084360966766592
592797970879373313
585973485970788352
592681864239796224
590090080481583104
591547064951169025
588991791250149376
583611790484971520
592120601738805248
591703491694841856
589424817402707968
583260768507842560
584627810955702272
590091255805308928
591723586324439040
588338569913233408
584198484003196928
592233019970342913
586154595568775168
592752790969163778
592627858104778752
583400191786524672
592743318825607169
591599983956258816
591288916659019776
586005152559190016
589911659877113856
589086249052459008
587673545934704640
585856738651312128
586738419818172417
583751478268932099
590933634401599488
585363350621708288
593022121237872641
592094780865310721
591773209386692609
592106138264588289
583593551713460224
586822654096760832
587935169958424576
591599122160951297
591136042427801601
583115308744851456
589702724469530624
589756514090483712
591546537316114433
585195286445850625
584676001692557312
591089656277536768
591251018857500673
590279974344622081
587632092634185728
587370876645089281
588321392275382272
592702579076894724
591987975367630848
590634202820956160
592632516122693632
592194046921080832
591469275715481600
585717331332112384
585903811623002114
585384078079168512
591225600502804482
593466931652513792
591162686936899585
588985425907347457
591844526869893121
589709140353798144
590208318943010816
586469748826705921
589748038186446848
585929165897129984
588372833715228673
590532685912768512
590676119558434817
592739102086299648
588332278406897665
587108113691447297
586461682953654272
591184463322861568
591309453867294722
587659478612500480
588727073935491076
587606664959827968
591984151357718528
585367782998409216
591134534248202241
591784514113949696
591395417176154115
590896102838239232
589102791781588992
589720837357449218
590645146837987328
586366573302059009
589748705022050304
585980730360070144
588480742885232641
592790013437411328
585856739926388736
585647126820061185
592371572280848384
592796268860186624
592463356067500032
583288318000922624
593549378113150977
590137239834914816
591835258049409024
583548703727755264
592374584667541504
593022128615657472
585651461096402944
585940493713936384
587406943389675522
591548660288266240
593057838114574336
591050838291812352
583322523410022400
590960141643689984
590639945087320064
592542410032422912
587146646951084032
590676927817613312
591165641618513920
591554250976690176
588359042306674689
592366389010296832
591729282487037952
590882586563489792
593036607747293185
584748027275038720
589076656012324864
584472187739869184
592361971845988352
586862862443933696
585940906760478720
584876963027881984
584397588062932992
588260151544643584
589822314088423424
592608406843879424
583622288093929472
585972022024474624
591122147600306176
591025117884448768
589015632101777409
583725811905253378
589458867052007424
583402253152817153
587220286409285632
583669185366073344
591964976677552129
589747730869841920
589906515479388161
592857042773286912
593037083054383105
591130005725454337
588720527637753856
590468832822562816
587054165362282496
592408799912325121
591204550809415680
584149812477468672
593140401898303489
583752081883947009
593410846442721280
592105110173392897
588337525594402816
583343264125837312
586554072217427968
586155393736429570
589917922295996416
590558862383718400
585426425689309184
588001773685760000
585383256947818496
584457952507011072
592173955152121856
587972911073460224
592994844215222273
593402016140955649
585545118175928320
592164760285618176
589496331410001920
591843864610123776
587938697934467072
588374749220212737
590698762747654144
589713602787024896
593745394091167744
583972731990966272
591853136899342336
590512189477289984
583524592624525312
583618903743434755
592551502008295425
588063004534640640
587932079293251585
589663514446336000
591125362509094913
590224151190765568
585940404467544064
593027103064465408
585941964186615808
584009915502632960
588993795523477504
592835582595866625
587197994375741440
589784207683035136
588713188931162112
587030925642309632
588712032616120320
591025012154437634
590712012574957569
593110896571887617
590482973851541505
590516606075207681
591141867749675009
591247735229153280
590492096953524224
591609633325903872
591174767107014656
591737912556920833
590473080344018946
588753220404715521
591949786607149056
585275427544928258
589818175224619009
589425442588856320
588738499077111810
588373625646010369
591593088793112577
590534110269038592
587329377131560960
591664420939509760
592037954572390400
591247373214605312
585833700153262080
591249377928290306
590517847140524032
591248506330947584
584152559029321728
590908813617844225
589448454801358848
583125198431485954
589805852145668096
593031125141848065
584487262223671296
590872493826691072
591545804495659008
591024182089093121
585175728116764672
590509193330692096
591622949058273280
591839240205402112
586480953989574656
585470879930437632
590170591119867904
591176219833556992
591528455344369664
585823657018183681
583790961085517824
591631813736583168
590092040655998976
587199075612631040
588495401226895360
591162052019953664
589706920740552704
590170571297595394
591022516916846592
590730634785591298
587924412231503872
590214223692701696
590931850757038080
592364746331947008
590946902318809088
593084291220840448
589087766425817088
590126199126491137
587140399900135424
590495721452937217
591618052011196418
593756505595338753
590805760134799360
590600008761745411
590417890760740864
590249230851276800
583552258530484225
583278961901219840
585330107822153728
589735618168500225
592750946616238081
586289650337198082
583401814747381760
585956773196128256
591622114488246272
583758795538636800
591512292233195520
584051663540916224
583593618339926016
588053252316495872
590959338073825280
589078771187240960
588715591483064320
591333178796703745
591265850356867074
585771489191931904
591184817276002305
586506934079094784
590914732997144576
591849765094105089
590164656704061443
584487015883743232
592706143492902914
585942090498048000
592634034108420097
590923019469590528
590823111903170560
591983952526766080
591384402686566400
593488475548164096
585731949324591104
583371666354511873
585364550809219073
592631786540175360
591579788890001408
590467462187110400
591709089199173633
590861112679235584
592977693890719744
585094437946204160
586461631414013952
590873866379005952
586861300573061121
589352614241898496
590249837272158208
587932533012037632
589909739045191680
590877585573154816
586089383410982913
585480980078690304
591406995531522050
590620867182342144
593056986050113536
590092629293060096
585925394592833537
592015490681155584
586141519482060800
584420453311197185
583578973457653761
585952348066942976
583755431849394176
592094267633487872
588433663416643584
586066779744546816
591250905187672064
591727041327816704
585942856243748864
583707505735372800
585367494828957696
588379779579121664
583757122724356097
592097439382839296
593494286005628928
585979527345504256
592363838818910209
591312872040484868
587969928218615809
590424935329353728
589930218246246400
589759121647214592
592676143582556160
585905326068760576
584145718266298368
591670922559561728
591995364640739329
589724704287682560
589700102438014977
593111602309632002
590792795620671488
590158477877731328
583751901042368512
583122356014571520
588361911571505154
589833010398175232
589858722463252480
588138261488467968
591793103327080448
593116327729975296
590935626989481985
590430371457695745
592176952854745088
590091255876558848
585122034801385475
586425741480296449
588278614367559680
591304038639128576
593041575388651520
589170338321342465
585719543735185409
591802282959736832
589867419507757056
590035490537021440
590922629130903552
591251567208230912
590154756934471680
587923183954690048
593878807989321728
585944056376725507
590247136748576768
591502267720732672
591116666274074624
586103287671291905
593150527392915458
583553264299417600
583247609952784385
592701737728942082
584455938729385984
586114085793705984
590257880328200192
589707009445920768
591950813649473536
586140069100183552
586833174472232960
592839595701731329
586470489591259136
585701512862703616
590968114776563713
584151775109742592
590102935733981184
585836481824055297
587966159502385152
583324141882892289
591251522350145536
591984028720304129
583319764623368192
587308350884356096
584985500710113280
588717555335856128
591993009224429568
585476229245050883
591430401568219136
591165781557305344
586291296299573248
586953923333910528
583835190130298880
590893915257106432
585965792044261377
585777513126875136
587952352029777922
588887428800253952
590857311658344448
591991948950544384
586080384724512769
590164188070334465
589703970324525057
592873184267018240
589446786416246784
590898128225705985
590280320244649985
586753415025266688
588323709959692288
586680082850156545
588337724073058305
592111949665665024
588657820834385920
583313147609661441
587255151791964160
585937688127086593
588916489433952256
592689785656991745
583200875813867520
591553686549192705
589701113202475008
592101492129050625
593909324965085184
583400368006004737
591844367972741121
590437636625534976
590072713839915009
590382958407602176
583752444351352833
590516637939290112
590483399770537984
585729027807252480
589354020793376769
591024709782925312
583647436637364226
585856738621915136
585825216909058048
585900714397978624
585673178233630720
593140739036553216
592637315681361920
585136738194087936
589455392339460096
589753479800860672
590113518994751488
585974270112768000
587992122927742976
593461015804686337
590929354550616064
589056776823156736
590579186873536516
591594720180236289
592547563800166400
592694200946302976
585734390585561088
586973399525691392
588592514199719938
590480838653038593
590431953033285632
593178534476124160
591707539819012096
588371417181331457
583759911315734528
583725338955362304
588669238702772225
591670509667897344
588944371296247808
590722713829900288
592096506112569344
589752043293827072
590964994558136320
586758365004500993
585855652028743680
590650028575850496
585385858045456384
585907719871275009
592763359407276033
589956673361477632
589425112434266112
583760395581677568
585953242464571393
591239664222220288
591252310581448705
585957603852689408
584245318239166464
590270183056547840
592605936671404032
583975919016116224
591081748147998720
585853356414992385
584202671734685697
585058608104148992
592361262698209281
587438599135694849
584137076523708417
590403412119986177
589431572526432257
591644477896466435
591171431133802496
585961074391932928
583751606191132672
593030706370105347
592781789132906496
591570551870791680
591251888017932289
588449507484000256
591647854483136513
592230542508101632
591206226987474944
592541009738760192
587140853732245505
590095497278414849
591319398113271809
592249212852637696
591327063849574401
590503807349616640
591302405125492736
586257893210591233
589751221180833792
583833326449995776
591844121502814209
592349809991753728
588653736337235969
587625211677302784
590467318955782145
590957606660874243
586524227311906817
586485133076758528
585941628847816704
584011210934374400
590520747958763521
585938591387385857
585938083452850176
592094241863565312
588302974033735680
590937296242900992
588823278166376448
588334240586145792
592060502580142080
591166956792893441
593179163617431552
585807173101477888
589102497463148544
586817755938185216
583608802026598401
593182267876474880
589740529858048000
591661081082404865
585513778944548867
590491359892676608
586092202746576896
584256182258425856
585657629764100098
591610882268000256
591167247634182145
590472318004174848
592110166729883650
590724390330990593
587080562721992704
590696172744024064
583249803733118976
590197435860922368
588143825421524992
590020803816656897
590476356397457408
591253098246447106
591253091212722179
592682689561554944
590714195538219008
592719875623231490
591713192474193920
592834334496858114
589881783665188864
586589678125641728
585686180441812993
591880839987736576
590280536544911360
585755954282496001
584635599912591360
588732179477323776
583784785299902464
592604976460996608
591734089805344768
585363350609129472
593448534634065921
589908591710248960
587097361597538304
589706403075465216
589449215568388096
593330968280375296
591558167135420417
583396678863949824
590125550661980161
590579205227880449
589700392516222977
590631955785457664
584478118796107776
588946273148997632
585184697921200128
592043465300652034
585938107385585664
590445584735150081
591907990095142912
585941737052442624
592688295580180480
591724831265153027
589130252942594048
588752017864204288
585470879955607553
593110581340692480
586065417451376640
591307966340587521
590466767350267904
585650704477487108
591280027007782912
584145858532397056
586743611967930369
593844959146565632
590049727674089472
586797520036040705
592361878862462977
585366935082139648
584105691692040192
583561146742996992
585651298562920449
590579390377021440
588761077707476992
590875518544846848
589875853510729728
585856739532115968
591139047898271744
593381828767154176
583952692411666432
591171541519491072
593747226905686017
590236439696302080
592256722103717889
585049665826983936
592828714863460352
589795784591183872
589795074181050368
588377119572398080
585721994924183553
592706178242760706
591873675709837312
586165179089604608
584575023475597312
592287249544253440
592095680807579648
592687948790902784
585909304663867392
593142682886635521
583723519030251520
590935745730248704
585937907455758336
589062911814987776
591252237323788289
584447242301341696
583767268909133824
583752282178772993
589706818177277952
590092040702185472
585472404622827520
592058972040998912
584738430841556992
591252984832643074
590492098073354240
583610007351996418
591644694121152512
590090080481579008
590966509465444354
583181325965922304
593456000977494016
590874628513402881
588038213362655234
585432646081241088
592119770427752448
583345075746443264
593026276077744128
592736637324500993
583784335662284800
589738930397929472
583205243015598080
592372313938464768
593022121384611840
585708382797111296
590426296511025152
584641098724814848
583404117218828288
588308671496658944
592094609339088896
593112046754865152
583768360762089475
591723808517652482
589426826008735745
591489954267566081
592601829994803200
587033503671255040
591009106917490690
590473928491061248
590896106256498688
583837793899696128
585856739238522880
584567802947829760
591255888691888128
583413680009797633
585350065419460608
591248502619033601
591649838862827520
588821717059039232
583725999692582912
591954232250540033
590051072217108480
592956010483986432
590483913195270144
586058452541120513
588590615174098944
584988907214741504
593118566557167616
592362244941352960
589740189267918848
593002756107034624
593199859449991168
588814998752911360
593219778216644608
592463316905164800
590125308176519169
589709130035761152
592094004285681664
590643037518360579
592110596050579458
584708653825024001
589088452966232065
585645279967367171
587052763332403200
591603286710607872
590649663327440896
591848045114888192
583973129527042048
591568511098605569
592701264464588800
590260194308915202
591487095140528128
583593552707485696
591844357977706497
590933551098507264
592603558085664768
592681864676057088
590012534062649344
591552879728709632
585856740165427200
589703347537575936
592449702408228865
585338897523220482
585721922316541952
583115346992857088
583594134641876993
586469213436514306
592691085199179777
591130087619190784
591255664451780608
585954217791074304
591305236611989505
591061465852841984
592407015705616384
592479550677852160
592835236427374594
586009251656507392
585937462368796673
592590130193498112
586129248278163456
585730108167757824
589445859970064384
588438874894028800
591225600502853632
591570359775793153
587030344299220994
586469213562351617
588435632885788672
585103953609695232
584708665007013888
585514694913486848
589785547645657089
590527366520295425
592542357947424769
588704407946022912
590627307976556546
586927840848781312
592002647424569344
592761175349297153
590621220619550720
586510663473881088
587927694278598656
590640776041881601
584903427794325505
583619279024566272
591252815445676032
586536321906302977
592409321767444481
591251426132762624
591955128392908800
591660461583683584
591791020028915712
586797686789115904
588512417270734848
591197963524898816
589105180991328256
592648050771787777
583590201991245824
591789437794803712
584002473876160513
592588429940137984
593166153112883200
591984508297150464
585856739561443328
593084199294218240
591255285852934147
593428961557778432
590644760446107648
590388897181466624
583323789414547456
587961139352489984
584806975176708096
592444741872062464
589711012015681536
591951949974491136
588722016959627265
590634791160176640
591547241812328448
585775211561132032
588651805690593280
593329885394784257
590883916829044736
586164260780302336
585783925651464192
588430146731974656
592143392361943041
585938012116226048
590154937851633664
592237779007995904
583969153570119680
590260461024731136
585859134274150400
585202923510071297
591139701995737088
589813213644001280
584070063554220033
590860135758704640
588683421620121601
583732333909581825
591754446729654273
588682659662057473
591620272937140225
590075215008378880
586091679725129728
584741572094361600
583432390065987585
586165235238637568
589690405710594049
592609958887206914
588117129276350466
593154731750612994
585832459075452930
589703942491242498
591819236294688768
588032660586508290
591618096647012352
589702080626958336
586143903897772034
583167944902983680
586130306559643648
586918282449436672
591980873936953344
591356087338663937
586187897658675202
593049468653568000
589701265656950784
585847289408782338
584201568402059265
583731531291746304
583671876758609920
583099098984644608
593329890658684928
586523291541577728
585982565409882113
586104504313053184
589103802264866817
592705572539113474
591794470351417345
591252710118264832
593022125063081984
587638931711070208
585162198311444480
589816195571843073
586207084800258048
591616661980979200
589343194283835392
591185428142751744
590908323005911040
592010769237159936
591251909551517696
589427121057112065
592754861915119616
585925405774864384
590935907202662400
593032056654954496
583615063744876544
593128870641082368
592250490009866242
583400365028159489
590491380125986817
589036998939258880
585944909905014784
585618895148609538
593187801018933249
588294775905906689
592719399636869121
591772615259205634
589879943502364672
591940494613094400
590905238845947906
587003777825116160
589440830374604800
591021441702846464
590485277010964480
589572097313214465
590665357439959040
591377421527556097
593112584775077888
585363350617530368
592156336579813377
586869096110804992
591301587638812672
583625612872388610
589951778860306433
591614714238631938
593537046007959552
591331014477156353
586530093889105920
588174558445731840
592365145856192512
591251730622500864
591301326904131584
589008807558311936
590601215618220033
583755408579264512
589904998764568576
583905646686371841
591124634411601921
590828189661978624
583759440521912321
592433118755291137
585706087120240641
590944812012036097
585888174343380994
592748583818031104
583599152531173376
583737375685222400
590471527373676544
583754391108222976
590914061493219328
590793164451086336
584089690174697472
587966648038064128
587692578016903168
589122006232260608
589797136847343616
589317002210095104
583755247564103680
586099291598389249
591262029480075264
590282453257953280
589498678987067393
584023311241367552
592691292615880705
585400493121413121
584699080804175872
592535211767951361
590438501390360576
591838065586384897
583593618377728001
591047830648684545
587968627070083072
585971771238658048
587001070666305537
590704152671584256
591239470445371392
590164053257019393
587926150040711168
591605158934667265
583071915176230912
584773779659829248
590021432425328640
588379354163322880
592994631736020992
585940586580090880
585906921334558720
583931475793412096
593111494407155712
583936004266053632
591749635149942784
583326100765458433
586101522058076160
588751964370038784
591251298219098113
590942790542065664
591291641069187072
587640489697943552
585706587769200640
588325824320897024
589700273032957952
585941221912276994
590575744084004864
585699517263130624
593540759103606784
591159598599507968
590280435034431488
593036231283343361
590825465402777601
