10040606256
11108326286
9989231434
10287424786
11236260369
10236464522
11085750589
10955005630
9927191642
10356389066
10567673334
10483605438
9989228052
10942369214
10388562513
11329883816
10437095384
10186489051
9929030571
9840232897
9945763618
10852507528
9937232268
11051824653
10586153267
10088422037
10388559743
10533668696
11048861250
10178590401
10230080241
10388182309
10586148865
11108325015
10576518549
10338297622
11051799086
10437098638
11317996582
11165261554
11330680125
11100079465
10179740232
10268871172
11327478647
10323203178
11385372397
11187283607
10158111461
10942365580
11213063713
9807646198
10186494297
10533665960
10040608744
11211160667
10836616870
10932299670
11051800161
11035817497
11261000021
9927019692
9983109339
10567268857
11100162975
10739766575
10388560502
10586133715
10437097646
10335587431
10179119817
10942364501
11108325439
9938424486
9930879052
10236488499
11301618159
10996691151
11268468495
9923458257
10739767095
10637272391
11333941853
10788674913
11385372861
10437095708
10338300534
10186495145
10053152784
11272395391
10879245917
11211164958
10236461670
9889866713
10720554489
11211166714
10338298628
9889863503
11051824237
9831157975
10739767740
9983523687
9889867631
9840231056
11089624394
11211699361
10236490421
10134664250
11326949271
10889305374
11268473094
10996688770
11385373793
10996687019
10768104394
11160918064
10483602480
10889306980
11236183271
10570453436
10134666381
11119447501
11304304390
11051801108
10680045757
10932767997
9994966225
10996688170
10533664111
10889307532
11108943609
9925951622
11326956888
10637273511
11262237094
10858214600
10040603169
11036888976
11323898778
10680536873
10889309456
10996694516
11326968489
11160722566
10739764188
11106542476
11236234797
9840234995
10687939234
9860592594
10687941406
10088679097
11051799692
9938298361
10687940489
11320775761
10637272932
10088422359
11262079907
10287421329
10533664978
9989234492
10865471691
10858115165
10437097971
9939326462
9889865060
9928430242
11160725070
10836615498
10287420546
9843338110
11018977616
10836616357
11326967082
9889862571
9840228538
10008119610
11160721265
10527865344
10845739735
10036635745
9889920311
11385366897
11108322587
10889305833
10857142297
11260621995
10781733678
11071835438
10586120501
11082724096
10533666806
11045131950
10586141531
10287420922
10991477085
11248323118
10690127730
11211165358
11108323002
10088421275
11111218295
10942366995
10637267596
11326958165
10186493621
10338304835
9989235867
11357984018
9926829675
10236491824
11355186432
10996689745
11261266898
10317534480
11385371863
10739763750
9939318464
11038093251
10533668202
10788676466
11051801605
9889864322
10867859425
11211164238
10836617290
10878489122
10437098289
10364842140
10687939768
10178665466
11308686275
10040602101
10186488579
10989762278
10836615977
10134664753
9840226794
10788674249
10483607983
9926901322
11260624589
10933598312
10040602608
10040608382
10884156909
11160723377
10739764904
10018968847
11174299975
10537174530
10942361960
10287426136
10889306588
11385370286
9889861757
10287419483
9860589539
10018099279
11108919294
10297582721
10687936802
10586137418
10338311952
11078048640
10134663565
9840229872
10858268411
11267356268
10637274219
10338313749
9939323549
11096899147
10388549946
11048044356
10739768121
10889308042
11267356273
10088420744
10739765490
10880712232
10533670203
10236486122
10388553877
11286060253
10788673560
10222256000
10836615151
11258668668
9939317895
9926800242
10134665167
11108328380
10836618429
11110177817
10964989261
10861872996
10637271428
11326947638
11168077538
11268469110
10996692656
9939326044
11048107123
10374756433
10942365057
11032055070
10963494205
10088419389
11110919225
10869500402
10186495713
9979263862
10088422702
10788674601
11271090277
10338310078
11268466459
10040605456
10088421563
10433549030
10064576820
10770340455
9811197168
10924788407
10836618097
10684456683
11092034688
11276944187
10962645266
9824548486
10437095075
10687941954
11038999903
9989235369
10687938316
10483604816
10236474911
10945733288
11160722922
11000195898
10640453393
9827629840
11373693828
9840233602
10536528771
10287425143
10236473409
11036224159
9984105592
11270195636
11095249268
10836617704
10437093580
11268472264
10338310966
9878314946
11258498051
9939326958
11260629566
10637270232
10533673376
11385377825
10687935700
10186487925
11385371155
11035893314
11038668983
11336676978
10586145255
10962538229
11086222447
9939317384
11298651528
10483607471
10827741795
11026334052
10788673902
10483606125
10770530309
11160725802
10483604148
10533671579
10788675214
10765262138
10878637041
11326967776
10088512451
10637269057
11014590576
10586109053
11051800639
10186487290
10338305655
10788675776
11211165718
9939327461
10285604370
10134662825
11377969221
10134662350
11260626482
10388555439
10868782249
9840230503
10199212530
9989234952
10889310072
10134663920
11100020343
10287425744
11169285218
10388552890
10483603478
11160720582
10186486503
11108323417
10942370944
11326958910
9939320318
10037237683
10040605832
10862543249
9929359446
11051823890
10858004950
11268472675
11268465391
10040606740
11268467908
9989234056
11211163192
9989231806
10683367139
9853574450
11385369724
10739768910
9889866049
10198529091
11211167027
10923485032
10236476718
11326955987
10522184505
11211164593
10287421783
11017855433
10637265414
10681378454
9926921317
10829265652
9989230833
11268467277
11301534566
11160725503
11333476367
10942367834
11108322171
10483606814
11091252644
10388554665
10831940384
10088419131
10735076945
11299448941
10858043914
10996686530
10586128546
11099095286
10176182892
10883876625
10446650215
9922625275
11253793807
9840848295
10996687546
11098411881
11260633251
10687941000
10682807205
9928844676
10388561512
11108325879
11085329599
9945064894
10942370234
