24657483880
23051442006
24927355454
24716396676
25093555566
22778425636
23860868343
24519043137
24687899691
22985937453
25059969655
24514648604
25233693902
24686156703
25531885163
24220205905
24144561415
23271880119
24842817574
25246911819
22740433689
25195664270
22692908853
23171232997
25103459417
25358617876
25525172733
24941038101
24602552625
25111863530
22712800002
24310010024
24009876857
24688200577
25435297085
23135586568
22853068695
24700157988
22712735629
23913266140
24137781311
24447308643
22761302355
22791217518
22742761963
24029585607
22690222917
24962331222
22734461330
24119468114
23161392204
25644141189
25192858531
22699631530
25898657709
24816683079
22763134945
25092710272
23179900698
25803054605
24786796067
23948312696
22745883937
22944158637
25094765189
25928028141
23249787301
24739524439
24145954034
24060284620
24107150401
23180054179
25593903223
22723695882
22734469582
25790838201
25051561308
22764858234
24281527616
22701953370
25433198426
22756382736
24047841706
24810899236
24184984609
22692924553
23082537241
22734471350
22880209329
24925621187
25966314986
24757702835
22866886473
24063313199
24842662372
24995611842
25386457417
23992850922
25577783579
25971979920
24699867386
24145927628
22756404148
25562039469
25579895040
24151420060
24959762100
24291643520
24852226842
25057130537
25387043490
25893263850
23082754075
25664388545
25962290332
22868350938
25836105829
24035888418
25525971095
24502770007
25894052043
22985917723
24557817111
24843022394
22706037140
25205070965
25095144040
22665039882
25954697028
23928534432
24137820008
22745905394
24917344695
25961016525
24690974728
24599696252
24281573717
24137620270
22724874622
25910687969
24542103298
23254416966
22743502812
22724192455
24806652177
24533278619
25398601332
25485742073
24599299992
25871203654
25090034506
25773902053
25078615971
24602534082
25714426598
24643592005
23228629690
22880091853
23179844760
22734472923
25388453848
24027744306
25786610552
25091115386
22761135020
24602431539
26002124545
24813017988
24514648882
23913325637
24287305965
24108430905
24089247114
25146545346
25034063271
25600399542
22903156638
25093971504
24027077009
24450856518
23948686753
24842656914
24926079279
25210024836
25958130052
25090279940
22917239545
24926337421
24874292878
24599663837
23995375877
22709069216
24485484673
22668917546
24634351009
24022465298
24409007927
25193323046
25796135652
22880024656
25237063931
25992791069
23255110821
22727132198
22665138731
22827199766
24991375684
24599590813
25708126217
22985828828
23937918216
24850894799
22762571955
22734460477
25903892906
24490854283
24599612736
22692186604
23006717997
25230590775
25050601118
25197287001
24041066850
22914055284
22734461968
25211821433
23153211773
22985845466
24318603313
22791237484
22999529355
23932383415
25145287702
26001699915
22762494231
25525811293
23858858806
25187479001
24560200230
25579719452
22840944980
24602388591
22821965926
24960561502
24757281721
22759331794
24602451577
23006736786
25405033627
24416450294
25241648808
24015806444
23938098411
22944638692
22934378344
22756282068
24131550835
22662965336
23125366408
24842944621
25959328420
25334865533
23938123553
22759287274
22706228193
25643739634
25580131467
23221371602
22800007066
25151682875
22762524830
25663944923
22903211182
22734462523
23254496306
23051436104
25196154199
24314291368
24165908088
22706009341
22706062593
25239090555
25219335015
24601737741
25041532231
22947817087
25953531627
25871442862
24597213282
23259413930
23205710043
22706255296
22761370829
