45872210468024320
50427680918740992
52735785845272576
53508981007716352
43255187439230976
46577073002782720
50535297926184960
47338298330451968
45718954416680961
44069382237859840
48537863998029824
42904161246912513
50440975872565249
47310543379365888
47266613711478784
50508905784147968
50922386823987200
53553149465731072
42904548381163520
50145553153146880
47488944929128448
43762368626442240
48642174497193984
50681990608994304
47728942190301184
43762362859270144
47080970058350592
50786601051234304
52499538296045568
50937272320794624
50771732969172992
42889128060272640
42979729673949184
48812124583108608
48164953701613568
45353731851689984
50779752784605184
46341354405625856
50423410584584192
45690681754255360
46592208685645824
42913803276521473
50423708648607744
50509166741172224
42904861527900161
43222265743147008
51800640657170432
50525585969123329
53378539201900544
47242533033611264
50964459497336832
49267943367905280
51390869667987456
42974547904970752
53359350852493312
50515573221765120
43659010599161856
50512173750960128
50597609701781505
48571952096489472
47984287869448192
48097676545376256
49425963926302722
43672053139783680
42547992934359040
50071664830054400
44511219255746560
46782928293855232
47261372723101697
50207575903449088
42968614550257664
49279783577718784
53511485342756864
46181174321758208
52757492593197057
46969924714905600
53507883538714624
45174195491057664
53455873800024064
45529202803486721
53586753596039168
47338513787666432
45890924173209601
53599054856327169
53197071485898753
47338202335424512
47243960271380480
47005763247419392
45292804695535616
44728482390999040
53126897864945665
50230959370551296
43148231944835072
42819334267080704
43222586473185280
42931555622072320
50440221258563584
43342569106718720
50525700075175937
50849661128417280
46670556262699008
51275400990572544
50527856098418688
50851910042918913
42695820994289664
46558921766346752
46970281272680448
49325730567438336
51708139522883585
46213824369541120
50196463661223936
42890834617700352
49848834943234048
46688765778993152
46732210610511872
50424697405452288
50001023993004032
50608536916475904
50615943751139328
46838005394194432
48034996715393025
49281438952067073
43228108505092096
50420824422875137
47324569874341888
50455709829173248
50713420621824000
46728554121134083
42616460513771520
43255187523125249
49284819032604673
50429603931623424
52741551851442176
42480359455195136
51118253556252674
50178458730500096
53398140103041024
52776581852168193
50847907129208832
47019925075800064
51567877647638528
42653389636640768
47381118399422464
46569995534209025
46691027796508672
44732143909355520
45690682073022464
48249584182501377
53595547608686592
49540715113492480
49858865088573440
43399573149990912
43762364910276608
43762375039516672
51139691629649920
48093911226384384
50518841582813184
45870285194407937
48165020147793920
44838161653841920
43762379384819712
53595135350546433
47640915006853121
50593518938374144
46051475394277376
47533857788014592
47583278970048512
45524709030363136
43240279452561408
50968638504710144
47061181231398912
50796387394269184
42904162064797696
45697553123131392
47261067038040064
42879036598403072
50587248357421056
46142074659160064
52484754259460096
47019924945768448
53589762744918016
48166785865891840
48756707567992832
51981288487399424
42450479065735168
45096627563798528
47817287301996544
43736470518906880
46055237521375232
50508905792536578
46687083556909056
53386115423551489
53528846607192064
46728909345140736
50425040893771776
49280915205140481
42818846863794176
52272303093972992
48778199521443840
43319794317000704
48556932092538881
43621310726811648
50849142532096000
50195061962579968
52496747729137664
53349312238850048
45933911775252480
46727617398849536
51205801829863424
50049511497809920
45873379886108672
53391698780368896
53526599697571840
42683524762972160
48166330775511040
47348555228258304
52732423716339713
46642573045014528
47583279980875776
47061201351475200
53589766381371392
50500795514355712
53352851124142080
42910271924211712
50520446877171712
53505434048409600
48432042165288960
45960898682175488
43762370664869889
45695667380813824
42904161225949184
50789392159223808
50556876970131456
53016810123034624
51508128155574272
50453852025135104
50545599405240320
47889122957856768
47816921676128256
51203046146977792
53034078533980160
50201965082324992
47241241783574528
42494356862681088
50339873256775680
46761153136832512
43139351449845760
48879265684533248
43762381289029632
44040053680377856
50195063900340224
44736987135090688
47259684331208704
46958707233390592
52761647739191296
52484275353821184
48115759636951040
46686912014069760
47383392207126530
47587296698052608
53525784089993216
50517071225819136
46625905921097728
53587809268805632
50097253569921024
50598361291698177
43211750409117696
50889351114137600
46283456317100032
46970355520253952
49564258752659456
48909172342931456
48871788389736448
52504504268111872
48879262643666944
53081716293771264
46939085398491136
45690681460658176
48134145230123009
46687198799601664
49282666226388992
50623348228636672
48741078404308992
50521246726758400
51807446280314881
46686912026644481
47018072527212544
50235357102485504
50627696249683968
50603761839767553
50849084789100544
49154917885153280
47373663728713728
46518023376486400
44024045167067136
53589760723267584
48083288245551104
50430892862210048
45691869518233600
43496590815674368
52112942044413953
50597447814230016
47263958213730304
47272736585818112
49860652059201538
50521843043549184
42509451051282432
42652734268260352
53032148931850240
48481414596919296
48260725973598209
53589766154887168
48599713687142400
42974025873494017
45095921184276480
50913732062216192
48285963230777344
48914627786063872
45095881405513728
48021307060785152
50843311224782848
45096199388278785
42904315530199040
47663396505665536
48781249527029760
47187027535478784
48024242457034752
47242548904865792
53508980101750784
50940182664454144
46728306237767680
53585510697930752
46792610970472451
48977613737308160
53589763290181632
49248378877513728
50510406082494464
44838765298073600
42649864470937601
43569722385637376
50849084747169792
42992346136195072
53589766624645120
45559778839240704
48642126531145728
48166235229270016
48775951756165120
48879915818430465
53602874948726784
46715854540374016
53443174080839681
46798003947831296
43487079170191360
53591354101608448
50049975425572864
43221553667772416
42945269024821248
50563293995208704
51411454976475136
47207952754540545
42558281318805504
53100725869359104
43858907122249728
42528272738820096
50144489016266752
47641599781511168
42931756248219648
46346535826501632
43037111410110464
49156238742790145
50576399471357953
47074094725865472
53589767262183424
49663890551877634
45682793098919937
53589766368792576
45531114412048384
43762380060102656
49286539280261120
50177495433093120
49792031119245313
42910197949280256
52750447441747969
50499656056176640
50428360253390848
45822701155270656
53508980227584002
52533658212503552
47195045589291008
50629491764117504
50205249717272577
48166695067590656
49248242822676480
45873380758523905
46640355210301441
46614275619426349
50421470375051264
42509392721100801
47359084164415488
48166317647335424
53589763034329088
43083848145305600
53478209928445952
48165493886025728
51859009308856320
53119250612748288
42865583166980096
47270783998898176
47001640011706368
47185219551371265
46466367083393024
42570054814011392
44591551808143360
50465527117778944
50420934942785536
46181427129225216
48848045558861824
42944882557464576
50518019989962752
50839267173347328
53508980542156800
42904654283161601
44214909524901888
44894401406844928
