978630058450944
561605922263040
7499356672364545
1971988369244160
2543862438428672
6937919021387777
7458235766280192
3100709637586944
9338660155564032
3273622349152256
6713260082466817
2807014451322881
3958021432545280
1473594353786880
29466812915
4118946789724160
9228859559903232
29594851523
4915866743341056
7016789246484480
7621741606084608
2095520738709505
9087267620528129
7429128206684160
7860267878711296
1052947421077505
9278981169750016
5059630363316224
7105542363291648
7259284664483840
2822920627822592
6921825690853376
936693792247809
6709016973549569
9315555156688896
548159906390016
9114995262492672
2394130189647872
5590415088549890
539071650729985
29595344173
6358096892928001
548148648878080
548144718811136
337851866677248
7589406860910593
5562946570682368
5619295757271040
9717911895670784
9343293729017856
1444870422007808
979566474563584
2756458215112705
4076616451887105
2578455166193664
705141581807617
4121174493630464
7734885502423042
7569754319486977
7047974597165059
8214266544918528
4906851435024385
3466929654210560
9261210306355200
29554424080
3958376312606720
6759260054618112
4850505373192193
7244591770116096
9049488597454848
7142014541889536
9579624480641024
6773625814257664
6139257181700097
7623648424763392
9144098472599552
3142154415247360
9105455347404800
3974681912680448
9319438151065600
9215090213519360
3960388534149122
9082973190103041
2653018252115968
9089852658159616
7229417700982784
6711831930343424
5590008362696704
5338672199106560
9212373873197056
9089817686052864
7104584816271360
910930447699968
9411677313310720
9230557288341505
5603127168335872
6760578714439680
3206779802488833
6722484137099264
7076317711306754
5334373117206528
6713259847589888
8936786877218816
342181940301824
7742472042061824
1501917280735232
29420860149
9310314004750337
9352425118896128
1895822321000448
5591667071516672
5590101866323968
9407460204871680
9122023045332993
29401074643
9580924538724353
9425922394431488
29594771477
9274376541179905
5353760557637632
9326996051984385
29474631709
7565220008427520
9000251608276992
5597124087513088
9337220922081280
9279885428133888
6709016981934080
2463226310696960
5293932996988928
9083144066043904
5605574553108480
7113549398675456
7338805333860352
5863041837043712
1959994731798528
2612291392507905
29393483219
7740381240238080
29392990511
5602485448220673
6841002799136768
29598665827
2880864270688256
6500154492329984
9014149212274689
9588013218660352
4688205962018816
9279053345333249
6733073353809920
5631087715811328
7737291032240128
2831476122980353
9711236254015488
6762164018749441
4966708330631168
540532560363520
9282957852286976
6850632405225472
9385036335812609
8265506393952256
2378926269661184
9382393844600832
6942603031351297
9319165441605632
6727520191774720
9226007827447808
9092133306765312
6709021222379520
2340851665604608
7461846831333376
4290617911803904
6713251677085696
7495051269636096
7105814091276288
7628223936462848
1481273168101376
5592347421184000
4244707219607552
5017393604595712
4331302870323200
29621622332
29327805454
5595773169311744
2570144584830976
5668213505400832
5620000475844608
6713233327005696
2616378905337856
6842551709466624
9095447255715840
29520953082
9310557656059906
9197129549484032
2925017335599105
1608072678084608
8454001884405760
8301507552223233
9318772292722688
29637615204
6718791673188352
5072944472530944
5078766548156418
8936782938767360
6713258601873408
2704579372257280
8377395178381312
6248381575864320
4164016511385600
9341695292342272
6713240956436480
6765406836498433
6669315520593920
1744596430225408
9320576753606656
9404018971381760
29401290304
9518534782623744
6911997983596545
9282961585213440
7695731540369409
6775178478485504
5646151344726017
6716670970171393
538617592160256
7630188225499136
29369892973
5416757128855553
5655308667985920
9197127968227328
1416985279725568
7968910187958272
7047618538504194
2805325384126464
2219046237904896
6737622688858113
9089208501149696
4965937505640448
3039062315237377
6758614328942592
6713230411964416
5774445977280512
1867818916126720
29336322673
6709014712815616
5615728363307008
2495651032072192
1071279587205120
7250951794597888
2048210847670272
8084808840257537
6713234144894978
7558609806299136
9104862025355265
5591477577064448
9130620345131008
29589128453
5646437941510145
6640080680656896
2920083982651393
5614715996741632
9090031792693249
903517963296768
7312893070548992
2495889985769472
9713616794165248
5652683067232256
3646173529251840
5363507734249472
5349009069711361
7623614815797248
9088768413802496
9330944112594944
6864356880949248
1091673182437378
29655557180
4601474403270656
7630333952401408
7469041690091520
8686777694945280
5074280475791361
4630323421777920
9082965971697664
9191489145937920
9082863412584448
4986231268057088
7949788486049792
5591035346419712
6709019183939584
4074769217486848
5221537200214016
6717398858080256
9083640923295744
29465566257
2549557271470080
6709018185695233
9119513693913088
8614462349119488
2571941131063297
6720444174438400
5861767884316672
9212589863084032
9604942473990144
7296897584734209
351630960623616
9162809854136320
1971989291991041
6709018689019904
1559675896074240
7127108006445057
4118474599174144
29642692984
7108121549873152
539725777608706
6723421706649600
2803359941660672
6722487551270913
2183676293021697
29475081089
9337984151195648
2013113805185024
9358338512912384
7071760767778816
2760102763307008
6879232198180864
9338360602562560
6672805424795648
9120009871691776
29637471843
5145252050509824
8340108092641280
8841729713115136
2284726471626753
9281350032949251
9117382165405696
