391220679170744320
390478201736003584
390423932500574209
393183493796007936
392104055629037568
386407574092148736
385062661722869762
393637712902631424
392099102294429696
390878965776523265
387205003284189184
386399670945054721
389039006807105536
384955991822843904
391515640349335552
390696323340460033
393982296161665024
385038136511696896
385029965869506560
392068376828182528
391089182338076672
385034511819739136
392491628268486656
394315258577166336
392716968882499586
387178644516270080
385107177498628096
394909725961519104
389895252577751041
387180756453163008
392277884511219712
385484999975108608
385372323484028928
391106578163572736
389636269409828864
390807244696481792
390609862381412353
390194874235899904
385414239361306624
385085328089825280
385361240740335616
393187577286901760
390827387757531136
390597168324939776
389876468316000257
385382580477906944
387986602544205824
385097226243948544
391650015594422272
395393474654388224
384885550911467520
385278171169296386
389973269345890304
385438568753033216
388414736104058880
385283225762795520
384958428294049792
385071685633712128
386201543281618944
388951166924914688
390597291293556736
395845575943655424
390596523396194304
385375069901713408
393708735639474176
395359467761463296
385154600606498816
386099845565411328
385018476651622400
385119863070412801
385075079140638720
388882235106947072
390572359020998656
385360055152807936
387179642517352448
385143608321802240
391647633913442304
390717025921691648
392720654614540288
391182142442455040
386977709068271616
390597517379112960
392634220155535361
385893358977024001
385201925777399808
385023041626841088
395632443321237504
388098123928567808
385464514872762368
390289843021824000
385148295124770816
390988251731091456
386029685903478784
387616502687744000
390284461566205952
385412501992509441
392983455614504960
387163738815483904
393707514183024640
395581537405894657
393120341817450496
390098951762104320
390768881972678656
386975903688822784
395038476451995649
384955882288607232
391777075280891904
388344428076617729
390969767026491392
385105651472429056
385202127963844609
387573498044243968
395789889351860224
394896070322298880
393801816632483840
390621432209625088
395281462343114753
385017696649084928
385036614721740800
390754851715420160
385465698371129344
391090771253682176
390759047814582272
390783707394494464
393481100363710464
384961505122189313
385653021159739392
390843591897399296
386403977538965504
385440021677109249
390747086590709760
385467154570956800
385017399029678082
395192076616630272
385480055733772288
385565751480156160
385023035993911296
391624818841247744
389432046042746880
385542935514607617
393481474336239616
394935877534629888
385453648454488064
385300283208646656
390665925327732736
387679002074165248
385017461470666752
387119316262338560
386819209503600641
395402918922170368
390746921117421568
388833597215371265
395801883756867584
386614869308350464
390737280173748225
390722265866055680
386422137109487616
385870028622790656
385192498118664192
385502591825633281
385779416636207104
385046880599556096
385383060621234176
385858834977554432
385331419851288576
390806555626848256
385157546459152384
386028821251510272
385126259736334337
390598791101161473
390595724066693120
395585118762725376
385992990621040641
390762031051063296
388742980989116416
385958407704166401
385201812703158272
385106988704616449
385045404296818688
385111755975688192
385468509452779520
385031732166004737
389069267926528000
395116969458139136
385020448418701312
387605333805244416
385089886346567680
385411776747413504
390993857443528704
385113361375313920
395553432771502080
390699063689363457
393431296245899264
385116221848297472
391260488660566016
385427595325485057
385018957599494145
385430702528819200
385699975994163201
390846248833384448
393564920089812992
385105084754833408
388951595364663297
395437715057295360
385376837905301505
390162232098963456
385500671363260416
392274604426674176
390968187249905664
391069018364186624
385279345079508993
385140495258632192
393283644137025536
385822784980406272
391648738994688000
391861251674230784
385094329599283200
385420247567568896
385024605020487680
386891777816682496
387182210349936640
384964116466528256
390830389113417729
391078399369674752
384974398056177664
390828532269846528
385083997359185920
386190765124485120
390783046267719680
395861758830583808
393078833366462464
393427847869894656
393752820970967040
395627536639852544
395340987524210688
389509689580322816
385371772109213696
384956959843024896
385120073502818304
384976057050230784
384985459773812736
384988084653154304
390767664974417920
394976995941314560
390644815781560320
390649567403724801
389912933196521472
385751301620899840
384969282787893249
395340026814283777
395339951623393280
395190522773372928
385247354040766464
385484322846670848
385923319330918400
386651133910843392
392275513911160834
386473218682257408
395481478827868160
391466553415196672
385317302603751424
385302910210285568
391164505960775680
385033766076293120
385110439589187584
388800421759692800
390596500293963776
385025411844820992
391655408034525184
384958390000046081
390764991634497536
395236553309425664
385393496271904768
384958171825311744
391657953284997120
395605841232941056
385416910549970944
392372235442593792
385373234641649664
385113050035912704
393637138429800449
385056892105412609
386399733628952577
394749541695885312
385439994204004352
384975045027975168
389646223692406784
391937388991115264
389652494323683329
385420570864517120
393674074980753408
386399878097539072
385069051493367809
387575890827575296
393274911361605632
385203477195943936
385085436659392512
387572761398636544
390767101331660801
390241977482379264
392352832349016064
385135341306261504
385259650444054529
385371248189919233
390741426243248128
385033110020423680
386241921955692544
392033298534629377
390786753818554368
385076157533540352
384964420486443008
391453062289575936
385082669262200832
390918894346829825
390566950889197568
392418566592425984
385202176932319232
385180918308040704
390592366983127040
395629512487993344
385485898269614080
385191356517212161
391000234891161600
390770212565303296
384961496616157184
395152469874835457
385376328192892928
392100845606543362
391589636721479681
390217002993737728
390887064344207360
386793828935401472
393082745028476929
390570706662334464
390440779191050240
385034296429264896
393807782576529408
390764338698797057
387574177470763009
387181698942656513
390798370152779776
385484712543666176
391436952752238592
390999187967340544
384982033405329409
393706246781415424
385210031870083072
385371736000450560
392408178865872896
391619509377056768
385410835889127424
390667464566394880
385411123681300480
385201883331043330
384959723356696576
386399651781292032
393345794306093056
387571753058566145
385659270273830912
387558986742251520
384956040703270912
395256377398284288
390756217691590656
385913632502349826
385188490436030464
385489386495692800
387577541097029632
390825492225339392
386435631007952897
385033009063145474
390093470704345088
385189347953496065
393621903375474688
390953034244571136
385065771627315201
385012613144276992
391368852728070144
385274186706321408
385017846540935168
390856768617603073
390800253144035328
392516549149347840
395182909365432320
395192271425253377
391224924171300865
385260740690468864
395220646814560256
391294919199186944
385080525557620736
392298390190436354
385043106095063040
386972649077084161
385317328738844672
385202155939831808
389650999930937344
390646011640565760
385202113950654465
385023493488009216
385290291361501184
387623618215034880
395929882385211392
391837077299400704
385357074395586560
385085316039573504
392921150088830976
395192258414526464
385024355119661056
387740608929857536
385263611473457152
392193322304806912
393709812703170560
393337670937882624
391589933103984640
390329394910085120
387178504845942784
387543190544199680
385127150006718464
392401447477706752
385156697372643328
390390677265481728
385188538611818496
392016222294118401
393311609554096128
385380157747253248
390455593711857664
386040229838069761
391122648035753984
387574093144678401
388661993852239872
385500627402366978
391647300524978177
392849911344926720
385699988027609088
385028082504982530
384991825561276416
385495802623180800
385074207698464768
393911256395943937
391659225082265600
385025736027148288
395915039724421120
385402605348085760
385541228101509120
385622720513187842
384955980586303488
390592623435464705
390488709696466944
385018948925681665
391205154566844416
390203577085743104
391191963594027010
391652179615830017
387179025669435392
390983484618969088
391131173029572608
387592897236713474
385648470951882753
385078149848891394
385298580577067008
393300012723339264
393514241678118912
385374438856081408
385498539976953856
391709862625017856
390693407258968064
390630876452630528
385351990013739008
391576711243911168
392496928656609280
385757123818164225
395348293313896448
390599276499570689
390576514817081345
384955696782901249
384955839670259712
391085022490685440
390750862554853376
385381380005187584
385268429722509312
392716714422849536
386633647430070272
395861773917487104
385031687886741504
385638618414325760
385493289627299840
385080028415135744
385094842872631296
392725279896244224
385064468197019648
390982872179703808
395381425920155650
390870158329524224
384976164076679168
385035546734497792
387398297717309440
385092690108375041
390786411768451072
391095964972236800
390643313008578561
390721994398130176
390137867730554880
390047823275651073
389375074631172096
389736114569109504
385003902283706368
394249872066367488
390614913867325440
385744960852459521
387573012650004480
391341284914249728
392326765902696448
390082207747825664
385110568408854529
385394063978946560
388950274322087936
386944211947249664
391522762390781952
390743540063404032
385074483087675392
395019629019824128
393018071402573824
392186541637791744
395205345674399746
396023812426592256
385112400909062144
385105493749809154
385041921875271684
392785394330107904
392530815327797248
385514078623387648
390592626266996736
390249868217708544
384979074747076608
392284927615856640
385027182164070400
392598085219520512
392432910193528832
392743420756000768
390220475390894080
385372025986248704
385448684487340032
385496727047786496
385331559479640064
385206986406903808
385308177493164032
392214894851805184
385541870941523968
385394916194783232
385038179772170240
391469436403597313
391361193320796160
390017354140106752
385359096087863296
385282792017252352
395343552127180800
387586804230393856
393104021331791872
390920421513912320
385392026176716800
385297566604488704
393742685053661184
391440747360030720
387291919312621569
393486319625965568
387400790492475392
385244193137766400
387524551686774784
392723887693107200
386517436414963712
386402545444200448
387172724671401985
385084720016801792
392262513535901696
390749494393843712
391224922397089793
392431041610514432
385237601277341696
385337167037595648
390742212738170881
385127228075692032
395420537838907392
385184152745541632
387234138354626560
385332785864790016
387596303477514241
392246628800684032
387715537918513152
385780132830797825
394876598781898753
391898805831872512
392562174092394496
394595270756794368
385226309963489280
385116597834100736
391341161060646912
386511377801568256
395126659147628545
390896530577948673
391823542930513920
390782387334164480
394293077008859137
390713946350825472
390720515221893120
385376868935155712
385422045653131264
391695740654731265
390475031442382849
385391859419201536
391213159585169408
391012713725706240
395771452236251136
386076569867137024
392801531676069888
390743993136742401
385372657253744640
385184361277976577
395156261806686209
385279742305656832
385407197095952384
388400042849357825
391110714116411392
391183576261066753
395200421054386176
385119444852146176
390769689896714240
388163508883300352
387677247319986176
390863723625074688
390881154116882432
393803814924349441
385201895335141376
395618290833162240
393413991323537408
385134179521789952
391737142528847872
385308726732656640
385201982392127488
384956860832313344
391220705725267968
385509976099135488
385496181855358976
385024175854714880
393430731667812352
390998815224119296
393626511980625920
392779071517900800
385277640069758976
392787364340170752
390205797956739072
389549933155876864
393725082293374976
390992805708845057
395197439814410241
385317302683828224
385181301952638976
393699504366424064
386450178594463744
385039878171676672
390686472837165056
385318868895277056
385688047716548608
392310705086808064
394584982871875584
390772653361209344
393087820325478400
389650384764944385
384975045355134976
390764644027334656
390418821359480832
385816705672286208
386759038777585664
393113770974650368
385220191271264256
393737047011520512
384962016198541312
395235498350108672
385047964105732097
395354172674949120
386901464808833025
385467056591622144
394855074075123712
385106224099774464
385084057127645184
390588520567697408
386412825909788672
395318544789155840
393751494916575232
395571920998912000
387009168470577152
385291854579003392
395175864927023104
387232457680236544
385079619168522240
385692131048046592
387574285982003201
387575254178340864
388643175767998465
390996250490712065
393711113155514368
390466827266326528
387585451369840641
387576627888017408
385286585521946624
390601335307251712
390758203077578752
385372519479644160
384956264494546945
390601823767130112
392421374817763328
394958291358732289
385081856103702528
390587478471487488
385651025685655553
385036536439259137
395012234520166400
385263008647487488
385465115509669888
384981118681755648
392353788734214144
394864282828943360
385292344389423104
384996393120587776
390398502326788096
384965193999986688
385651413675945984
392417919079952384
385417130327703552
385404079935356930
385535768376000512
394805294053593088
387501994635575296
389935411134332928
390759584152821760
390614932682985472
390706233469980672
393367928776966144
387001603842400256
390081860337811456
395931691648569344
385142389608038400
393799648202067968
389033751189012483
393202878200152064
385789046225903616
385203983632977921
385201850061840384
393727306046259200
388147406673440768
386252805209481216
385422871431888896
387964884245557248
385201093049077760
385285558572183552
385357719961481216
385034243014795264
389191184679059456
387596817459728384
385405500768411650
385034292687937536
385380112096456704
393183841495814144
391316304000319488
390787482004250624
390836241614131200
386112110339424256
385081169714610176
391647517299200000
391146710585856000
390961511075557376
390893677138440193
385659268017311744
385236589057548288
385071644441849856
392753914526703617
391019568585781248
387687977112961024
390570698282119168
390531538082729984
385241065923411969
392717727388815360
388795617259974656
395204935395995648
390847408055529472
390764297833701376
394829923501629440
392314941740302336
385378800772853761
384957087064666113
393184178302230528
387105179805302784
385802925743693825
390864448090816512
389067126226419715
389726301072146432
385201917787262977
384955725216116736
394003634834255872
390787890252222464
392692132416217088
393804353376894976
390748929987735552
387079483057917952
385094448918847488
385084219925757953
394312802124316672
395019083172687872
395439402287378433
390586901973196800
387661271849369600
395440178699190272
385402785891495936
395737507356094464
385020451795116032
385018959474327552
395978332854288384
385076012377047041
392247229458554880
385517254013493248
385480137762148352
389070803310219264
385476028946460672
385312149054423040
385023031724093440
384955868531290112
390624931027091456
385305198756782080
386818736633556993
385646455395872768
390213025099042816
385478110008717312
385217375638806528
390845245673717760
385201818017353729
393768011313971200
392645332360003584
391356738638585856
385170427577790464
385126012763140096
385206411581353984
385301461674250240
385567881565437952
384975046084919296
385055864689659904
395582537772572672
390171341145378817
386890483412533248
385531923335892992
385536501741654016
391466863399407616
386253603562094592
385065448548470785
385412135167066112
385107192640065536
384957164529262592
391357228789141504
394852652976054272
385317595542331392
393413597335785473
387829402178170880
395201594461290496
391729866409652224
385289063348985856
388701849345597440
388061705479012352
390595495842021376
395224490546044928
387652441820237824
391656970974801921
393184109746348032
385116204202868737
385090391441035264
384957576699719680
390769267685470208
385479005534965761
390973520164823040
393530241878347776
390818763806744577
385202400211898369
387926566866391040
391258844841533440
385027793840398338
385474922736136192
391309791542669314
384960068447248384
387178996393205760
390083219494035456
393845189330341888
390886502651400193
385546369865232384
384975046168825856
385390879088709633
385552822244487168
384955854111256576
391296257177575424
385204781318303744
395445840933703680
391625134752034816
391661626287353856
385288490520281088
385375983819165696
385113921256161280
390531028927774720
386158265891319808
386059117577502721
385456674321870848
385013616228839424
390629631461949440
385430244254945280
390636294792941568
385651947618840576
385220653541912577
384979743659294720
394273301495029760
388801525096517632
385105793516699648
390658283368767488
385031337108709376
393362334959566848
394997370787622912
385031590440493056
390906306296815617
394531707463798784
391853533768589312
388637749961846785
387178973676847104
394826788020699136
385266344255434752
390376928395272192
391411496795635712
391647818731249664
385484699918807040
385332808270352384
390891236007362562
387322267748679680
385020828288438272
386440208360546305
386043508739813376
385900939871543296
391022246459736064
394936612297396224
389746252767711232
393023529719181312
390645468482777089
385202056790687744
385033586618810368
393830750300434432
389314672870305792
390885419451449345
385491475884032000
385371415652089857
385017642693570560
388722693912408065
386400025305038848
395347288174104576
393445004959842304
390579292327129088
390706660639256576
392381761906163712
385017759672700929
385036565153456128
393752106274140160
395346013767991297
385079933397004288
385394813383626752
395579163400081408
388563944358809600
393436559246381056
390848964591091712
391270821307498497
393753522841608192
386426091738394624
395235168820404225
390961085995421696
390708124761354240
387166590032044033
389759800218636289
385390951700910080
384962209412964352
391397893392695296
390595547956248576
385480095038578689
384955274190016512
392777609291255808
390663571958296577
390590364572450816
395522197911252992
385486281662152704
385092203376545792
385397393509732353
385830464864276480
385394889124347904
385016517802196992
395520155230302208
385087147864113152
390403511047176192
390772352449269760
390643501412532224
395533801540972545
395744772536930304
393631020026982400
390528707787370497
385298985478782976
393411646036905984
395915883513913344
390618216374210560
385116161639079936
390800946269552640
385042451552927744
390991454861922304
390665982953267200
387183792949305344
393836503971143680
386406978035007488
385483813138079744
385698817456103424
391058743011446784
385127394472108033
395237467345145856
385034273310269440
385321134935121920
384998727251152896
394882021430140928
386450943656472576
392755679707938818
385119412636094464
391078166225510400
390650513043107840
385202063975530496
394777415534141440
393477659348303872
384991621659381760
387594169960914944
385349077635854337
394830257754492928
392739897678639104
385079339533877248
386907562777776128
385202105650139137
391394558292291585
391638561356644352
390812095895187456
395553559292706817
390701106827132928
385416604386746368
390605725661028352
385001757686112256
393529352409079808
385106700799594496
390711569031888896
385473753959776256
387596650920673281
393800814399356929
385107269140361216
385090973102899200
390009176719515648
385010821941579777
390886396241534976
385517378835972096
393804656205246464
386399501268688896
385401515965300736
386404855998201856
385305536235065344
385202049194786816
387996891809853440
385371361268727808
385107178421747712
395566568593428480
390649498189692928
385202211187195904
387664531888947201
387227113217994752
385040013827661825
389290083699814400
385435799291826176
385773812542742530
392197384064618496
387896797018222592
387683786089332737
393528687762493441
393840879133552641
387632150930931712
390097896571674624
395446443822944256
391876204707721216
384955954090868736
386726628480405504
390732028133797888
385371573076897793
393026840228790272
385204675663769600
385790039273512960
386237873093357568
391799924578582528
387222964355076096
385707313421885440
385090745050206208
393732022616604672
388143921345204224
390628090822799360
391320380876406784
385038987988971521
392994947370352640
385206367172042752
393300011951591424
388201483117674496
393715904225501184
387574035791745024
391029583702929408
391714678717440001
395544441991471104
384963050312175616
386437459292086272
391770630984462337
385087277296537601
387924648350203904
386473762490564609
391971523545661440
386508241418850304
393105362833780736
395346014044819460
390159514046971904
385064416259346432
389084625530028032
385494729237864448
385074504029847552
390754738318618624
385819267457122304
385221086251470848
384955729733369856
395565240592900096
384970471772405760
390523344539226112
385200176224145408
385042334150168576
385568070598541312
385287699852439552
393310640024330240
386425865199812608
392419548864864256
385414162114822145
385427556029431808
385110232566747138
390843003218427904
387998124712947712
385063693786316800
384973814422970370
385143913616793600
385021808732549120
391109644338618368
385285731263840257
391077964768874496
385459165440643072
391647319890083840
392145539758051328
393624501193154560
393593388143882240
395773511337541632
385541084019191808
385040589961433088
385058709342154752
384955861405159424
387178905238376448
390771756363186176
393636997941567488
391246212122550272
390705622716387329
390498547201609728
385295375340294144
387519981568540674
385009104130826240
392421374201171968
390640626733449216
390630169418817536
387630746191425536
394762866558902272
391220337935147008
390205441545748480
385265449262673920
384965167697494017
395669623019798528
387174385645125632
387261308694851584
386055022578253824
385242421761933312
390646482015375360
387878114766110721
385163502484082689
390402752519892992
395702755836170241
385371368998850560
387938300692279296
390353861221044224
387178554221277184
385134724655509504
388336536896671745
385027795039965184
390533350655418369
390865088556445696
394300831312252929
393088997917868032
389633876039303168
385692149024829440
395830673765711872
385473608124219392
393807354900525056
385637784939003904
391315698128916480
385201785125609472
385360434917695488
390866170338758657
386338793240162304
389103491836170241
385088856506134529
392701696432164864
390180896646512640
391144210344079360
390877646168813568
390633674145665024
385138441865805825
385252593473032193
391657359438659584
395235323715661824
385110579297259524
385086755159801856
395198808046305281
393814357965942785
385033657381310465
386129423659171840
385371558703026176
385432622257537025
386423129045610496
392283356924100609
386404887975571456
385144294970888192
389153381794988032
385431754997108737
385143103705088000
385395900283379712
395130117434777601
392952587168649216
385376931719286784
384963469528674304
385443588428943360
385636412382396416
395339569039966208
387314097336754176
395339477788680192
385302921144856576
385841407144886272
387916568547426304
390911277595627521
385084471101648896
390594016389386240
384955913678749696
395799418953551872
391079027617705984
392756541130289152
392680146211057664
385081731336114176
395117583831408640
390939326714245120
385298130469933056
387953287326363648
386418877577453568
384975045418029056
395504364795985920
388029304790999040
391784633752641536
390896145863434240
392751957196025856
390626925661941760
390676851443924995
385403826758356992
394146017387364352
384955801594372096
385202141821804545
385142452639649792
393404663309279232
385030533257785344
394912233714487296
385747520669749248
395844847556255744
392717855944228864
390645503341629440
390759228832755712
393828172359143424
385025836769746945
385862691476086784
393801837452988416
390596097762414593
385521181081620480
387632903602966528
387503730322444289
385514648675819520
392385657890672640
390889761595879424
390659962164084737
388636396367654912
385045660166529025
390773717154144256
392897348872851456
391687178872700928
390648671693324288
384955845827502080
392936466411577344
390996923793960960
385201977723871232
386138444097130496
390688978896048128
384961620641734656
385000172406571008
388639078927040512
385017523709562880
385004054385922048
391161716060336128
385211681799815168
391887028419186688
384957797135548416
384960514427592704
385140487679913984
395160573476106240
390645171982835713
385316921706840064
385202397049389056
385323188608958465
395783417797029888
386014490539868160
385710475427581952
385530128404447232
389619109513924608
390676698926432256
393120644302258176
386002204974260224
390605467124105216
385759362557280257
385358823852343296
385104422281691136
384955899296485376
390654183655104512
394881461951541248
387545192858791936
394825131161178112
385481644305432576
385211312122249216
390751967611338752
385475759990923265
384961932991557632
386834439936167936
391943748252225536
390757879785213952
384957294359740416
385391278764335104
385167688542068736
394822226244943872
385142865417883648
390755928925954050
388140845817294848
386423702557958144
384970169577390080
395402917382864897
385308484327055360
385297242040459265
395439345081257984
395340473541226497
385487680852594688
385104764918566912
391082555526483968
384964357097926656
390749446717181952
388637771859886081
387178578678280192
395340071832137728
390170987721142272
385018977530810368
394850254321098752
390771431371706368
385331397206212608
385374583857364994
391649650303725568
392736530424266754
389805620552945664
386406421203390464
387188644567465984
385391897948065793
389748669123424256
385311041892388864
385202039665332225
385321921975705600
389538254279544832
392247451131731970
390520736655228929
392640953070419968
392100227739443201
384983062611640321
395394264257286144
385040595766353921
392129637884514304
390823281668145152
385373300299677696
385355284379885568
390878961041154048
390940113607204864
390645147995615232
385105518714318848
387054720298147840
393811017999740928
385201752183554048
393808213063499776
395348301899661313
385381820117692416
385201858295250944
386400066715406336
391231510482661376
390174161961615360
387657851550056448
387578179507875841
386471322504544256
385077368303276032
389834385333436416
390824697765429248
387179554189504512
385048147971420161
391388428769570817
393844103643168769
385477581807419392
384961146467266560
385371363302965248
390762983208394752
385752573380407296
386406322029072386
389122062389739520
385039908731379712
385201848321187840
385392171798372352
385474844155867136
389664535612620800
387990328596107264
393057087091011584
388820313435164672
386416829238751232
390585542087557120
387506966152503296
389203160973049856
389159211264794624
393294590398443520
390788989818769408
392194901535780864
385206379692032001
390523289879474176
387825256900997121
385110696163160064
385072210907394048
390915966655537153
392646749170708481
385253329304956928
391398739559972864
385095265431998464
384960036608303106
390061745005670400
387574306991263744
384967352132972544
388445308805316608
390815022793752576
385038959509655552
390605667851329536
385186548787867648
385023040750231552
392717538624143360
390647112800927744
385323863304720385
389481392515457024
385403564366897153
385086835405242370
389731057203183616
386498597740892160
386426377458565120
385324231648485376
390753957695746048
390645971476299777
385292680273481729
390671365667586048
391124158551035904
384955885111746560
384998811505930241
385325979364622337
386410506954633216
391648490063163392
390166435265527808
385390801918099456
385442497515638785
387179056598626305
385083170951274496
389069615340351490
387980252619603968
390655698067279872
385080335383662592
387325010307981312
389116808352890880
390649120232194048
393459388918534145
387212671889588224
385741853230137344
385343424771006464
385186685044019200
385092012497575937
385868539233845248
385274175784361984
387519708620398592
391736819642941440
390659515810869249
385202194183491585
385553875454791680
395799412821090304
385322762396377088
391036212598689792
385079559197954048
385446121859862528
394839273662185472
395924297199271936
396014930337345536
391396824575004673
390761270200119296
385066634140192768
385293099872051200
390795433405972480
385319746410782720
390781593650208768
387178549691441152
394830573832642561
385381856889143296
391641269497126912
391365428167340032
385392675580821504
385297408776609792
390855116196040704
388793163026280449
385403634394996736
388790940560666624
391159182659186688
385155199771213824
395183279663763456
392241915480911874
387698915270594560
385376687656927233
385077277186600960
385371361352622080
392716634042806272
390578268052934657
385202243470757889
390807353013977088
395819971697467392
385332543152607232
385951532694265856
387642065275744256
387927472429613056
390692233621413890
386282289660846080
385062111996428289
391136320195555328
385753731318702080
385040611008471040
384958400737456128
395192698153738240
385432377126031360
391649862673920000
390798078909104129
384976203381489664
390660599408902144
390789425136816128
385455416177881088
385182121481871360
386408601276776448
390851817044586496
385146550113927168
386725116559642624
386144716095365121
385134397877653504
385415198112096256
390597415231029248
385316294293061632
390986273831149569
385129762483478528
394503793288941568
386166382271795200
384957307790315520
394349405731430400
390484639808106498
385158502379175936
390764611261046784
384958231082061824
386415624445890561
385201771506712576
385375032912150529
387634492556734464
393457017634844672
390784585950564354
387673884692320256
393404662587858944
385074128950001665
385469407960788992
387682762595262464
385202213728972800
384973498528964609
385064546685431809
385160562436739072
385044618321989632
393437255525613568
393430453140881408
393693308582502401
385142755120664576
386173302554640384
390634738559758336
389073200534937600
385104380913258496
385065068800774144
385262407825625089
387900390962102272
394138240652824576
385442573738733568
386149541952909313
385145841104588800
391080979781394432
385068849546407936
385105068967886849
384874847765270528
386403249957240832
385288073870729216
385036499777224704
385263094194503680
390996007674454017
390650050717573120
389153755695816704
387578907328651264
390440798594281472
391300701248167936
384966871360880640
387641253803732992
390790825997000704
393429456049553408
385501021532729344
389804625458888704
385086307590213632
391503212051968000
393872857261809665
390593674871963648
390744338139189248
395800367616643072
390570699699392512
388748857254739968
394147267994988544
385484691874119680
395085006739357696
385416907131588608
391043756683952128
385017403437899776
390539943476740096
395587844065857537
385541581270302720
385369209489735680
385220374822019072
390778439969832960
390722454920101888
391064007970275328
395554990980218882
385354237372162050
393445055132090368
392605608731754497
395782173611282432
389372731730300929
390811524068950016
392291427105136640
385206773655035905
385050608199565313
386834763656331264
384973718604103680
385202398924263424
384955696397037568
385081552830357504
387446375455014913
388808468913983488
385264984248156160
392090291693305856
392757901573767168
388944622271332352
385143596355043328
385037490597675009
385108171708043264
385335107801710592
384967296223313920
393737300443938816
385310934123552768
385105015054270464
386589330191302656
390617473889746944
393098000458719232
389321534986137600
385202134938947585
384955711756566528
385202091917983744
391398303503351808
385687487042953216
385202099220267010
385286687183474689
385198041772212224
384955601899364352
391314912464896000
385019471351775232
385209848964452354
395554246890098688
390639496833691648
385086916200120320
386042439292977152
386409985233543168
384955745206157312
390818533849849857
385202084896710656
390878963503214592
395720636972007424
392816670487486464
385655973743833088
385189504115810305
390790310642470912
388147630993195008
386673867973853184
390764630491942913
390797570202939392
393610315394338816
390450976970113024
386860816802123777
390645141805236224
387575161844948992
385292858808229888
385465454967279616
392087984318971904
391226253249769472
385105295489257473
385305224296267776
385201951148756992
395346014065799168
384955892254269440
394846167529312257
391012932827348992
387507665158803456
384962207777165312
384946045488082945
390602653702815744
393801668459905024
385105379635380224
391591040760553472
385084919745359872
387996306901200896
391086412616851456
385040565089234945
386829413347631105
389592061080784896
390643891478994945
385417818629357568
395766636260503552
385163626614517760
387679774287482880
387573787610583040
395494851787358209
386399378706944000
393625099511009280
394824682119385088
391262514089975808
387011976247119872
393424422818029568
394880793475944448
395713958130118656
385003399709618177
386258636852695040
389522833899933696
385817761881919488
385660991813341184
390599114213564416
390655731466125312
390377259401367552
389766285812199424
387422339677159424
385438151369822208
385064423200526336
392939203169767424
388034243273965568
390878960210694145
395601037987692544
385376181173776385
386636238385471490
385545977815244800
385295945027813376
386414145878253568
385137426965884928
385634602900942849
385079269845499904
392283548390289408
392058343839498240
385050558937067523
391351112659267584
385372739177316352
384957791817170944
389586450318385152
385462873519960065
385109477369708544
392328457382027264
385718458475749376
385882204384919552
385435268775698432
387179979923918848
385201802364190720
385403402634944513
384956772500258816
385328107684519936
385110230406668288
390773287988387840
390712104572833792
385065754464628738
395622652775526400
390948892939808768
390570693211213824
385102118622732288
392183804867010560
388938686391267328
385387261711249408
392130463562625025
386511963133845504
388318273810341888
384981545691275264
393140623894536192
387573768639741952
385902384381427713
395525248671817730
387825616126763008
385201838640754688
385490635471331328
391357229351186432
392618471470538752
386399848322199552
395255495868444672
393472319781208064
390191762448609280
384958489556029440
389628568700846081
385379555365892097
395846296994873344
390640371069628416
391397661577736192
385108885842833408
385348746919157760
388360360358854656
384955794648596480
395612101869199360
389121359965872128
386406615525498881
389647462740140032
385308820622565376
387545494022393856
392433799193042944
385275329138671616
390595853024788480
392083029419503616
384955890291728384
385202077690916864
385359094179434496
389475074744807425
390777217866682368
387686835582795776
385031573927518208
385480111304105984
387574072483528705
390725209684074497
390297636659408897
387708985421615104
387213729651105794
385378979110469632
385425629283221504
390924775151124480
385026142048374785
395547829487165440
386035418904285184
392727745882763265
385217480618020864
395098100953784320
385479577813794816
385395011136679937
393432173795373056
384961820005785600
395854403703287808
385494224344731648
395744312790491136
395477281646206976
390752909472067584
386462652676849665
385083578864132096
391598965830868992
384955907328598016
387824107791712256
385511523424030720
385104108710940672
390642568242790401
387178797247647744
390196825090568192
391005270219845632
384970081530150912
386196876254781440
385066836137877505
389345542163013632
390867540345647104
385060160743276545
385828938699640832
385029032641056768
385420239770759168
392295243011600384
385046338150219777
390972217015549954
393415505425735680
390800078983532544
385038666348769280
390706789550788608
385662028679225344
388749105801203712
392031647962767360
388797733693181952
385237282648637440
387179519288684545
388233768760135680
385388180695834625
390757569842937856
389643109971140608
385242137912434688
385027164896100352
387546349652045824
390910752543887360
385094858752290818
390761971857248257
385507021925392384
390339973112532992
385010958071914496
385194328261283840
395001034495377408
390595778127085568
385201883523997697
393371052669014016
386606850143051776
392282881168392193
390377343396499456
385040600908562432
391309531625422849
390817920223170560
385051220760858624
387572592468848640
388029155368902656
390208484353929216
385071649118117889
390702313112739840
385109108237406208
391650343236288512
392593523314151424
392251327767539712
386406498022084608
385332800460951552
393264120859873280
390987416929988608
392031361567326209
385729167582433280
390163997301170176
392452711901171712
390593667259707392
391106188802142208
392069223507582978
390904988920471552
388415376913989632
385105426296995840
385063731698221056
390891429251133441
386111153807851520
385810374827593728
385081552817762304
386148667356229632
384975042796609536
392104817625006080
390842732299976704
385528909241929729
390761619376316416
390842831684001792
390798696977154049
385020641550041089
390768734693912576
390552129540485120
385304152651214848
385082055807496192
390760170273644544
390265369060839424
386584788691582976
389024195726028800
385316036540899328
392381038552686592
384964599029981184
392676822313213952
387191641959718912
393703553610838016
385235351776010241
392434524279148544
393834743831089152
385035628900937728
385005666282520576
385026634320850945
390760330487693313
391649877530529792
391648295652577280
394925804888391680
385666570611326976
385239357336334336
385514995418537985
390983102769549314
392408618907078656
390788737593901056
390781852996620288
385135864780562432
384979659181805568
385375076796735488
385243409356562433
394805698225127424
386419844821704704
395653611893444608
391227543656734720
391649371361525760
390587256609583104
390916317253206016
388526256243109888
390651314759548929
385143259971874816
393839505696096257
390712078790832128
391647174578413568
393770358672605185
384966896958730240
390484331279306752
390433798543769600
385366236378726400
390646086396051458
385201982878650368
385292721935482880
385162254284374017
391785597272338432
385684819046563840
390770042029502464
390843202594295808
389666090961629184
395295425101447168
384978625537130496
395259090437304320
387182422065819649
385827021156122624
391961311967342593
386407817034215424
390668523497725952
385040158678327296
391635925261758464
393461614143614976
385882164044521472
394805817624780800
384967091364696064
386609822658854912
386411041292185601
385271167114047488
395261422542016512
391838860541722624
385372249874001920
391630987761057792
390523078309974016
386431043957309440
388367379350056961
390971361926975488
392210426047377408
385201777240309760
385025389862457344
385175433618018304
390053880543059968
390761246695235584
385187294044364801
386399837970632704
386668437159682048
385392680202932224
395317840313856000
391866969529409537
384988378921308160
391017416337022976
385443316021489664
389639606670753792
390789913223770112
390614897069142016
385337184770732033
385099093791354880
385639992959455232
386726293338738688
393805059646971904
385486922258612224
388983032558129152
385518517132341248
385100589362737153
385090811685535744
390784539305324544
384962052864757760
390659427759431680
385509653397782529
390623293788536833
384963601426952193
385063693589168128
391304655726051328
390249870897848320
385181824668147712
387726663494414337
390674839092359169
385081995698905088
384960407623852032
385434634575953920
391415767717011457
391078542068297728
385018952029442048
385207472333406208
386360055047540737
385135294112333825
390082698280050689
384960706874859520
386128746987917312
392726304115544064
390437033535348736
387575303645978624
385402579238129665
385330165649539072
395952690196672512
392646530571587584
391150255212740608
385202121173254144
385105689435049984
385366240128421888
393621592796061696
385017035974930432
385781858971049984
395222093484150784
391647788540645376
385589468805087232
385104504787849216
385296589863919616
385179775687335936
395454078420934656
385114232242864128
385029763418443776
385071757578993665
387865860838154240
385311786519388160
385941494198067201
391511646293995520
390953282077618176
386400902459826176
393328789637169152
385323117285220352
392057122625568768
393650470990123008
392120536446140416
393907156212121600
390427799061667840
391080880607068160
390763306589618176
395523507045801984
390293345198559232
388763753719676928
385128661839380481
386403293343141888
384974497247281154
386191867861549057
385051180478394368
385031614947790848
385216774444052483
385284765844115456
385149578963460096
385226145202835457
384984814232674304
387994624000000000
388345982544805888
394938872552902656
395330386906976256
387182220663730176
390609063156789248
391253604893347840
389310711434067968
385135563944099840
393176711753244672
395330461251014656
385410849570947073
385201746441539584
391678173274181632
395602746906128384
385319601283682304
385765291860316164
384958201466073088
385487682539102208
392424952336351232
390093373257695232
390594960850165760
385372486667628544
395827160440508416
390597906174345216
387129923330011136
385065933569417216
391324688481132544
390649563163680768
387082799343104000
385083811551137792
390598929630633985
388756684513886208
390754809852092416
390466401661882368
390754851677696001
390743191416504320
390978160512479232
393872686100660224
390028191643230208
393116374022643712
393702581568274432
390313924144295937
385416899548282880
385455914574045184
389395520294113280
391112168092872704
387830808675094528
395291491754463232
386280633422458880
390901013085175808
392673360641261569
385130082651865088
385851958822588416
385481640551530496
385705391906369536
384996711787032576
390624272718102528
393178401269624832
391073381774151680
385371246373789697
390753583827660800
390616221257056256
386399721956208640
386197606676037632
385106027428864004
390618488651259904
395739667758600192
387607753553743872
387179855835447296
385179845678084096
385201898866737152
395807524588625920
395782826559143936
385239851026489344
393014289541246976
393336846090248192
390481044622671872
385278274144059392
386878738043904000
385103463853461505
395524672143384576
389201884424052736
391547050384314371
391335044595589120
390840058745741313
390647779074514944
385549896427651072
384988293538275328
395222099259703296
385340524032319490
385475143679479808
390648774286385152
391598559952248832
392453355785580545
385487022648872961
393185323779231744
391080653980463104
385417650173538306
387572707526971392
386280606734106624
384975044017131520
392643737525833728
391963097021153280
387037394798526464
392955146985959424
390754633066364928
385452712684683265
390377015775227904
387511736091164672
393347039506886656
388646451934670848
385180352219590656
384996439882870784
395226566386790400
386399414207512576
393389605526855680
385439708475437057
387077401282613248
392727192549208065
385102118593384448
385335579204124672
395815911447224320
385202169625841664
385347559490736128
385185751992115200
390789912167219200
385787797657108480
389070978506297344
385515029757296641
390698100244766720
390607848431833088
386473430867922944
386399973882863617
390745287763177472
385325801782403072
394024026311360512
385144505638203392
385079256721551361
385116046128349184
392080696082038784
385154080802217984
390822945372635136
385500335201980418
387572113735176192
385112615527014401
389049678991343616
390698244377833472
386324884801851392
390595033935929344
390984095079354368
384968167564406784
387179952086319104
384963101319106561
392216892464984065
394973926779916289
386434756302618624
387809719563599872
385208535111327745
390758561640218624
385026794371284992
390281730311344128
385348763998355457
386422612697423872
385201955330473985
387180979388837888
392496442717138944
391168322227949568
385563438778699776
384955875011469312
394806254398214144
385103916448247809
395096461144117248
390160644575490048
390891137549869056
395222105156907008
391654923043352576
385541402102214656
392675621005836289
384956031056351232
390743943903993856
386434683971833856
386086326992650240
389735917587791872
388147544334688258
385346611473551360
395222098224111616
394862130068856832
386187613696438272
390598792225247232
388651456347508736
384955960575291392
390607120946978816
384972078924849152
393690116914302977
392257448347570176
392018214743334912
384969931445780480
385241236371550208
390555307966857217
387572823298170880
385461351323164672
395236949981933569
385202070631895040
385968937197768704
394928097596035072
390651139101716480
386411962935943168
385007991365197824
387642067184152576
390159867056377856
385005842942021632
385544475877335041
388474913772027904
394227184912449536
385430603971035137
385757512902778880
390454241967734784
395915495053856770
387572159637635072
392322224004161536
390610096965046273
385630260517011456
385108697690537984
390935012180123648
385578265466789888
386292831284776961
385750907264040961
393120269797031936
390878962010034176
391428317221376000
390723535439921152
393790624190988288
392275951226458112
388652103134371840
395322618485563393
390293473598767104
393742046759895041
393804094923898880
391227318141583361
386474976447975425
385136591209250816
384955809169293312
395400840250290176
390261099926671360
385761174954192896
384955627702718464
392241372553441280
393461702701756416
391081645274451968
385372579252674560
395240828995911680
387588677871751168
390663818436968448
387579773003657217
384975620645847040
390482689435787264
390663533769543680
390135576348721152
388763270783725568
385166653769523200
387183850436059136
385306354132344833
385262115143319552
395246442824351744
395345897762344960
385017691553013760
384963927232110592
385227019816271872
389941893485715456
387601776720871424
387007679723343872
392384905810038784
390809501965643777
390869260886482944
390769791830487040
390797135144157184
385832005210234880
391653256721866752
390804004445249536
385921571669684224
390878964212072448
393078139749793792
384975044566581248
388788066619772928
385883935215210496
385473286316236800
385103475790458880
390790304636219393
385033017988632577
385012146373152768
392208240781451265
385152662414819328
385029962660462592
391082755854843904
387904771505811456
387558563943432192
385223872707964928
389150906693873664
391237789846487040
385022960139902977
391324974675656704
386416519162249216
390703268021551104
385375527764520960
390095570582257664
385412378642247680
385032400519962625
386078508898066432
384963933355798528
387576092191494144
385040569925263360
390240172974931969
385034409893572608
385315453725605888
385033539252527105
385310120793485312
385299996620238848
385038983937282050
395348296027607040
390878966636376064
390460254640537600
385338738823290881
385016334037159936
384960335511158784
390993154922795008
386546139786272768
392105589741846529
385230518725640192
389115370683920385
385266428351234048
385202162994667521
386466196482035714
391648935498231808
385201934287638528
385413013848993792
393495798874271745
389477295317987328
385033841154342915
391166461051670528
385056209923219456
386446812082487297
392732604366991360
386425824968077312
389248255969591296
385199878034292736
385492032677888000
385204213661188096
384955750197370880
388101827188621312
392754908157333504
385204228924637184
390747786108350464
385487086830104577
385100783038910464
391168657700552704
392757322474594304
385380727896158209
387630744270417920
388274857995014145
393664934984163328
385415657010913280
392121556517666816
385495488578850816
385029896252030976
390628004231000064
385392422395854848
390576938009755648
385386605168840704
390638918066253824
385380745365430272
385145355525836800
385201819657330688
385341858659856385
390638507770646530
385381271524106240
385486130562756608
393018476312276992
390915573829632000
385144641634717696
393430970017513472
385065265437765632
393421435701428224
392345478676750336
385553875870044161
387592729535844353
385103075247013888
390758814569754624
391309454420897792
395854874803732481
385202148805312513
385201809112842240
392010167862042624
393084269654200320
385115058222538752
385084089046691840
385084904582971392
390375936568201216
391654863341240320
385421343962836992
385168575524134912
385024734313709568
388638593654460416
384959341326893056
385203426801758208
385141132730318848
385418800335577091
392501696410046464
392101737273638912
385697971431825408
395478620770430977
395339728439869440
394266561365561346
390749496935596032
393390452269125632
395190521183756288
387009919842406401
390646171422556160
390605482563751936
387825044316884992
385201894328500224
386400188559933440
390764475587911680
394902995957448704
390761146841833472
387179112420220928
385318441210503169
386401506880020480
385201913441968128
385040574908092416
385193716949860352
393345465284300800
390180775254978560
385192606948286464
386410437094699009
390622159510323200
385285946062946304
390992583326834688
386069628604018689
390222853070544897
387581362267365376
385635484841431040
385030207523930112
395226565644398592
389689603294511104
385913172789440513
386325006222753792
385083797768658944
390598801418747904
391136991581978624
385025059842035714
391378202133688320
385488122056044544
385411773920067584
388361753530093568
394936244645289985
386406169189056512
385183032983818241
388348344613212160
391620629247848448
385388217778077696
385373516281176064
395176244540489728
390771135765155841
386514023757672448
385359204095365120
385055457229803521
390739194806419456
384977566831894528
388643176489422848
384995522534072320
385316801909104640
385045795537301505
395351279372759040
389033175923445760
391932666284498944
390863907365339136
390570929174355968
389773950945075200
395585532400775168
385035047260401664
391540780650610689
385083840097943552
390759585835130880
392537142268018689
388701649503789056
391670702949924864
395845167745224704
395494122305236993
390756393340641281
388808980673204224
391665494542925824
390146138793181184
393023908901056512
390598806997585920
390786896953344000
394824996146532352
387675015111397377
390496909053689857
385410330483892225
384971477755232257
385433911028764673
387589679920730112
388745027658055680
385004721750032384
391079785046093824
390102053155897344
387186905453834240
385857317016571904
393765257560489985
388838360321912832
385214538196336640
385040584768884736
385421345472782337
385017782695256064
390983035576778752
385104629639692288
395346013973524480
393993619675164674
385393468400750592
385039334283280384
390940612200910848
385252641531392000
395321840379232256
386898744509485056
390209155320934400
385361642948554754
393345371667046400
384989445851983873
385584674782724097
395022104631844864
385079278758412290
393293741567782912
385032234064830464
390991275144777728
390813879728476161
385310481764085760
386359376409157632
386729717664972800
386425478631792640
391535991372386304
391074433659834369
384955818556137472
395351649515864064
391079261484105728
385039698911322112
386474302238777344
386975398560411648
393033012289744896
385180073177153536
390472131303067648
390905536788455424
390768240794017792
385689450551865344
390583788620627968
390234734225154048
390084264752349184
385803311338639360
385112840324923392
395798347761864704
395236850945634304
390477999348649984
388690313763512321
385416901288943616
387092815257559040
390093535120068608
394169712713936896
384961604921487360
390821314329845761
391246899715387392
389130219334148096
388646458893041665
385540915697184768
385498182639030273
385466070100099072
385406694148149249
385008490403860480
390593364694794240
385085651307479041
387105627496919040
392006509179043840
385593009305165824
393650815128588288
385434401313529858
390663822903889920
390776490872541184
390570691143413760
385107809471594496
385072291760984064
385201811155451904
390769454852108289
390655413030780929
392067151332667392
390933300707348480
390750451622481920
388318353917759488
384973992396083200
385410541231284224
385033839321829376
395015495750934528
386405867337166848
384960315265269760
385018462021513216
384955610438959104
390375757685325824
390968474245144576
388656012451794944
390605027448213504
385282857616547840
385380636653268992
385849646276304896
385359594840551424
386007860754132992
392424228277854208
390564424781955072
385054536122892288
393417073038094337
385465696630472704
386860372474355712
393714783503273984
392067620150996992
390792653522345984
390778647319437312
386826984216854528
388424765880688641
390593088323723264
389650818753777664
384930584205602816
395243698893914112
390919980633427968
385267814808174592
385060249121869824
396027982491291649
393674858988462080
386019381878063104
385028795050102784
392495049507733504
391694191022972928
393134072257839104
392606405930147840
391309709182902272
385039959230394368
385371239759351810
384958318596206592
390968891176153088
390651391221325824
385047776633298944
385532120593997825
394011342245740544
390487443226361856
387522391363960832
390991556489920512
394850899715444736
393673613217259522
385785613011914752
390833560623386624
386152933118582786
385077863893835776
390603554521899008
385112247065780224
395539245055479808
387241303987470336
385740891144466432
386451729903915008
393708559659069440
391041640132915200
390748730703745024
385494835387699200
390807103146696705
385081170553470976
386452086986002433
385034243631362049
387836042557919232
393800830962638848
387179529849933824
385226607842959360
385790678636060672
390595514770919425
385209916245303296
385827329420705793
393667521728897024
385080295625883648
384976967268716545
387088432129789952
394826807822000128
393218673923469313
393752471966732288
393424477692112896
390601315262660608
385248044348104704
390863480146100224
391667528314810368
387572773620826112
385201913790083072
386894072876519424
390601328038518784
387736357608894464
391730121846951936
386200726420336640
390760061683113984
390398891306532864
389643848479035392
385186167622094848
385389127619072000
390844470045851648
385182396783792128
385905738834780160
385374433789353984
385819074988498944
385702282136158208
390660061753663488
390955493067194368
385212682392965120
393632587463143424
390802890853740546
386405930369167361
385106359554809856
385099243255382016
393479023440838656
387330378702155776
385496006931935232
390668069468897280
385320830931972098
385825560657924096
385289905875980288
384990646416596993
387691737168101376
386399542989438976
385138082531803136
395425257445937152
391630138112507904
385039018322190336
385461090580430848
390694609380474880
395584810187755520
391626581778919425
385112228166250496
391246114911186944
391155251447103488
388099791369957376
385245559176445952
385489667493068800
395155573937033216
387178539809660928
386400461659451392
385332815497531392
392764824511205377
385285694962151424
384964444154888192
393593484415741953
385483286530646016
384971983219220480
390478000070098945
394881407895740416
385128144555868160
385832181412945920
385173920443543552
390601845489410048
385165573451051008
390708841945378816
392099797147996161
390570684751294464
386048945606385664
395857822853783553
385203034210316288
394267268315893760
391648126593150977
390695454629175296
385142392111644672
385081296218648577
385105420781912064
390915658198056960
394236226657845248
390165812360663040
393186258593521664
392368784667062274
387573044388306944
385398697204674560
385373627094687744
385478527539494912
387319467077693440
390114292898332672
387080877831778304
385191869766197248
385201757212524544
390587874799652864
392814429298900992
395913096759627776
392210994862125056
392606773607419905
390533887438225408
385501560538529792
385082070181367808
384962485083574272
387372757484584960
390605297321914368
384970819312422913
390598948026449920
385358545312833537
388745596766396416
385350686554062848
385188940832989185
387764511798595585
391539618320896000
392316936479965184
390764958452957184
384958183099228160
390647246188195842
385481653562253312
384856610582970369
385085874326614016
385320939635736577
387593040824909824
392353624665645056
385294929699672064
389538369023135745
391094050461192193
390764628935860224
384962232863305728
385035049500180480
387573238957883392
390967847402233856
387644614112313344
386431920835690496
391103017228832768
386726181849923584
385201783473074176
385285903805329408
385066061701201920
393338419927318528
390434940870864896
385827108792336384
384967198902865920
384960910005002240
390795099782651904
391071529506578432
391365538804273153
390828884544860160
389167599142981632
393637061132947456
393067345021009920
390601850853924864
390333390240481282
385121968527523841
390941123482361856
384955945945534464
389489596305645568
385636170425577472
391804572752048128
387895570872143873
385145807940616192
390784493784940544
385485141511917568
390648706024108033
385022791067525120
386255197494063104
390995779906572288
385004379230580736
385332688468471808
385110234106040320
388701352429248512
395910767499026432
393090502268289024
385032201198657536
392366164879622144
385018966562717696
393800086150725633
385445744888401920
385098014416977920
385286161679147008
385455630409932800
389405993861255168
385415179069956096
385091508816211968
390774777721262080
390570686953291777
385036974697893889
387571664047058945
385417023721062400
395274810139611136
390475258852945921
385043480860708864
390749806953385984
387178833125732352
394876607367634945
388425156185423872
395202838881525760
387572769795604480
385286293539676160
390391735760601088
385013308547686400
393994154616688640
390843929748570112
393346208149692416
384958071937589248
392100108243709952
389207273798529024
385112707164536832
391829389576794112
391088790736887808
384992320111640576
385201795523280897
394938565530230784
384975044168151040
387174146989232129
390986660067827713
392107544812199936
387572049666768896
385090794094596096
385142761420099584
385224839167868929
384955720078073856
387964147537035264
389129510991319040
385384402135416832
390419800221954048
395683886048763904
395655311014367232
385024600154718210
385017642672611328
390628821990649857
390698066925211648
389643957375754240
387579582980694016
386590691440488448
385596644210659328
392931351206174720
385038305286688768
385434783330746368
385158599276003328
385222273507926016
385285618839715840
386401183180394496
393175137022787585
386390847509368832
390202027621367808
385025672524996609
395561141117526016
390792348550303745
385412115697127424
385026044899500035
387177284513198081
395684455530364928
385211610136330240
392163475625349120
385543101411901440
395090932602658816
388745147334131712
390744896468185088
391168323574308864
395295178308980736
385188860746932225
390652071596130304
390957284085731328
387594353704570880
385384305586761729
390100182047920128
384956965694099456
390857489891069954
390697664599175168
392005454429433856
391878445778874368
385207066047967232
389702964639969281
393759821259755520
385023040767008768
385481664102555648
386188347531489280
385337660807471104
386889774067224576
387178398629371904
386407979630596096
390638918062071808
390082880728494080
385163033510948864
385107893864787968
391076949734338560
390181090758905856
386401256602107904
384999533706358785
395155386745249792
386248611740131329
387615390768963584
385025390366162944
390624994893766657
390648758393790464
385065068142272512
385106597116002304
385087650597576704
385026745125974016
390763213098209280
393528120864956416
394834960131293184
386269409490116608
385444024410054656
388110274919555076
390897242586222592
385133216946204673
390699151928737792
387575950105661440
385591779258413056
390686566357929984
385117455816720384
394820962782564352
391679635429150720
391657971828420609
393833227020152832
387708750481469440
395219397448843264
385199979037356032
390573484641751040
390618514241105921
387179143667793920
392353523108970496
395712407781134336
390765232517156864
390642839962386432
388992281451040769
385762784904245248
390627115630358529
392674219294609408
387118343003463680
392844543130750977
395522561062080512
385319738072498176
392210579051388929
385030272955449344
388938446594904064
387743315761696768
387360094624575488
390047508388261888
385130026716655617
390266491960328193
385124141092712449
386407781743345665
390858354001985536
395624996334485504
387298460375846912
391084589550415872
390570703025897472
392246592138256384
392822081080930304
390810106775867392
385155447302270976
385420098225598464
387357188840501248
385232924863655936
391957816526643200
385821574726950912
385018956357980160
385040579677011968
390640215804506113
390648889545474048
390853972929826816
395572059000274944
390675545098174464
393800575277867008
391085088722919424
385135566754304000
395292350009720833
384962766731100160
391093434322546688
385018456254722048
390744391318380544
388748291682209792
389146438220791808
386819158651834368
390551926020259840
387180014510149633
385448915211788288
385083704042741760
392393364303130624
390988160328826880
390703156432080896
391649065278394368
389145381415571456
385248259700039680
391022781896204288
385119006429941762
384963926997217280
384955969903415296
395649407699279872
387574869824507904
386747483356790784
385110239336349696
385557294508810240
390940535906529280
393154830140989440
390915136036536320
385234529629110272
386845573523189760
391222738850836480
392716518964072448
394887601800642560
384961859490545664
393916059062767616
387299002053447681
385630219492552705
390436174898020352
385125578346463232
384975482019536896
393095624993689600
387199166403051520
392694250413912066
387895989912469504
385486684563206144
395113369511817216
394806306756100096
385188176010018816
387179230250807296
392389598665375744
385498023847292928
392716982581469184
392066265352642561
391268278468755456
395193466344312832
393348336595378176
393461562461020160
390919650244321280
391034930567733248
385485221824458753
385033254878724096
385119280104497152
385376421633204224
394898906905325570
391606899163947008
385011032013275136
394227447174299648
385431552668479488
389209079047913472
395243487190208512
390890891100975104
390742817905332224
391981429019926528
392419734949359616
385593170522021888
395656434052251651
385420151450923008
387708695074705408
385033148029206529
390601885599547392
386275969310265344
387195923689791489
385371760138678272
385288385080066048
395348954906234880
392928748166578177
385584617438195712
386975440612503552
384996590097678336
390010687218405376
393296083767812096
392383523954249728
389409886313779200
394773426977923072
387573412098768896
385992823981740032
395567829887377408
385034901080141825
390970368514457601
391156959417622528
390639076589576192
385936146103930880
385201744226947073
385489938474487808
387178666414718976
390971328519766016
387105407878959104
385885623523225600
393595681136316416
385223992354684928
390604384108675072
390770067454955520
386416761114861569
388138152843833344
385048219220066305
387362453907992576
395769451121225728
386324940544176129
386425069519380480
393833652087701505
385090455395774464
388972643212197888
385026380062146561
387387053085704192
387324772603789312
385162643842936832
385286293497733120
385512954034012160
385422137688723456
392688978031558656
390648630018707456
385406813945856000
389753049163788288
385546039660257280
390753543495221248
393015623430991872
385131641745600513
385917958692020224
395248515460235264
384955742781837313
387581980444856321
385322431163805696
385184494136725505
385253634016960512
385107231298953217
392277532911091712
385377977090842625
384957776847323137
391091891233501185
385827712939872257
385082292160692224
385055810633859072
387496696030437376
393383175554355200
389363214221193216
389364468268154880
393467207776092160
385025626194714624
389709724926504960
385379269415018498
392596527639957504
385106903967080448
386399837966454784
390266491318583296
392141426789588993
394961242831323136
385632938710167552
391146727572398080
385895939359379456
385204131566088192
389432044599934976
386401345181192192
385568078462844928
386975508035940352
392728399317172224
390626657746186241
394853739036934144
385414323780071425
385213467046596608
389068154795606017
390572048121991169
390878964933480448
390757508924461057
390593645151535104
385308266081034240
390647595409756160
391310200067477505
385211616410619904
385395520832679936
385105637753253888
385085961161289728
393950489001623552
389150192454627328
390658912862478336
390597176708976640
385394037491904512
394061865069719552
392073744228679680
385835746214805504
385320949840478210
385292332766994432
385473248793595904
385172555117498368
385088817004158976
385300824551067648
388415038408491008
390499905715699713
395543362016534528
385372819414331393
