615889174596554752
615523509368958978
614285406595645440
612264599023427584
614316468407144448
612297854535757824
611329742726393858
613058086530478080
613043037095227396
612209834310660096
612983289079574528
606574084609187840
612696148214726656
612225958381244416
605489668386369537
614416320558428160
611211335293083648
614284090372702208
612275388157460480
610750105830842368
613083855298412544
607927520974020608
615975981778497537
615246712186122240
611520473151750144
610144806400954368
606156883989102592
614414913906343936
615304928488099842
606856132053721088
610612188328300544
608001333677969408
612855800223170564
615523468789043200
614561331342020608
605466519678644224
613725854649204736
615233566084067328
614287668097101824
612280266871177217
614341412956577792
614476207086804993
606857018486493184
608564608010465280
612465613273976832
615471318855733248
614171687995768833
606444926419607552
615239537606959105
615964309416452097
615884168279535616
608632496469622784
612747685955813381
608245333475389441
614961614186528768
612333356357918720
608245370481725440
610922363010461696
605842398724251650
611806523388399617
615497799552077824
608263751645732864
613221172377989120
614556743096381440
613052445204312066
612987664325844992
615888676183273472
615901127595266048
614454988576817153
605522958228922368
614582290816090112
613010844797005825
609812799607410689
614657988926640128
613025251669118977
612265572487688192
611686366120771584
614568588872003584
612754293725204480
611925795242688512
613721220832460800
612208786435145729
611447017521422336
615516904158023680
614283296671842304
611715270105788416
606833382509518849
611528385823543296
612778565549977600
611626181801209858
608379563782074368
612374623636881408
606435567266611200
615245817918586880
614241414218674176
610927308728242176
613131492143820800
615357390251278337
614761790547853312
615909232576200704
615565007833559040
612903746608041985
614715482508259328
608204720918786049
612209818846273537
612239985832513536
612302124073025537
609367264127614976
605394017187164160
612260883562168320
614129445289488384
608159001646374912
606594224709095424
611106317592305664
612415049848651776
615866981690929153
612970801650892800
612760595465654272
615669044415311872
612976326861979648
612791429631315968
615281713581817856
609687316924338176
613653579065233409
615880274623119360
606809393733074945
613020228738547713
615921731941888001
614453598110400512
615590368575365120
615451898611650560
612360329113284608
613275794874441728
612767657776009216
610975783369207809
606828581742735361
606363627877101569
614961648726638592
614370645388972034
609591713963843586
615244682889551874
611631760028401664
614580655289180161
614364586393927681
611665414511267840
613086184944762880
615293839822065664
611177174784196608
615075862510223360
609032102072430593
615958023610179585
615749114286899200
614295828438487040
612222188352094208
610820234463870977
613911707992354816
610474402929577984
605804612822507520
612411781185581056
608526597151408128
606165190317604864
611783101665161216
614446591873683457
609499575842377729
607775743343329280
615562405406339072
615112718400536577
610325286354292736
611630225768755201
611422067137880064
614294598941192192
613397726659784704
608728745776697344
615429367804633088
613273008212414464
605431986602319872
614576171519475712
607233690431799296
613100986589126656
608590631036944385
608815512466776064
613016207441195008
611689780745797632
611929043580010496
615909247587643392
610748808679567360
610981623891365888
612997889426649088
612357883376848896
612968272657408000
608726081198149632
606579966801809408
607021119854493698
612934303387897856
612252003142516736
606453073637015552
614317191966502912
614960834037612544
614466399839350784
614687395892494336
606400836009213952
612246747360940034
611838153251549184
609688295623127040
613019481988820992
615947311496196096
609141488664981504
611168620186484736
612990565966221313
606029083131019264
615047055426215936
615498093103083520
605764563842113536
605645054921744384
612973639860944896
615492308599967744
614960226987474944
614186286555906049
615815854450552833
612775306747719680
610816543803449344
609918317445447680
614818817773072385
610726936080297984
605916921339342848
612366250077847553
614276705616838656
606749669704761344
610769635911290881
613457875470548992
614812977720528897
614482885525921792
611903997771956224
615711239008681985
613313822070149121
615305991492644864
608377356231823360
615927611500335105
615503752741715968
614983126310195204
615625455996112896
615644148188577793
611061332004184064
608115090315837440
613136328394473472
611337630517751809
614555378592948224
607916400854888448
612756793131831297
615515879216951296
614989113708580864
615183231491665920
608323823176400898
613532998332510208
605443112459235328
611093281754247168
613096987949441025
608931779026624512
606370457801990144
615888796198965249
612788906560348160
614099694705217536
608929428962439168
611929043399802880
612412148799533056
612305458800513024
612984376368824320
613696380742299648
606349987467939840
612938029028802561
615909202897293313
612756243652956160
614806100567814144
605546124909379584
612226356693348352
610932645527203842
610727223176335360
608192589750239233
610019219799846913
609834240843366400
612751503695216640
612973440279179265
613139736035614720
612839689935060992
612224295029248000
615951275314823168
609755339790151680
609644730742345728
607935419951374337
613027865160978433
615500229664763904
614616222169088000
614709737511366656
611639145581121536
615563022019526656
614591016658714624
614296424767950848
615879002176253952
612056134006935552
606189307666276352
609432785309278209
614555598307336194
610782172472020992
608761404779167744
611526263224827906
609726936911319040
614368665518120960
608485160691093504
608337223742844929
608914843601616896
608144158310727680
608006520656297984
613015853009911808
610771159987019776
612269191241072641
614632181911166976
612399300627181568
606976783846535168
615837437546381312
606812731287715840
615764672562618369
614512732365291520
612705373582196737
615951286912086016
608608563259428865
614176069768343554
615353007719497728
612984464101130245
614517056029863936
606939543967637505
615957568133967872
612223090509119488
614771999907295232
615642742140485632
612754084291051520
612223499386486785
613721650576625664
611542619601149952
610901063638478848
614823450494906368
613214886429130752
608741949118373888
612566834781548544
615373691543621632
614819184351006720
611172219843166209
615624064938430464
612632727012143104
605796754584248320
614282244354543616
612209876928962560
608316083204988928
614991949511000064
614961693328867329
608294892335452160
614460959491358720
613094184434581504
610821237405822976
606400413395492864
605662339996741632
605658035650895872
606580456939769856
614098811690942466
608757999906238464
615098026487513088
611685316533972993
612996087750766592
610153410768302080
615499042349412352
614985733242105856
615724986096091136
606537061148065792
612208726641086468
615966385303330816
612984731144093697
609648874530082816
608879996019552256
607457314975514624
614076074633351168
614279624550412288
606444350122434560
612719423762366464
612241858421374976
612747858278764544
612984946454466561
613050613408993280
606030781316595713
614840869007429632
615587639081635844
615267319871213568
614556621935652864
611506709106786304
613484259119132672
607635564095864832
615965983799418880
605277463451705344
612984730661855237
612222594398482432
611742749365301248
614395372681699328
612299647802044416
615957606356619265
612238580912680960
610448179033714688
610817970961559553
612343785050091521
607534691143557121
613908211175854080
606134170155380736
605523684573515776
612300713834737664
609645789292265473
612229433353728000
613031981518077952
610786675359395840
614267624306782208
614291557068357632
610860477195907072
605544933634768898
608564734451937280
613948406835380224
612798410815619072
608302135692926977
606139103445401601
612285005977493505
610881508379897856
613535220415860736
606791542007685120
607222427446345728
612758954477809665
608273982207324161
613031347700002816
615914063948836864
612722600930902016
606876029702008832
606855299492741120
605633409340174336
612864282112299009
614674338709553152
615443428487360512
611800151485714433
614627498131853312
614557058625503232
613149535729156097
612848566894239744
609643143353339904
605742802232872960
605808052760027137
609632311500406784
611740011357036544
605993182245953536
605349366098984961
611764113618915328
613034059414028289
609511807913320448
613081006124437504
605545374028144640
615492401403142144
606821536675332096
612973440266563584
609820333462437888
613060307683016705
614559006078582784
606229011509952512
606396818126041088
612225033658834944
611190399726522369
609030332852121600
607872419798360064
611716088058003456
611747694923481088
615877352086618112
611955484816310273
614440943408672769
609132489177722880
606724142138855424
612293077760405504
612227608558837762
612224650894938113
614286571118813184
610869533268660224
606289937244295168
612221846176411648
614025428832022528
612221733945376768
612986758335201280
605751090227879938
612418847874895872
605531835439951872
610905344164786177
608954068141223936
612231406366945280
611682204549132288
611663472053649408
613401067469078528
609637004905742336
612299184075612160
612937746848591872
606569422849998848
612308295282331649
614273791670251521
605694192212447232
605377810073579520
612900758388928512
613053641440763904
612791804040245249
615862281482670080
613042114998353920
609438047722184704
608814384433893376
611665954892816385
613000262236700672
614567956979146752
614434669585543168
605766739650052096
610898932248395776
609030622275862528
605290265440456704
612216201884921856
612275871651639300
609695855017357312
608396669047193601
613313350391496704
611677569411346433
614419021103017984
612345643126947840
612223453547114497
612238570728747008
605689771696848896
605384453490372608
607178044411936769
612224286103875584
612384015505559552
615957265967878144
612253055925534721
610390787109613568
606307855818326018
608746514140110848
614962104026595328
607772080348594176
611103331788959744
612225563600777216
615483047849394176
611586732056801280
615641119473463297
612049738645442560
614425902017974272
609638030358499328
615246229849542656
615887030808104961
612249761756876800
608256882814406656
614624705300008960
606387997861408769
612888898117763072
609665246404440065
609673132052455424
605539595569086465
613068645808361473
612756881271070720
608269830823616514
606437452933435392
607872711709327360
612990949669609472
612633211777085440
614129724521095168
614366491039895552
612983044824174592
612899026116083712
614555402794082305
615098144817164288
614563122876149760
605850203501903872
613454950895624192
615252187145375744
615913222051373056
613040268099616773
612066665317187584
610571548588646401
614304482235551744
608953970019717120
608246041704570880
612223312664473600
614818888329658368
611189298617020416
610391229763846145
607863215196930048
612239586174087168
612988579518681089
609638242938257409
611332077884026880
613129920978423808
606279714278248448
609453387361427456
609141102025674752
614819992463372288
615481978251415552
614177516102664192
606350394734739457
614473011853438976
613403340978782208
612245023082586113
614604183656796161
615951320688762884
611618830473932800
605698357034520578
608774140816809984
611495630880387072
615507622960173056
611561699842334720
612342838878171136
611594638877700096
609667938744799234
615897144185257984
605761370479595520
614648367486885888
612141798190940160
606824978831523840
612531444435415040
612243534280683524
611328570871422976
612974694640136193
608299688975077376
607747274483990528
609222271899545600
607125722998706176
613321029461610496
614790372527484928
606814712525778944
606843848170438656
614819989527379968
611427237913600000
610825043908685825
615957622777335808
611620250912718848
610002838085746688
612997504251072512
615949820243628033
609069068335874048
613214396593119232
606858569267314688
612470389734813696
606792379983478785
614075722995494912
613119727850786816
615352795907125252
612747468283838464
614556451940384768
612223049329324032
605826904566857729
615149639000440832
615825121383546880
613043632531218432
612225597318819841
614691230841225216
615917401826271232
614611206633091074
609499132449787904
611850987305877504
609141442326364160
611365343211220993
609647137236779008
607348008355823616
610672756045299713
610869295082532864
612845254681559044
614568178157424640
612310625163837440
612656924161667072
607885514377691136
614170139181883392
611082029451616256
605431540022157312
614470202248466432
614282217494343681
605766717772414978
612380593859506176
608066451363262464
605440983245811712
609400918346473472
615951356839481344
606499399158648832
610765350108561408
612299564964556801
609035750026452992
614558221546598400
614819405877350400
608704922478067712
606926179992522755
609574794258845697
612984843190689792
612295682473463808
610867286841405444
615564368974094336
612228130456121344
610407295617404928
613189267209089024
613196509207744512
611621720517177345
613031313268940800
612298637205471232
613299417513209856
605994261276987392
615372916734046210
615308949215031297
613002316455612417
611493986876854273
615694140236525568
614556030224068608
612211816949657601
614130836691099648
611834986564558848
615590867076784128
611121762189844480
615520873810894848
613532991122321408
611579569355771904
612231239551045632
614476501908647936
612272936586715136
611496250169536512
615040549708402688
613233130934243328
610689382912098304
605870968926400512
612257117899235328
614441724673400832
612487613602246657
611742745129025536
610597296489779202
612993419091120128
615681385664225280
606918147434795008
614440812957536256
607843924854587393
613103729663967232
614405090829541376
612759614178770944
610150324809138176
606467231111856129
614309331308290048
614282524110553088
612845225489248256
608594330488455168
613900456348266496
612501145395728384
607952119241547777
612236217883750400
614043764793995264
614699207140601856
611497467977277440
612222837772959744
613625607927263232
613214262366969856
614562922283565056
611864177326583808
615989871467868160
612356796158599169
613072610507780096
607842572053020673
612049739253559296
615338424271110144
613000005109043200
614289374662897664
612226176803819520
608249716074115073
611294260273524736
608773280359657472
611528378307313664
612995837271121920
612994206261452800
613168196951142400
611493603609739265
612744114065551361
612315041438629888
608853399195496448
606625508843913216
609444770893541376
611899405604679680
611835687038529536
612994258526728192
614374182923599872
605663253214187521
611869317072842753
615355278121390080
606821227966177280
611863844193964036
613322071553245184
610836936878653441
614040260620718084
615957590938361857
612514743379750912
612338361592737792
614602296215736320
608072415764094976
605430833105629184
611499350150086656
613130123408199681
606251093505368064
614277267003326464
615847523832451073
610511001977532416
605645936564531200
609102895351353344
614970433209700353
614604042103189504
606497571046105088
614286649422385152
612984367745470465
615196234735833088
611747625927225345
614187732366012416
612223087799615488
613059541371121664
608749126533136385
608383420696285184
613362208362352640
614961623791456256
609636018984235008
614179613716058112
611578028494299136
614819793238159360
614819148493910017
612223419883618308
605939840136314881
614729422961119236
612289112507203586
608758444129140736
605743996850302977
612396290723475458
613772455648317441
614284260359323648
615596489406963713
612172312020942848
611209960240721920
612834136160518144
615823846508240896
612464608549318656
608198991268839424
615467245335130112
612996464701276160
607020472992006144
615945031766122496
612275576854982656
611624903536680960
608602353684606976
605634402949984256
607041323149967360
608986058487795714
611490819673952256
614570909173596160
615091184080433152
613786336894537728
614180064146653185
606843239761444864
613193497601024001
605362708561702912
613001910459727872
612209007999197184
611303497582166016
611669777455558656
611535910753173505
609203462207700993
606031863338008576
612748212709920769
606247426559602690
608471211362811904
606582728440619008
614555513725042688
615928041932394496
615309508697456640
608317140924526594
614996186374639616
612718581080563712
612294456319037440
613986122558009344
611677564478750720
612226413257691136
612763661636009984
606438820477665280
614293231208124416
610861416065728512
612311232826245120
613085573562155008
613031699379810304
611201497578106880
612987759070969856
612908158193942528
605513179003777024
611497898988036096
615296644955832320
615526393653280768
608281648120012801
608639878407028736
614669436872749056
615951223913611264
615622150179827713
614689710577881089
613130802038206464
612567556256333824
610423360795717633
612760911271493633
611621163614216192
610585473510178817
615358038434648064
612208655967080448
611799202948116480
607658780130721792
612226766816550912
610915324469252096
612749507768528897
614991719671529472
614312263562956800
614183012524273665
610241877036544000
606965216514088960
614176165188780033
612843267210784769
614443106533031936
614337394876116992
612381064204525568
613021555333967872
613000407946805248
612856733199773696
613624631476490240
611061488158134273
609100711087865857
614288630354305024
608247529118044160
614282417281499137
614292172322418692
613549129344483328
613049801979117568
612990561897873408
614533121904668673
614282321034932228
612749126682439681
611622906880225280
612748068618899457
609901395500646402
611202544271015936
615586950607687680
610819654571945984
613580588088360960
614274512389943296
609280818414891008
611976520270278656
606761308059500544
614050546010464256
606870236021850113
612568661132509184
612208995202400256
615967135823585281
614841460106489856
611821348340502528
612063579643080704
614289873680367616
613036525467664384
614471451538620417
612679089510445056
615974283618217984
615240230858301441
612221725955260416
613379770185854976
613721743363080192
609349949461901314
610438373749100545
610231281914413056
605391678292303872
613004370456805376
611328101423955969
611248392128319488
607976620373082112
614555493579689984
612345414881140736
613072933360173056
611675821623930880
610796385953169410
609594964117319680
613052806715559936
612749056230584320
611250760639234048
614557175592128512
610726143918936064
606577859809796096
608823910461628416
606776485093994497
605699987041755136
607216550987231233
614531584591589377
611709299178377216
613223285900374016
614266721394819073
612227997110792192
607937983761776640
606539315385135104
608973742644060160
611725986099429376
615836463092080640
614283398664847360
614550340994760704
612122662706483200
611256678688923649
605691143901351937
606405121845526529
606176087861817344
613143593029607424
612747817115852800
606758735298453504
615203284761096192
612907660980158464
611846504597356544
614106760891224064
612542074571915264
614674911269883904
606155531473035266
613722762130157568
609376078050820098
605176759609225216
612237081654521856
611173387730182144
615491294530523136
612229146006171649
612941978616098816
611722636016549888
608209638874607616
615670555061170176
614265652740669441
612791828027416576
612921462865969152
614327548118368256
609639267971792896
611586325045600257
614535249972719616
614556122884603904
612769905813884928
613215054335348736
612304885946654720
615951235120807936
613340860349054977
612224777588183040
609022137123258368
615921867568873473
612765126706495488
613453974948159489
614150524150128641
613033847354195968
613821772245250048
614178341504057344
613412736471564288
611223165251907585
606121790566338560
613082363598401536
611624445741039618
614524059871772672
614756989583929344
609160532604637185
614131496547446784
612547308350251008
611026098336329729
610440791274725377
615951367304314882
611558391627018240
610771487470034944
612235291420659712
606855777651802114
615974274424246273
614819472315187200
612990804076961792
613449525894750208
609653433348583426
612212697510354945
613040495254704128
614558230769897472
611824560464392193
615092660987142144
608651441679532032
616018005453991936
611325701803741184
610848659521941505
614584024519045121
610832739521073152
612379686686035968
614530532823560192
615009998616137728
612753120813293568
611864849346203648
610777962418466817
613099857620901888
614287134992699392
613031289998802944
614969661042634752
612257392311468032
612224374561746944
611658671857119232
611441486845083648
614430284197535744
609790091372969988
610864895878373379
612229659535785984
606357277034074112
613786836582952964
612984967895846912
606490403181756417
612751779214848000
611672067205910528
611667021902643200
612983463080124416
614011414844452864
614329450017087489
612984518933393408
611850988195082240
607862265178562564
605744376636186625
605608061214932992
615873160018284544
613085884011970560
609136797428391936
614852829006700544
612240543834214400
612244651404345345
612252948920422400
609768825374928896
609199902439026688
615877655368482816
614386395369611264
612399539027251200
606120755055706113
605599405073272832
612992329511600128
614194111218905090
612465673936113664
605647124026552320
614151204810149889
613350341950619649
607107286260023296
615873148605607936
606554401591848960
614105815855857664
612239960142274560
612223975339327488
610572110247952384
614282088691421184
615746249304768512
615523490859483136
609755206771965952
613058583907946496
610733757889273857
611274127576539137
614961688379572224
611164075792429056
608307393886339073
610342049376661504
614284613674905600
607502325419274240
612295483915149312
612208998532665344
609232301550141440
612382180577312769
606824838997680128
608346153827069952
611673660600877056
613940422092566528
613414665528471552
612855414779215872
612946233859133440
605359549185441792
610913992941244418
611859244976074752
613041103537860608
615171649562910720
611764265167421445
609016760021311490
608688937926832128
607637756718776320
611273691406671872
615373792773169152
612311439286505472
605332213056430081
612996433092968448
612211559729770496
613644028454830080
613017407859195904
614168597481566208
615891342078558208
613282568952156160
611163349460611073
614995185550766080
613396822300708864
614819467944701953
605259733776375808
610966741355765760
605290240887025666
615498976230535169
614748815711670272
615876388718014464
610493203431751682
612000681726054400
615526084558372864
612759161424740352
612747332556324864
608093877635907584
611743323984896000
615951331422023681
606860396977254401
613243175533191168
607937155155910657
608690172511813632
615303629759643648
612060097687257088
614526816355774464
606506790843346944
608556541889814528
612373230507196416
609145954374037504
615890612613726208
611799897646477312
613342835228704768
612232916966461441
611224070164770817
612004074054119424
612209849548599296
615633223981383680
612503337540268032
613773124614684672
605404681745997825
615130187957706752
615945701177061376
614821156013543424
613047467534352385
608955423153115136
614819660433883136
614111478736662528
606859007752568832
615446813890494464
605752565939245056
609726788936302592
605369085552173056
612314802015354881
612995165427511296
614283849414144000
610750264635592706
614059127652884480
614296708277665794
608472248610074624
609299078405562368
612767897300140032
615371253591879680
612231545412317184
606761770577858560
605586671677997056
612378098135363584
607027329982824448
612590092687929348
614295528877133824
611899353297346561
606203147875418112
613011471442804736
612935008882458624
611497481109667840
612459296819822592
612299432252567553
612276924925243393
606498414424027138
614818982529470464
612825226921938944
613183162949218304
612748394616983552
606274894658039808
612443628108034048
614194489830195201
611572124688498689
607941520541368320
612996464722186240
607993137613565952
611234723239604224
612837734948995072
614273837564362752
606521460316872706
615898527596703744
609134172574068736
613769500522086401
606165383725383680
614479239576952832
609890732816605184
615896237905063936
613055133954387968
608986048501121025
614983480628396033
613073549713108992
610831560296673281
615019944317587456
608316593437868032
615903182078742528
610043762539151360
612751111674593280
609290414055624704
614134382140485632
614311732274704384
615150760528097280
614265527226224640
609633741720449024
608149692908642305
615111461086605312
615886965100032001
610192075099914240
605700158777520128
606202969827254273
606159190265106432
609380407063130113
615873297562107905
606821889449730049
608909364997595136
612231055475511296
605330081909755904
606827651928498177
613104854630825984
605841806266236930
612280807646957569
611566940516040705
612222049545777154
612468771899338752
615909184740192256
615414287687880705
615484504958963713
615297054487633920
606044072873181184
610863848694902784
605581480836792320
612228785547681792
605378930070175745
612270834376404992
612888710837891072
614961643815084032
614375460538052609
606637977565945856
613056141917061120
606868380839247874
610733752809959424
613073260696203264
614464263655063553
609052488528969729
613377009813688320
612244967566778369
614308460084260864
612775971746394112
612298872283656192
615404077065850880
614135262306791424
612532233514151936
614558639173427200
613085080546856960
614026337649623040
612891920046489600
607862423664476161
607937701594152961
615561365462384640
612785512047210496
611745255709351936
612402000374816768
608299294853087233
613244297287217153
614396365469167616
610845372584296448
613072066951057408
609839531185967104
614556888747900928
611528769447133184
606142410872221696
612999943280791553
612245532900241408
605276901503025152
613102846255476736
615194337886912516
613034862585475072
611855414758486016
612984288640913408
611623848069369856
611057824815312896
612774638104391681
606465684831371264
609169296934092800
609057585514201088
613056063194144768
614556827666087936
607449590992912384
615413262058852352
605747714882707457
613000166883393536
615183627253641216
616007474085273600
612753047253581824
610323477921296384
608696019535208449
615898160213311488
615970030610710528
615877224743333888
612647676023209984
609390703425122304
615000513076047872
615909160530628608
611006453558554625
605306455831539712
613083132280094721
607502324576088064
611433095724703744
606625331701637120
610943689075093507
612205496137748480
608297685754507264
615902504824344576
606574420778491904
608214448873054208
612227467655409664
615938902688428032
610860424280567810
615961794696364033
615941217759571968
607662049284333568
615572810430189568
615469021589209088
614794180552855552
614274491741532160
612747209608552452
608278295050874882
613001987391660032
605507363626352640
615928944018227200
611019196814761984
614292730341142528
614819933575344129
614284427884134400
613721420103860224
610980475847376898
613034402822512640
611451038319648768
610866416061915138
613032765295079424
614422367650103296
610559304001720320
607909014534561792
609373252926996480
606421483670380545
605557897620103168
613137009800974336
613189363934097408
615517465070673920
614107304972128257
613590405930721280
612261015535919105
615021141418209280
615217291375067136
612270104965844992
612784494618083328
608207393273573376
611048819485073408
612279949450293248
612760150617796608
614055720493821952
613031927004532736
612912272860672000
614134394547257344
615524678237560833
611757765841842176
609397492338327555
605451349547986944
608888571144077312
612987134325030912
614706904963645440
614819121948164096
615111222778822656
605642730853695488
615927153255911424
614559726739812353
612251340413145088
613285094564982784
612467620269441026
612237827980566528
612232968053002240
611271917094498305
610533819108556800
608244889638338561
607426176404090880
614379773293404160
610735697180241920
612840040461266944
611232747261001728
609879833368240128
612053015009177600
611160270472220672
615240343932547072
606202620001161217
615373347753308160
613115869623746560
608066277769388032
605751931835977729
606607801952161792
615402157458624512
612230456319176705
613126085421756416
614193645596577792
606858243227254784
611359702765572096
608162976412102656
612334020400181248
612576476949540864
606367884152041472
612237565651873792
613273455925030912
610585177195180032
612979039515594752
614282992849039360
615476783438295040
614961669207379968
612794361538060288
609030560728666112
613031723518033920
612245161519792128
608891089643294720
606183587637960704
615555770738982912
613503109747216384
612749600911437824
612267371324018689
612292953629962244
611839445319467008
615954359906648064
612958696277209088
608460357032681472
612608073916616704
615554243852943360
608813057934934016
611475834906345472
615532098988941312
612859691434164224
610811750762586112
612249927578730496
612209823443230720
609398788235509760
614315393386024960
608795993279111168
612262974695297024
610434836185001987
614837388553031680
614989138714955777
612824496014143488
611835687093043200
608066016422338560
615823755886071808
611564166101487616
612747775961337860
605799512846704641
612237710720372736
615476613065670657
615951973817257984
615124114659897345
606925809102655488
615966736710508545
611647648513290240
609120563525632000
609387946530238464
612386850959937536
607481326187511808
607928407465312256
612747239639789568
615516437885661184
613024246047113216
614282177170112512
605490601623027713
613598879313993728
612855349448732672
610533538757234688
615473697059639296
614282267683217409
611497933863698432
610860215840456704
610843079101255681
615682617971732480
612259321611722752
612747306006409216
612969292439625728
612226857317089280
613242569993158656
615435734019887104
609698898773282816
612208634920087552
612328375613415424
615957623364583429
608300230904135680
609634775368863744
615909252528480256
615888516409593856
608734922342211584
610581273661341696
608072944355405824
615659417040719872
611802479286599681
612331917246103553
611640055061458944
612228390838497280
609714734900879360
614338153848176640
614589839871209472
611619147219365888
615470760145092608
612798559532945408
606636742527942656
612325706001989632
614568777120882690
614651943135379456
613032098530750465
612996988024528896
612250035624017920
610176057296199683
605430176483319809
614650141736325120
614560075500376064
614819914151526400
614790971839119360
612205930705334272
612276173897363456
612768537577263105
611685977451589632
615235961253793792
608691112459530241
613105403904196608
611122037483012096
610866704260984834
613369132092923904
615077507033866240
612275501827121152
608741995880681472
611582966674890752
614837406592733184
612295916133990400
608007455423885312
605865819906539520
606422555604484096
614423040185794560
612984867752648704
612238031303647232
606551341297602562
615266786032746496
611413629070475265
605364899334746112
605275211613802496
614282310234435584
610811259223678976
608073786336800768
615642817096871936
614429016292888577
613031265042698240
612260317561810944
612233975818493952
611594779055357953
611121362183319552
614125497140822016
606887415031152640
615932729411149828
614411343517589504
612233422551945216
615010524045123584
612209165037993988
614558388475830272
607617398959685632
612769723282010112
614541860556664832
614288943513792512
612464122953764864
608771192313516032
606555458728394753
615165553578233860
614265105228918784
614961674072801280
613037292601671680
615941667754016769
605363326101635072
614304143751024640
614961664220372992
610226036748500992
614555546893557760
609225054547783680
605325560273903616
613070605710139393
610850872982130688
609306654337712128
614466721475395584
615954931825156096
612209866640371712
611332020237512704
613013942965702656
606370576890892288
614402200975081472
614818948509515776
615589668105666562
615151286007263233
613494163108184064
612502723666120704
610405764230983681
612921462874316800
612264641104879616
611356836256583680
610376837353574400
610815603335692288
608304348385443841
609700174215163904
615268548991184896
615452882536677376
607639735113269248
612242582748442625
612748013954539520
614742764383809536
612842732084690944
612209859652648960
614347778425274368
615874718353100800
606832463407681537
612466687191945216
613072719844917248
606439108517490688
612758044506726400
613747437287645184
612761020533243904
612343784999747584
612238027931447296
608899162386649088
608963243374211074
605278069905977344
612279275828420609
612960445285076992
614982454693117952
613377230434140160
612227918727614464
613243998703124480
608363299844059137
614820073866428416
611319620192960512
606248077570105345
606821047313268736
614532089799544833
612205929094881280
607686699125207040
609686647576244224
615902528681676800
614927462254923776
612331507257069568
608447263749353472
615909192516431872
606794675060666368
614666220361531396
615957612161572864
611664786443649024
608968132661784576
610220241889538048
610325290527625216
613013647237869568
612993909078274048
614568147719442432
610507105938837507
614549993865744384
614282450647126016
612984525237448704
612259779751206912
612209854644621312
609666098477277184
615372025071165445
612785990554529792
611704954852499456
606145551701274624
612240278808719361
612856605231738880
609676643838349312
612270106043793408
611341216047722497
608065302685876224
612267430325420032
613001201718829056
613455812590202880
609631476309753856
612548847982637057
613006009976651776
612102269035614208
612053479205543936
612171809191010304
612590363384135680
606814873373175808
613907954115284992
612205899600400384
610884298808381440
608070418105278464
605433503019237376
613067673040195584
609077232192073729
612765783282839553
612399415169544193
610782513397542914
614834286689058816
612229448600055808
612225874247720961
614961658163806208
611053745837895680
612225264878264320
615222846265163780
610535350151331840
615596586987470849
615918103281713156
605702678132457472
610014244722057216
615925077008338944
614293276972068865
610079930962038784
615889508374962176
613033448412852224
614289093120364544
612996776598052864
616014078402764800
614569075226886145
606791357810679809
615447862827188226
609637443474726912
614819700837621761
607212186889535489
612381274301460481
612268792194805760
609443732832800769
608765420007325696
612237127443709952
605657607454355456
612017233473196032
612984368202694656
614916396091338753
612193794650447872
614133727644545030
615909227169742848
610581273518673921
611619376744255488
611881568202817536
612748000931262465
613030986880823296
611765124362190848
614557763180589056
606614736969564160
612990578742161408
605423281919782912
615641957801422848
612972697388253184
614412607219462145
610764249422540800
615586739365761025
609726482949079040
606262855881621505
606455394756489217
612259943480033280
606436255841148928
612264746436427776
615239532234035200
614747567910469632
613013800258813952
612308102101209088
610510250643443712
614298546653638656
611870476210696192
615909221993988096
612293521249300480
610766048019648512
615845848233213952
612246475423240192
605717366090178560
615957807439941632
615300838429458432
612305154247950338
611745446076092417
606342996771151872
612227555827937281
607215655620780036
607925973309353985
609821266862845952
606972570370506752
606446098299949057
613537481208631296
613068713034539008
615649961292660737
609665592031842304
608690530042519552
614632538112434178
614961628610695168
612375684544135168
613004997924622336
612761277056749568
606949323302010880
606370539700035584
608660079328399360
614271113846243328
615901379480059905
609196663601655809
612652122031702016
609276695078678528
606437127308615681
616004752413884416
614572517961895937
615636529675956225
607205586892156928
613040206825058305
606596510646726657
614580673672835073
612991052316823552
614961683551924224
608174832992317441
610861642545516544
613700359362621440
615872655942623232
612994299974692864
612382932855058432
608561433119469568
613034070294048768
611528223277514755
610842185605316608
605302525256941568
612380087980154881
612315042814373890
609647275887886336
609022376949481472
606157297153404928
615891592424083457
611121362200080384
615950948595167232
615004468271144960
609141159563149313
608162185483808768
615406020169478144
605373269118730240
612752819758759936
607457631154741249
605328150193651712
612279739676430336
611526697498755072
610791234135724033
609667201960800256
612210159134208000
605719956488134656
605679116050960385
611951849307041793
615860356972331009
614398155078127617
615909155099049984
611618545110159361
612224116922392576
612250194458112000
609788121228668928
606255187553095681
615754731512684544
614265597753298944
615706318934925312
613308114486624256
612222420347428864
613031439932768256
613031066597769216
609653702962638850
611865690421628928
611093789378244609
614109123932749825
611210121314729984
612748049975259137
606900501846753281
614282188859703296
612334230958395392
606490889683267584
612820464231141376
606841200293879808
605745112996544512
615951253693198336
614663263016476672
611686685043257344
611670151394529280
609651652086267904
605772041422143488
605578338925551617
612258525830492160
611490916830834688
612374578237702144
611527039921856512
611745137283211265
611538849894895616
615754176950185984
614282465809682432
610461342328311809
607502324727222272
614283010205188096
614301126112882692
612763791411953664
614114719390134272
613102205214654465
611663916360409088
612392373373542400
612223547637919745
610862557650362369
610733755011993600
606858679959191552
612275395619094528
612379772992143365
609118896579313664
614569092188606464
615550523454963713
608451665914638336
613241245675225088
608096265331539968
605797108885520384
615901896092446720
613113016578625537
615125387518062592
613083708099297284
606791140247871488
615138962378588160
612997832056926209
612363070149664769
605321413428408321
611539975075700736
615818266385059844
614283084318441473
608767290637697024
611675125721620480
608887882191769600
605539630839156736
605820165935132672
613242657792520192
608064221100785664
613003051130073089
614569238896881664
612805886684360704
611803072663302145
606848589948715008
615893536895074304
615968011661484034
614818767839883264
611334657716568064
612258424412205056
614556285342732289
615251626706644992
612986718011158528
610816560572276736
606574936346365952
613237603517747200
612223953487003648
612748957265977344
614266790210879488
615589198813351936
609387331699609600
612222115585093632
606451624614195200
613169727939022848
615957792961245184
614286072629956608
615902259033980928
605413043498053632
612989908035223552
608067101664813057
615873219648581632
613013697850667008
613000111929438208
608294952003629056
608189174038994944
606156271671197698
615923335965216768
615955494612549632
615408467998867456
612229302965403648
615889274102226944
615884860041773056
614818773837697024
613214607109451776
613019419078324224
607798270455214080
614423311406264320
614632302832918530
613918695472041984
613107968473591809
605620444717285376
610694181250400257
606834822888189954
606421474191261696
612242353684742144
612341239028051968
614585338435108864
609268358526205952
609718950767693825
614290868099420160
612251373942538240
611520473122385921
610765767437463552
611625016950534144
615600856151396352
611330628034920449
610865323265392640
611794363086176257
610600460156669952
613071872733917184
613742953949962240
614824152722219008
614555884044333056
613643634957778945
612279385379311616
606890353493340160
610772503124942848
615917763123515392
612222793837617153
611625782797037568
613405950339231744
612928177829191680
612372331797856257
614557992764051456
605289268357898241
607937147086045184
614819648794677248
606278615110709248
608762663309434880
606120077876994048
615314897941983232
610473744805576705
614282242123280384
613138295174889472
611444034117238784
613950971425726464
614166605321359360
607961295262867456
606140360272842754
612230163196211200
615524520217198592
614369923226320896
612903239495876608
612643891410370562
606444207121809408
605634917926608896
605278327298007040
609140980848001024
606582920246099968
609373114808573952
614904815395708929
613726087982501888
605481145568882688
615199953464377345
609823757000122368
613037524173328384
610506563833462784
614963861137965056
613263197685071872
615282044634025984
613616045807566848
614679720421142528
611633356791353344
608735309325410304
612996464684453888
611529158380818432
611435903756533760
609716589320142848
615502736566669312
605531904591413248
611531212738437120
612272393835446272
606425190164230144
609213615963418624
616023673493786624
615957764934909952
610832029714878464
612234718361182208
611326235201835008
613033071118454784
615904008042098688
611443499242758144
612365784938061824
609631771081048064
615895355654209536
609140940121354241
612984609056362497
612380330167812096
611671030399172608
611664567500812288
613153482241998848
613102473264410624
608954583998693376
612787119061233664
612308971064545280
614555604594651136
611348475012366336
610885901955170304
608309974305882112
615909172329230336
610450481077452801
610845155160014848
606555352843165696
614382745914109953
615239092368998400
606880931874377728
607177557763584000
605657443117477888
615951297255227392
605664205828702208
605717236297441280
612857980472696832
613763780854484992
612346188612788224
608955748991705088
614991898348916736
615114468716982273
606019491500130304
614819885093363712
612748004718608384
614365743371681792
612945465886277632
606147357793767424
613612585049526272
614797032516153344
615965915587440640
612910376368390144
614033660287819776
612397392021876736
615210082813538304
607907333272936448
612222416606130176
612908736957558784
613227989686288384
613037959130951680
612335418038702080
610816137367003136
606436606900379648
612446390359334912
614820061715501056
608965649197625345
615198361541607424
614836332842631168
611497666606796800
612381986481639425
614565274931580932
614441569802944512
610914631041748992
612063929242648576
605716806150569984
615289653575352320
614555236921909249
614197804169326592
610831549433409536
606875718899929089
615349333957963776
611532059463434241
606343091465920512
606876329661841408
606821065998761984
611692330555416577
614715114424541184
612052738801840129
606196911222214656
609455141519912960
615909242684489732
615873573056589824
615502947389165568
615490237393797121
614709695748517888
614306990806970368
614556263305777153
609650437310955520
612757899140579333
614555331570446337
612609886929620992
612228268356448257
614389620084711424
611411713733300224
615898760862785536
611877230545801220
612230319643734016
614581568862957568
615882035148771328
605955695763070977
612325157676412928
611498465382653952
609828363910430721
615868007164686337
612332558689378304
614285966694551552
608211865504763904
609768265997422592
613006278626004992
610862145274781697
608130517284716544
605377427947286529
615562981326372864
614933584848121856
615116727970582528
614516635676717056
615957550450769920
613012910957268992
606824814708289537
613042119230537729
612390759816368128
607233256480632832
613092998960779264
612237146041126913
615661866002452480
614586015102054400
612837836337868800
610849205532299264
609788513182220289
613034647161802752
615217592983265280
610857263360835585
612864470793105408
612968256308166656
610443037408235520
611466876259074048
608352269545959425
605805355243683840
614818964229779456
613355001465933825
612745306191466496
606359968846082048
611645933118451712
608298139125182464
612220928160886784
614824181256089601
613292182846337024
613002289494691840
613562237249191936
611528511032066048
610512821072195584
614273322466045952
612223857005568001
614293739092086785
612243749058572288
609223269372272640
606238269148413955
612753676487258112
609233600102313984
615589500299952128
614563050054635520
608755778938396674
612223459100389376
612975875298955266
612306402212642816
608699872913551361
610819403488337920
611338596667248640
611516166964649984
612229514551259136
614096995397926912
612222204537745408
612968858614394880
614139228700712961
612223320046481408
614286706594856960
606535127926239233
613647275890470912
610485708399190016
612519672710172672
614827741549076480
613002932741623808
611274569626853377
614302979387097088
615974257961537536
612884907778547712
608728032505905152
612125516037005312
609636040328908800
613072226221486080
609831127394746368
612750688251019264
612308980652621824
613005767411523585
611925597909073920
612221912094273536
614559059325267968
615873172336955392
615877912919588864
605752022088990720
611327591765643264
614150057655447553
613359289412009984
606948073919627264
606576588575109120
605360611472605184
607842572023627776
610506372380233728
608730578829987840
608697958981361664
615153833858199552
611195012362170368
605487523700326401
608083608734015488
614997137336762368
605443523068895232
614606405648039936
612214427400671232
615919326412054528
612988166769750017
612371911939637248
605370673964412928
611835355835334657
605734900784840705
615092985752088576
614283159924924417
606550632699265025
615140899920613376
606926897449172993
615958058481532929
605751067645751296
614568383292571648
608294253987536896
614116407115186178
606762807527211008
613103463145193472
605542464758243328
611110084979113985
612269486616506368
610863862255063041
614996942528073728
612470512074145794
612174516370866176
612747249739767808
612221630421438464
615199790066855936
612973440287555584
611743270394134528
613360452609839105
605540995564830720
612259308609368064
609636601073901568
608298148621127681
605657851869196288
609016760021340161
608476266438754304
615550653700669440
605426213419491329
608755826757627904
615427197579300864
612860124781260800
612864879448457216
612364276511150080
606438816929300481
613449633344421888
611834321586880516
609304647203819521
610983840392216578
608527814569144320
612229776829480961
612254167982305280
614025427288498176
611971850902437888
613250459973853184
610089917947973633
615595087637139456
611737321327562753
606832335871303680
606696844199137280
615897881325600769
615245737127989248
611509831984218113
612209002760544256
611626230341746688
612994273852702720
615902231972347904
613959786145558528
609649933646336000
615859819660980224
612687830196682752
610413750596825088
610617129604255744
615709640412655617
614482880324960256
613031211661799424
615824918589128704
612952474173997056
612400516757196801
611624374010015745
605744827666472960
608733000189108225
608087088412524544
605752916650147841
612837875286167552
609640645200752640
611724202953936896
612209871686139904
609834605051539456
609832581224214528
615652036110061568
614194740649676800
614964106471157760
614111119205113856
609141055829618688
615281605674967040
613999329448173568
606154406334099457
612991405313626112
607332423890698241
615582645238542336
613454710813519872
612800490871484416
615887190866833409
614399064562659328
609639868814237696
612537514826592256
611664204123107328
615672412458381312
611560111820152833
612291481748041728
612207427593703424
615109005644464128
614153260438433792
605328150281768961
612747585145733121
612381436855873536
612297419783569408
608188052167606272
605489010270740483
609676808137650176
608954232771874816
605692399441092608
613009189137465344
616000808493142016
609637348549242880
612214949956288512
614139510255919104
612338381587132417
614265627549634560
614299575558512641
614561710175682560
612747119804436481
615634693413806081
611886197401628672
611106749119135744
612818948900261888
608557415907217408
606127863566209024
608204593940545537
611664198242799616
615909789051129856
614569296073728000
612208638459953152
611329131087708160
605811355946393600
615152534286651392
615108736600944640
615957596005101568
611247931124023297
612049733230592000
615219593976672256
610612407984111616
614864154055327744
610510170486140928
616028816155119616
613012033492135936
614473268867641344
615314474518618112
613395713599344644
615909165924503552
615176320369192960
615754893475721216
614015652567887872
606856129981734913
606431630266351616
610853114770509824
612547156637921280
610509203199889408
605751261720408066
608295893834416128
606444715907686400
610833198851989504
607475854189264898
615951200295497729
615232057225158656
614813349356924928
608067469576503296
615200021504364544
605744587114717184
605641975669379072
608264811776897025
612226057505259520
605753062091857920
613125548001267712
612973841636196352
615897107057254404
605974739891265536
615798340333125632
610861197089443843
614725634238074880
607127742136610816
614525954921099264
615957604175642624
613375119000383488
612762117360332800
612310345806446592
613883571607052292
612277825299738624
613721840926740480
610806583811903488
608332523010146306
614282845167562752
612325412899786752
614111348310474753
614819215132991488
612840873408241664
614961678749446144
612549069895024641
612933301364523008
609398923858460673
612400782470709248
610771359451455488
606370445999235073
612313274936197120
612235042681716736
610839669224407040
606554283459248128
612208659716816896
612997875438592000
610858207783833601
613455020252655617
614282294380113921
610837412156051456
611530987751768064
615995315947180036
608346240850513920
606573228031537152
606820450530926594
612988980884279296
605372622885392386
606555111750393856
606898741132554241
612066476351098880
613038584938012672
605513229641486336
613828213333037057
609389303769235456
612122282719248384
605634567429623808
611058056525430784
615630064995033088
608824694775513088
612320945299009536
614819844920360960
607858298822328320
615239318391640064
612994137323745280
612209828262449152
608953600920965120
608662626663546880
609105962750869504
614695724719165440
615877342976544768
612435894553804801
614876505416413184
613084280957333505
606006246840270848
614329874006708224
612223568190021632
606879171810349056
615523214933000192
613033174956961793
609295395970113536
611496133391593473
615100543913041920
614423274844483584
610930197492314115
611621590678134785
615624884673118208
615958667465129985
608744797856260096
611496641527480320
605725955814883328
612974535512600576
612911025982148608
614292017506467840
614531507705786372
612782244290105344
614297825547939840
608309174427099136
615513225921200132
615877912261103616
612241178277380096
612544861619781632
615888499112288256
613221063997177856
612845954178355200
605296481579364352
612988462141173760
612439430075404288
606820648208330752
611610357426188288
612916635578449920
605407877495320577
612251229930962944
612287952886956032
612590992596856832
607909053801623552
613721687880794113
609289201876627456
606810549360263168
610778686233690112
614282590871121920
612049718294638592
608908704864436224
612320222498828288
612224467230674945
607068978993692672
612390221867524097
611838153243103232
612817091725430784
609634813453078530
606876494049234944
605578966812868608
612750337322172416
614290622401216512
611210216550432768
613251913581232128
614043185426366464
615109296787951621
607306118428278784
611596520958390272
612227328186417152
606351621774262272
614313724795449344
610927193426792448
612179332216139776
612244827598667776
607983050484555776
614294184283934720
612792537288450048
609633966698668032
606777478716268544
612668021811879936
606422288607674368
615643927765356545
605345166073937920
611193436784320513
615520872129003520
615880274866343936
614819937316667392
614310130583269376
610744266764238848
614421843085238273
609964655625134080
615546860971905025
614580522526900225
613529925375516676
614296732227239936
614648369433055234
612978022451388416
611798407133462528
608459804680593408
611289438581231618
612985809994665984
612063579500449792
605280168114941952
612749109422882816
606856007499681792
612996272270802945
615502473067823104
614818825951932416
608637893578473472
614297691569324032
609438307739635712
611443898079178752
606594042407878657
614282433337298944
612750271253491712
615256739781431296
608186400240893952
608820553630109697
609032527874002944
612065379561574401
606856003200483328
611556307162779649
615710683880030208
614802317230125056
609649442791145472
612255430983553024
613881870149939200
609675348163358720
609575077726720001
614297524791148544
605362994512543744
612225437180276736
615508051672567809
615215295561515009
611619018206613504
606172084193099776
614876825295175681
614533075654045696
613009004638420992
612214880385531904
614429948040708096
614706736465752066
612747937697759232
614961638396043265
615923572507152384
609633780219969536
607917999182495744
615995084203536385
609133964763115520
614286139751448578
615563527533797376
614151421244612608
614169807240474625
614117100148240384
611671862058180608
614560189988110336
609635063169298432
613700618839031808
613053185549303808
614744553053126660
614994882042691584
615909881682374657
613076919593140224
612221875331010560
612228030413586432
605880439069220864
614801885850169344
606581408061112321
606449609485881344
608299173985828867
613431723557298176
615930041688551428
614753132875247616
614040170334191616
614873599476826112
608878914002382849
608253087283822592
615914424881311744
612307576370409472
611310867255283716
615862575482454016
612056975812239360
606641971323641858
612984437794471937
613541118634950656
615909891232784384
611653592957595648
610932899244843009
614997694692524032
608953600962912256
614353360653807616
612229720101515264
612848729406767104
613100271028305920
615922780131848192
612758698725912576
610851870681206785
607854020099768320
612970275471290368
615931385505841152
611156204853694464
607972498022539264
613093200711024640
606277973357023232
614283820754423808
606335725060128768
606139452579311616
605341154641637378
608741962552770560
610838225494671360
612330828295720960
608266690707767296
612035014784626688
610805371788238849
611873477960839168
612750669607518208
612380496262094848
611328586063212544
611990112768028673
614500240222195712
610535036052504578
612193353266954240
611432353005748225
614624773524451329
610816669494030337
615595991790714880
610771477739270144
614518138990780416
606143040617619456
613079238258880512
615407106146070528
614538360485380096
613823479503323136
612344202614165504
612273886906974209
612228857819725824
613092165959479300
611290285566398464
610133500675629057
606719438134444032
605363553609097216
613812705326166016
612332362592956416
613028150029774857
606975857077415937
612227794567852032
615383147996426240
614558262306979840
615895848610729984
615520786384879616
612684935011307520
606183134376292352
613088645554180096
605657542887374848
611396091116851202
605546945243783168
608941084870180864
606858555937792001
612286121326686208
606860402710806528
614622818026844160
613344203922362368
612990765598380032
614283910013407232
613110458552352769
606497572941791232
612299413919301632
612991575182831618
611137928098480129
606115703482142720
611069621282586624
615444514807881728
615263515054616577
614907271680651264
614089497261809664
608349742192541696
615682207848361984
608973975809613824
609578033138106368
606857894437494784
615214491689730048
606521454004457472
614768387529379840
612278796046213121
615867557992628224
612844816473456640
609031649330888704
613154937975877632
615589531388104704
606444826217857025
610835176726376449
608689731166179328
613168880991629313
610631312714567680
605897782738583554
612850328485122048
612250657773346816
611419996493778944
612848578298519552
610877079622680576
609437431528460288
612381245322973184
614961653067685888
615951377144094720
606870217713541120
614799406152355844
611625411177545729
612242045067988993
612296874855305216
609033700513316864
611858190209261568
612921769268260864
608751220891602946
613030960083263488
612987120232333312
612754548738949120
612752236876296192
611342098453827585
614283063951011840
614306975883624448
613000047563681792
606708597209198592
614051727533305856
614425841825619968
611039389230084096
614794526767448064
614559480341106688
608093738137710592
612770665310064640
605316037479833600
605512300158717952
606936467785412609
605666128950489088
615994001917808640
609631424069681152
608087938350514177
608519443711315969
606866840938283008
614395847741042688
609676646472384512
614556505040248832
606507105852489728
614394942681653248
608564734644768769
614667565177159680
611856771624382464
614334771712405504
606821529687625729
611216867995291648
605426758360408064
614853055016796160
612999624987701248
612655005691211776
612748621281366016
610738858158768128
614284043711025153
614580987566002176
612752238868582400
616018530375467008
606627158509821953
611408863875727360
611543647360684032
608831676207124480
612985490766200832
613012760272740353
613072225596366848
613188286689906688
612753205043310597
615877226030960640
613086556337745920
606574428919595008
615027248156971008
614819686346321920
612249311620022272
610980172486062081
609556463795568640
612990738083807232
615943596114608129
612373757726969856
614819467818889216
611720849788268544
615375299786600448
611176103718330369
612932108336541696
608251511756484608
611504466081226752
612372401507205120
612213316543381505
615190385019764736
614983633905025024
613011765606109184
614557625137635328
615239233872232448
608284723912278017
610803157288001536
612758528449773569
615601643820871680
605362994512580609
614288502486867968
614448530451759104
612343665625665536
614598161915609088
609023416314802177
614311215934803969
612932792259866624
615961824966647808
612288477384863744
609441319858012161
606177728216334337
606820882602971136
615234099461140480
610843968063033344
609727865169559552
612986066358915073
610775047611920385
610513253958086656
612228741394235393
612205834471374848
612238231564890112
608948205179547648
612752872867004416
613051816562040832
612241940038447104
615893595552264193
610771458017497088
609660300980305921
614819377381253120
614187853883539456
614285739468156928
612209882188640256
614040170346729472
615903447121043456
614991794451968000
612591584031313920
609434333976350721
605699831789719554
614562835532750848
606662688387645441
606824193003393025
608030939004981248
612989539993452544
612464558301646848
612234862121091072
612749514433282048
615505235239432192
615228365985988614
615413945281544193
614493823163432960
609865300712931328
612227803833049088
611327990270689280
607863392485842944
613028476728250368
614403625729835008
611847427587461120
610471879258849280
612249077292605440
609676645805502464
606404484630114304
605341883628404737
613002285615067136
615642488984875008
612877484523032576
610876724553891842
608246041700409344
605333425931841536
607333138088394752
614284844109934592
605755537649713152
615624082315284480
613926403155759104
614558889195864064
613366211527725057
610536509201088516
609284649492348928
613017100651790336
606575371358740480
615968722998685697
615133274730594304
615194718847270912
606499129083195392
615940253744918528
612171842015657984
614050028567547904
614839462951059456
612279877664833536
612237836377395200
609674142590365696
608709543040647168
615913241798021120
608739196652511233
614725862722703360
615535600330895360
612272082437697536
606224057420402689
615977926303985664
613104444172050432
614345154070204416
612035620500807680
614182570306179073
612997350613774339
612518374979973120
615951264183132161
614802321550278658
614457519210041345
612508754030891008
611633416879017984
610408278871396352
610468697367552000
614053129471062016
608914840229416960
615373510647517185
610832822933262336
615951212735787009
615582015795130368
614306448500199424
612408037001809921
614267823645274112
614285451633913857
612976476686712833
611622756191502338
615107171592851456
606714173582622720
614041234261344256
614411816052097024
613031328431382528
613249416661741568
612531002125107200
611619286898094080
606607629125861376
605328149384151041
612352038597472256
609074485476634624
606389400344227841
605547355178434560
612908467611832320
608774368060055552
611737199013425152
608862960480485376
610914698473570306
610528925739937792
612231830058725377
614807655299743744
611742776804315136
608973359796379648
612168872632975360
612748479719346176
609653247775780865
612251138050641920
612224663729606656
606546962490327040
615929090328166400
608726223699767297
609691124039483394
612379723646246912
614574386440335360
611628935135272960
614283790911971328
612601405090586624
608294996626702336
612226023397023744
610946833225887746
612230302933630976
612999456687030272
612225723328237568
609575177567928322
615963396387831808
608162308481761280
612145952888000512
605745220773392384
615973353447387136
612228457976631300
615884324978593793
611014050177118208
612987131066093568
605548858207174658
609574359582179329
610878399293333504
608267039459807232
614651657524113409
612222727274033153
615895834966671360
612960619084410882
609641297557721088
614818930503360512
612222210065985536
610938476268265473
612589574259404800
608297193276116992
611774468302573569
613032493000699904
612224211847880704
605415541659037697
615874877719990272
609880016604766208
609455149803634688
610736903084732417
610208315994447872
614556117947973633
614212173603209216
610920166520692737
605726508359884800
611775808915423232
606890339543089152
612234088263450624
605662056851734529
614557708197474304
606856134561890305
612221771853381633
610019571530113024
605359161396871168
613340469225873408
612749589909651456
611009248185683968
615909208433786880
611451274064699394
605457869157244929
613385680815792129
611628971030089729
615541302965497856
613031162290794497
611841599975354370
611082073953202176
606498442089795585
614024110759350272
614555346942595072
614305401903841280
613187703304269824
607937151477497856
614556100935860224
614352573567516672
612995479836729344
605370292463104000
609027536572530688
612944174581682176
615267487152799745
615957442741014528
611648422416904193
611195500247670784
612268580747481089
614903066551287808
614818890359640065
614559472820822016
610001310532800512
615965977910583296
608367279814930432
614633830880653312
612196154944659456
612553466007961600
614291556544057345
608763612060983296
611765595617374208
606437164310601729
614310984505802752
611621452278673408
612948962346053633
606601054881497088
610811993851740160
611690214956777472
609979058059935744
615862386273165312
606747793311604736
606032844985630720
606434940817952768
615951243224158209
615937709048205313
615868131442098176
612969289323270144
615910560949997568
611636573822586880
615310371759476737
611869522082066432
612977924464115712
612293119007133697
615957636677259264
615233956254908416
612245020788322305
608920273098801152
605739983094337539
606088746614816768
614959872979787776
614284041764802561
613064383854432257
611838732220637184
609041960347807744
608939901061431296
610995768376360960
605870732434759681
614283322156556288
615099845582307328
609440177073881088
610843793617760256
605702991211958272
611595473187639296
612750322943930368
611531639659716608
609668447438544896
615957533690343424
609650374299889664
614589297904062464
613850869411524608
614527018001145856
612790944744742912
612974660423131141
615842240817008640
613449664579416065
611835680797278208
612812283979235328
610861617388081152
614538112631312384
610778900851990528
615883810459262976
613044211450036224
605239775818354688
606168239027195904
612990877590532096
612251910754693121
612964044425793536
615084410141057024
615972118128406528
613031132888756224
612937824799567872
610531764554100737
613805133235924992
611329918836740096
612300359416041473
608161448414605312
615021040381460480
606260312988336130
605254212822261760
613052114416349184
605430633490448384
614555498772168705
612984342416097280
612237118535036928
613085858741116929
612027384930430976
614819158337957889
615194923487395840
606521447918518272
615342396923060224
611499937134567424
611619154190143488
613772455656734720
613150063175540737
606857828733583360
605604106632167424
615994498192146433
612991620665872384
606883293057949696
609943961591902208
605357084432052224
610780830198329344
612998550247464960
606853983622332417
605328151242240000
608521707125620737
612930456435224576
610079818936397824
615935100342149120
610406284790235136
615957589243899904
612764978957942784
611836529267331072
614039230365495296
615932517754007553
615903765925724160
613991833924825088
611697954777214977
615489913312575488
609935271719604225
606192450063990784
610865958564032512
606164002520113152
609066253739630593
611340040711475202
611669030265425920
615805041425805312
608245350957203456
609661397383811072
615269219727491072
612134473640071168
612221988912955392
610917053550186498
614367865097969664
612981846834577408
613443376889864193
615372530317012992
613468418298150912
614818801700503552
613043669596270592
612750933357920256
614818994227441664
608297081342586880
613040077631963136
612028442146643968
605424428701196289
613130211794665472
612223646925520896
612208602061914112
614857891401482240
612747301849841665
608562257782566912
612224106730246145
614961619098058752
612258433547563009
606363253053091840
611565563416948736
611329315670589440
614819695703773184
611500765295865857
609014916679348226
612399241705578496
615873082264285184
607093029590024193
608366596864798720
606178202847989760
611876733361520640
615930292382076928
613075024195551237
611619033033539584
609023423956697088
608050515537207296
615574673196232709
609785364266549250
614982449961938945
612280855726141444
610842644063760385
606472193988542464
610830457198915585
610048831355490304
612976773890985985
615951309125062656
605540340393746432
613515366589857792
614304197295669249
613372200297627648
607967130861072386
612862563504619520
612999898435321856
614265483496304640
611730625968508928
615962380573495296
612786072083234817
612235271770214400
614989754375933953
611675084353179648
605341913059713024
608068358135611392
612989947335843842
612259638168416256
615879343420653568
610587115714445312
610413720565493760
614587011253452800
612240346844540928
612328761460174848
608298108414476288
611178672914042880
606491191266275329
606518753191464960
615343385721700352
612984963047276544
615927793960914944
610889149470502912
606855279129432065
614282592939036673
615943074598916097
610405209454546944
613469621946068994
615043122918256640
608748515796357120
608189759270219776
608317512397275138
605536389665456129
615122315567718401
606111482036625408
612208640393478145
613414642023538688
606856005419298816
614368925392994304
611659420389371904
613538724844998656
611528779614191616
615832796322496512
615246675054080000
615596365633187840
609593350727954432
615274022843064321
613032225458622466
605845613150748672
614819671729045505
612221718900408320
612567039979335681
611594655717806082
614289818340728832
605443463497314304
612996978088275968
611469671255134208
608519480277229568
613002672350826496
612222482842537984
611907165566169088
615909216637816832
613003975428866048
612229151018237952
611627158931247104
612381960791416832
612611869916790784
611460493681758208
614055785816043521
609703402684035072
614289413019987968
614820075951009792
614533456693981184
610796645366763520
609373085280567296
614819971013693440
615957644990398464
610438798648979456
609741035057471488
614819276176949249
613222116901683200
612293021107884032
607233246846418944
614303295583186944
611137468881051648
608263100949786625
608774888183074816
614445671135850496
613319897091719169
608184049799168000
613236761813250048
611178389202968576
611619178823467009
611526358490083328
608181061332267008
612261563630751745
607149603738275840
612833704336072704
609638244288962560
610081940704727041
608101019520626688
614935803412615168
609772443784187904
606525462739828737
611406973766995968
613263154039136256
611564325338152960
610733140160720896
606445066580848641
613563332902174720
614283190157443072
611891461236346880
610860141576101888
615295346827071492
614961633409040384
614473587785879552
615526480567762944
609668836279758848
614560238423945217
610866084871303168
613404785207721984
608476635822702592
613023176759582720
606498802661474304
609550788147286016
614620551991173120
612223564058488833
614318697495269376
614001235125997568
612249828089823236
614557087763406848
606470788309319680
614555681950158848
613224538063642624
605365103756738560
614469350959943681
614840700585308160
615909237483536384
605328151170981888
613076103792562176
615349055212814340
615884521221664768
615845790284685312
615658863312814080
606858607225733120
615216113723527168
614818912778199040
606858580109565952
606538231174299648
606370564295426048
611327163376254976
612864620764622849
606824194693685248
611613569457782785
612167584490852353
612236432875241473
615109438635053057
614337569103331328
612752320888217600
609889357567291392
611450675097157632
614442128291307520
605719723842629632
615926156257177601
608296099347099648
611222762137391104
615512011682770948
605632779871748096
613906722709598208
615157861878992896
610020876373860352
606972565496700928
615312226593992708
605360551653441536
613302231346085888
615929843188912128
608266795234041857
612262530333999109
612714930958151680
613821772157337601
605433502901903360
605689675915755520
615901120788070400
615970589178662916
614474636869283841
613031024608571393
612759194605895682
605179682061828096
612654567914868736
606929156975099905
610071787485949952
611531209575956480
613736719536553992
611179150284562432
610913227975712768
608245370427219968
612985747071762432
611123041775521793
614427099772911616
614819435942137857
605333425927651328
614568144049278976
615976626535305220
610764271513960448
614586864129966080
609396834428133376
614632527299497984
614570434550452224
614556766140039168
605791734845468672
611850988169895936
614499614926876672
612139154244280320
615944164585246720
614284445189861376
607922307517022208
612937881229918208
615248301554814976
612749373408169984
609297867610714113
615194233444548608
615876246799564800
609666905415229440
612282452359389184
606748300432306177
612222105250349056
614101263303598082
614564185029103616
610839567286054912
614282521291943936
614139488332328960
605240518432436224
612079357910102020
611509424218312704
611259054946668544
614025428110602241
614271955705929729
611814461020766208
606584327024078848
614264378372829186
613202502679441408
609640046912630784
610767720901124096
607858298889461760
609790138613411842
614710663164882945
609828354187993089
614310760672546816
613177146572300288
606276473427783680
609014473874092032
612747804209979392
611007739301634048
611497258912251904
614311877116432384
609626276303802369
614387813165891584
611596372421312514
612786837241921537
614183261623971840
611665130447880192
612208997337296896
608771090643587072
612280239025209345
606521134926974976
606439833196720128
612984466492030976
614331587421974529
610860273918984192
612991379254456320
608260694987952129
613000768690499585
607883179458850817
615858943458471936
613104527617691648
612231285382250496
607093330715885570
615677404787314688
612658782187839488
613056902214352897
612398653681049600
605349844769751041
614562837927571456
612381684982525952
611798906695872512
614345459537195008
612223318490484736
608197848052596737
613923252289703936
615958036159537156
611802707179876352
614353791899426816
612747798161833984
614018723742093312
606904556279222273
614308417797124096
611619150255951872
614736697625079809
612574747080196097
609826702978461697
612966569711378432
610774027179847680
614920991794442240
614104541995384832
607230834320375808
606537050662301696
613155907426500608
612837863391162368
608412675303964673
606057238592147457
606440314597838848
608566686581727232
606822926160162816
611339989142474752
615712454887124993
610771356939120640
615841170518839296
613038428574212096
611690074921672706
614299213891940352
614037253770211329
611019335251832832
612750386949062656
614991259535589376
606370551754399744
605353523862249472
611477546186752000
605721349655425024
608953970028085248
613666574759694336
609767873670582272
612104157160312832
615933084891000832
613018423082254336
612279389439557632
605700719891607552
609220516637863937
605657954226958336
614430857760260098
609861591480274944
615598283847680000
615292416401252352
612208650246078464
606169562573357056
614326189637767168
610778378459869184
612910571424509952
612221999310503936
610933848529092608
614104631078203392
614041897980534784
613122302163578880
612225088323219456
614134564349419520
614354916677681152
606172083626864640
612225200671821825
608482031585079296
609758423098466304
614420104671985664
615245332075511808
608954068149612544
612722000851808257
609509653807005696
609928509797101568
614556561193570304
612292097454944256
606389965736558592
607638226845769728
608909365014343680
613049431798251521
613132313728282624
606444937815523328
614291543168434176
613031817306865665
610765072932184064
612282331844358144
605276623101956096
612838864277893120
612266143957565440
614820173888024576
605346895821598721
610918230014709761
614038336517349377
606911329711095808
613063722546909184
607936884430532609
605479327363383296
613375296172109824
611104017490518016
611809188176486400
606353985163948032
608307775849046016
606822308167188480
615037476973883392
612703093562679296
612317468946644992
612748744661016576
611176424460914688
615814803794194432
606507170050359297
609632733753679872
606503561665642497
615637882347216897
614675373159153664
606940553163472896
610912259561250817
610092481628127232
608300897823825921
606159648039833601
608064414638600192
612010626370674688
614800539746865152
607650475392049153
611497247281414144
613709168759951360
609979440257466368
615281077070995456
612278180154613761
612785839861559296
612293653067898881
614028633863258112
614625511495569408
608894230287634432
614937723124604928
612222934460051456
613021780006055936
615011306035286016
612323820947525632
614356056442015744
612130067544567808
608572538172641280
605657354735104000
614273320494592000
614557947998412800
612281220718809088
612596129302089728
605944929362313216
605427357911019522
614296405293666304
609983510040965120
610960261042839552
612225367068274688
612373306495401985
615906284122976256
612337728982777856
615036357312937984
612753428939448321
610477181286907904
606502468734754817
614125078507331585
612329126016319488
611822411542069248
609304656074792962
612237853809078272
606298963877068800
615923489170702336
614818783077732352
613375319429509121
614748803523063809
612992036317319168
615620780769026048
615566512783360000
611624286797828096
611108087819337728
613722768933289984
606439107829637121
612809401976512512
609793893274619904
614526783413731328
609426075270160384
612208996229976064
615523028684959744
614285982171402241
612389743746281472
612231711343136768
611801765265027074
605777628906151938
608106851796975616
615135211676831744
615633286619074560
613868531143172100
613330740449820672
612845644827394049
611016666864992258
614583373764390912
610925462903226368
615119352157859840
614316497368821760
606572708860719104
612222172778659840
610929727004610560
612134127471566848
612222093145583616
615909178033459200
609070234897666049
614555354454581248
611619306221236224
606537034707009536
612231349508780032
605814036375019520
612222897654927364
606858679824969728
615935299097595904
610298574509768704
611681851242057728
613000723161190404
606073127588622338
614813636054355969
605509241621716992
614532365046689792
609664229810040832
609380407063150592
608764000751353857
612756055127363584
613068067871002624
605265760471150592
614285166224240640
612989268483538948
615929625575849986
