3934294254
3879483556
4438865706
4359511948
4468044090
4054826931
4298414843
4083382297
4316775176
4314850445
3817933092
3744427281
3869292656
4083632079
4146205534
4494905897
4480133716
4406619100
3968657486
4479965897
4102406639
4402200364
3955853482
3833253296
4301136242
4344425411
4324217944
4476055988
4304893925
4322718413
4330384473
4329544711
4329248068
3912814902
4440069291
4031126222
3909969842
4080121037
3947759194
4445253423
3954969205
4172337656
4002482547
4437304109
4175248381
4091652127
4437567603
4437184540
3926649735
4493464701
4374999713
3956673053
4493594184
4146324543
4115642407
3990650062
4348345133
3877681648
4343189504
4153570913
4493617673
3792271230
3865384357
4308612467
3817365991
4332656803
4467971200
4053463386
3913124820
4471416745
4469208741
3712166500
4437403038
4329899594
3888643996
3871701732
4346450802
4301063438
3868704384
4343234426
4316551985
4310345058
4468139662
4499288487
4343020248
4415104610
4344477133
4418653191
3932469965
3695440408
4494928028
4152731581
4329414711
4349429524
4490761987
3758929705
4339455078
4034739563
4355280450
3954205706
3954261640
3913187030
4362635718
3742913794
3933527063
3882301114
4172632858
4297817957
4130053983
3955197891
3784064908
4448977096
4404426432
3821063970
4170417697
4341917077
4322388305
4171614968
4019107726
3894709225
4329514460
3848122391
4344978863
4437551539
3870533612
4329489408
4467949681
4329214108
3921727081
4343464056
4362786300
4050101927
4346584854
4438685171
3877725119
4329924453
3754484092
3704220182
3916533890
4500315339
4342416455
4051277476
4469366399
3742895961
4495289300
3696182808
4356703278
4469775138
4115152036
3865752275
3836716674
3954151894
3757827785
4012185860
4079830093
4346341645
4093140441
4343624014
4137591109
3976014175
4026162494
4476008239
4479572554
3868317266
4344716867
4343610391
4435996501
4468327910
4412663349
4468017216
4115450398
3894564462
4344714684
3826218675
3742923902
3967018248
3913023116
4341821717
4344631519
4468377126
3816117199
3821251299
4439593186
4065401566
3912646720
3788880467
4482346194
4354144068
3863771432
3917603986
3913832769
4024954322
4470782505
3882412652
4341826496
3792668354
4416512425
4167204058
4353381771
4490943215
4418542593
4368573406
4329528689
4496505613
4150832632
4322350136
4468077854
4298976864
3974476297
4301346414
3913123255
3763114301
3931935651
4050910181
4349164680
4307558672
4334720037
3836010406
4332978968
4437306125
3816579658
3912641494
3958134772
4328920730
3914071899
4319678750
3872342563
3954222883
4305235104
3816372984
4173746801
3954847079
3835749012
3826287239
3870573496
3982583455
4084072085
4083555195
3870564669
3785774968
3889907113
4147474584
3975965899
4152530096
3743586383
4154684072
4478624499
4323629436
3693687947
4419973093
3760973767
3914013068
4437295629
3710053813
4343148862
3797760498
4312718061
4501220739
3860230162
4303270330
4469523108
4314660457
4083978178
4350391704
4440347990
3694434084
4486989884
4328276632
4154598735
4010609246
4408978459
4494892325
4166536563
4471194129
4327242065
3879735827
4413911001
3890059780
4077905398
4453891346
4299285323
4315293932
4493085251
4437229676
3866366759
4338040270
3890886848
4332394645
4331316904
4091460332
4475203194
4436892722
4083606876
4485004155
4344718742
4439309694
3695624143
3845896612
3869712794
3977102277
3776905914
4494160720
4502229260
4476227612
3911947048
3740871465
4342638691
4486549757
3804165547
4468987333
4437300441
4350050698
4468064261
4414782224
3736471720
4406385050
4063005481
3955849314
3709873434
3976553707
4468987170
4322501801
4322441474
3977961381
3894865698
3871944270
4343446040
4344860748
4344658973
4317717257
4074330269
3867406297
4344965848
4399952913
4411027387
