533592054136184833
535954938829209601
535659777049636864
533584633129361408
537367358235369474
529600010145792000
530834668846071810
538312657153949697
531836989210128384
530036044385615873
537691509634904066
529265255047000067
529573296631586816
533702551888470016
538257666783854593
530099167486828544
529348603127808003
536024817929953281
532582553803587584
537775860044943360
536438093101170688
530051973366571008
532652439241887744
533788545844916225
529546896864321537
533503680842977280
531790331482632192
534362679872212994
530744189282435072
533063429473726464
529341235673063424
537908815233310720
536830853012549633
536364163803521024
532319662734725122
530744694335344641
536513050564890624
534081876718149633
529301469640785920
533812121276915712
537608215903473665
529694609077575680
535583264447004672
531940746153062401
531774702734155776
531358745456934912
537714525781622784
535303924043878400
530535814200320001
529294546199252992
536852978402328577
530746410199945216
529438001127231488
532658413541814273
535560815986745344
531780171943006208
536903355906666496
531826166702014465
528667811175235585
533827605242605570
529049651635568640
538666470583328770
535610235105583105
535073319070863360
536965138663112705
529601960941735936
537998959969443840
535834496801984512
533594803687002112
533714891346296832
531798287712796672
529483261903269888
529246904585289728
531907445002489856
533502887444234240
534036496651522048
533593354995396608
529460552230121472
532393625330532353
533748575901995008
530741986991431680
536410037606825985
529960666841763840
529584191998939136
536821015486414848
535593002744680448
531880746932109312
536900758210637825
530847766331674625
537533886104752128
529494533042475008
528802311070826496
530145326204608512
535873778451238912
537909504294526976
537689933822328832
537664406008897536
528920545338081280
536645453543391232
536807401832206336
534427097906053122
533473227939401728
530056280476381184
537586401068343296
532515099370463232
536061028518223873
532535164153638912
535584946010599424
528899395660812288
533129726575923200
534351777638780928
535878410954756096
529968747642384385
531915222944972800
532414073292349440
531899894122819584
536461743208136705
537254604770398208
530261640533377024
536900788774506496
531931583499218944
530012254876762112
533634249513902080
529163340258770944
532651969144717312
536830882964074497
537486926517764096
533521260555546624
533145322441420800
529660964778835968
531844308929097729
533444443467038720
533410286095843328
531788624665128960
529702332859420672
537886398972723200
529269724035547138
531798606190108673
538816232909447168
531920339279040514
531212615519723520
531986174186127360
538010176654417922
530452409248911360
535608384062357505
535381584292380672
531936451836256257
537503020842381312
529572048427696128
533532429806350336
536862838015287296
529158730739220480
530061492402798592
534569324938158081
535090035763470336
535798383915462658
536965399485505536
529446815905878017
530833846934470657
534778390583447552
529796643650936833
535837859391877120
536743449240674304
532424389396946944
528942385653612544
537284137850527744
536467971120443392
536060661629857793
530061853138104320
533532722870771712
531825091198205952
530048606745952256
530061738247729153
534296963747823616
531822732141674497
528904668186169344
536459707645300736
536918960495554560
531226425345724416
537311639369154560
532387497074905088
532418683641929728
533709325546442752
530691498246144000
533747919933829120
535604452762198017
533819503163895808
530151846774460416
537608383285985280
532937391884238848
532652900820869120
529806469382680577
532536113928212480
530070019359514624
530034595509829632
529351333095407617
533065336913141760
534265952364294144
535223003291074560
538775445542432769
536900292818632704
530486370939453440
530441899640102913
528798042095239169
528923560472219649
537855318990942208
538852275293147137
529163340208410624
533423903956148224
532069993186611200
535837705188687873
534829295693467648
529249705117495297
535787139058106368
530492412163268608
535737035244732417
530355709377249281
530049745528819713
533761468324278273
529810627603070976
534299259575607296
531774661709672448
528549729060155392
529803499555405824
530365751816110081
528427379824549888
533539188583317505
531128760981266432
532289214512001024
534273017522954240
535417060705464320
529559668730105857
535382229284061184
533503385316495361
530852372264665088
528880426450817026
530095250552139776
530009096548671490
531661882172923904
530848219832410113
529221928658034688
533563101044412416
533439348839292928
530194218421993473
531872805387001856
529980775475986432
533507435441303553
533451191926013953
531869031855173633
538006412346281985
536467635001495553
531773219024277504
535956969195327488
531064017846935553
533532778088771585
533068814426992640
529049713803542529
537996770396352512
531778232958603264
529841584712716288
529573101906821120
532038300803280896
533530607083470848
532011937198915584
528833958008471552
530032277586051072
535459535411228675
531965294361595905
529925862377144321
530163954748649474
535702644103184385
528844410398588929
528579292054052865
531826166601367555
536123123507032064
533385629888180224
529973406763323393
534709605365186560
530175949048803330
528931873431764992
537183620994461696
535916550965186561
531865979236913152
535609058120970241
529572218234486784
529267400030445569
533749077897265152
533915855466156032
538271434343473152
531931712666615809
534004150724333568
528677772613672960
533493821938466816
530164995254796289
532650642209538049
530447298627915776
533369391480836096
537333799932399619
535649265536606208
537282253437403137
533524249437167616
537423542154170369
537300898977153024
535843670063206401
533676307306270721
528919824781824000
531614779027124224
529194181046972417
531026219303587840
531774079955517440
530158654515732480
536247868798279680
534183740478849024
533711138681552896
529204172387008512
534549550770716672
535378643892305920
530176055420542977
533478020678287361
532936756103245824
535816996458622976
537617707219550208
537053704604495872
532646428930478080
534203319728615425
532377496038043649
529719983568220160
529516730914070528
530414900380958721
532189121817501696
528796868126322688
529164585874362369
529145880205852674
530168293701599232
536935169316651009
529224875173371904
531690074946023425
533503314541805568
530034357751140352
529922370816180224
535764676567904256
532225082282614784
530473546833985537
529299232193118208
530413777976819712
529163704567201792
537262815405703169
528982284406251521
532846957736505344
537990817261322240
536419403844165633
536900271197413377
537696276000022528
533503520587005953
530679759555297280
538725175135444993
529781228820369408
530225029355565056
530214810084859904
536734569660428288
531212380923899904
538610952372252672
531860946457989120
530129662585081856
537645661080915969
530003310657290240
532697099695976449
532579567295557632
531062031558787073
537726137216929792
531872373751185409
529129045565636608
531769603345874944
532480599668162560
529439638025687041
535551955129880576
533583137608310784
534318826817863681
530414784957534208
536028824232685569
530472935975567360
536153931345178626
534306693513895936
535660423727833089
530103636433833985
536902355724148736
528923137015304193
534182941903962112
529474264911446016
531886167130914816
535842854606606336
533422557811056641
537193345001336833
529035627228979200
536368366383267840
533446331977564160
532617100569759744
530752949509967872
536918841956532225
536911858960449536
529216474120876032
529810790564761600
529191063467352065
533368019331063809
534186932843347969
533197952789925888
531888976605753347
532945040315023362
529591401257140226
535990448125259776
530737319272148992
534743255913857025
531772464968134656
538908131334438912
535292429679599616
535232141538238464
530415639203422208
530407603021815808
535332721774825472
529489789024997376
531883269198196737
533362048265375746
535957937848868864
531901411345190913
536960003408547840
529164752850022400
535880499051659265
528418965627109376
530619813904023552
529047933258170371
529204172483489793
537316783146139648
531777005579018240
530181787968741376
535033716129533952
534872598027722752
528847990530637825
529647444506599424
529938203395244032
529793626662912000
533531264163135489
536360190732697601
536929792600195072
530046549355954176
529201649299259392
537774302821904384
533065487144742912
533213426193928192
528588517921001472
534309633796894720
530507289506349056
535810585515270145
533531079676686337
538055400671969281
529810698235576320
537514117398265856
537653319335161857
530161768287305728
535904204842221569
532923588723343360
535828656141000704
534173840516341761
530506611065094144
534156241535533057
534182938342989825
533617353385574400
530169476000403456
529249699882991617
533392275049426945
531443438068449280
529168909228707840
532892736329101312
529277339247861761
533153131941871616
533481133162258433
533744424497729538
538909234440581120
529819227742425089
530741621214965760
533130094114381824
535585933433647104
535834908371873792
533747821350895616
533746934792482816
532008341627604992
537540064499085312
531460781263814656
533336391305142273
530456145845305344
530498963515146240
529453243362197504
531768677646204928
535795654077845504
528899225703436290
532441002406334465
533501336176689154
537911077095604226
529158719204896772
528899252991561728
537309473266614272
536964862090301440
535833195208798208
537715351983640577
529714164093423616
530055535609929728
535395546530582528
538049118669930496
529309530422009857
535985606862852097
535397469967110144
534733220852805632
530865660835151872
537223892549382144
529539187050311680
535837554508300288
528997375009107968
535962851710885888
528901746009964544
531931532605132800
528589775213981696
532113240453443584
528548646078672896
530447545546588161
532732478474452992
533472832005484545
537643412129067009
535946302555574272
535955396390031360
529539805382594560
530448753913004032
529224588756926464
529243533363142656
533900527566716929
530047218833948673
530412079568523264
534662897063170048
534916825864077312
529177430498758656
536875604445241344
532501731783884803
535741794471129088
533523851351949312
535068835972251648
531789609034731520
529729624084058112
532908710872367104
532209929541918720
529249558287482880
537299380471345152
535500881589207040
533530943181430785
531777930699866112
529961871571709952
532094804218638337
530600732073152513
537191498274832384
535182221402189824
537595189209346048
534425180974895104
535904594396590081
529695704865075201
534379243288166403
536645716605538305
529361165269598211
532422099449565185
533697691583524864
531490554946015232
533764646067388416
534744097580666880
534101883564982272
531519737591627777
535816342679846912
536361970908160000
533063069694722048
529490067081801729
535633965265084418
530751954310672384
529248764989423617
537191099312660481
532367738165927936
536503302121586689
534659834876923904
532523765633015808
537200615504748544
537857130275934209
535982533302030337
533216066072506368
537872952260579328
536874325346123776
530804421954142208
533366310323773440
531773465569673216
533427967289200640
536957638475403265
536601261026455552
537289983389093888
535191337134727168
529710511605424129
537352262167719936
531985630818217986
530044642273030144
534854047199928322
536358340628996097
530175042391252992
529458648020299776
529093490362179585
531774925837586433
534082185284710400
533728783405051904
529832998238453760
529799076271779841
538348291960733696
533839916422008833
529419980937236480
533550787037638656
536983168113729536
529158753548267520
535432639046365185
531914804798029826
533733319418990592
528565810298490880
529400930840887296
530017911558406144
535836384523976706
531870360162299907
536069533476597760
537269295689261056
534889651949936641
535000319982575616
533572829896118272
529161498250473472
530645065296019456
529805767776694272
537183414806667264
533107204379779072
533547493292662784
529823844370874368
532391192617828352
537263176795316224
531213059876868097
529268802966401024
536839984976637952
528906482981408769
532526436591341568
529276797087932416
537933558321778688
537635777438830592
537186246892994560
533748577239957505
530077139291619328
536900380118876160
536288500447199232
533870169915809792
533699249851355138
536831013197209600
533476527606743041
536802487236190208
531998823519125505
528910927542763521
531917977499615232
534448642766417920
530043724114718723
530955648914046976
538844520532963328
530462536760836096
530492090229481474
530386908728545280
531292546656665601
530760179718299649
534999029219082241
535669526428262400
533548830877556736
532712355524657152
531908952775069696
529307849831497728
528923270666813440
529442345172099072
532646622107164674
530009722141679617
531891061413933056
529166372593750016
529794864943075328
531166930535985152
530777179681218560
531883938810429440
528926752018804736
535570308283895808
530210538941186048
530035135589404674
536899925322498048
538258866287706112
532646237414371328
529798466923278337
529570465418080257
537213596732637184
537645911271571458
530202591779487747
533534544331157504
529403788319137792
531776331910901763
530023971966574592
532085243587461120
531905603212279808
528958264164106240
530413192120631296
531773964041740288
533123718759731200
535550020502577152
531856760680636417
528629095798947840
533385754261868546
532581344472489984
530762584820318209
538024505856507906
535859317564772354
528567364913496064
529303673646903296
533787552340127744
534184639741825026
531777777855242241
531883547737751552
532597472980652032
537916268104658944
531805022154395648
537274031800848386
533591696920309760
534726193786793984
536903846824804353
528848903068606464
533473567241814016
535781526534119425
532654970827718656
529577273897517057
530682010528788480
529267261668724736
537266329364234242
535184245107744768
533587329349603328
537915397413289984
537192321880956928
533505248585719809
532313105628291074
531598932808581121
532060399731216384
533706109618376704
531811727370113024
529377194921824258
528865082755645440
530093058734698496
537627697632280576
528934323152777217
534370485170343936
532437990576881664
534602532166062080
534998840974536704
538270959510511617
537640755754700800
530177715391823872
532875475140747264
534520560714522624
529487229878407168
533354361272152064
532654065943969792
538618444674248704
532697929761693696
535894172167712768
530865855803195392
535026955305754624
536155739929460736
532312846546108416
530415972763852800
533501260180123648
534299278538072064
537721629195776000
533511230556631040
531840706718236672
529304518140649472
536549822996549633
532561534372032512
531773721506099201
530092796058030081
538776097455095808
530463236530139136
536814940741722112
529224951077670912
531825030338842625
533362067244605440
537251939864834048
530114472547868672
534298775800410112
531975757900169216
529253001290985472
535391946379108354
537192119874883584
531913423114629120
537645794514702336
531773870068359168
535834318124228609
531774064918929408
531932874245566464
531790167627931648
538034895894085632
535795874278809600
529359030783721472
536683987222425600
532919142475894784
530139143972851712
528903918999592960
535795896601300992
529583992312303616
530410803745525760
528555441840611329
536550092439040000
531775966490918912
530465382579331072
530021640466608128
529540365993652224
538082882120867840
535834022467735553
535795263903125504
532414401446281216
529891352197472256
533390808779882497
536320028623523840
533591452774055936
530894448511967232
535658554217472000
536375659845545984
529513011946323968
534401724770177024
535846108921335808
531355188481638401
535839115694977024
531063320199970817
537884427863326720
534070676626223104
530755287519854593
535555702723731458
533815907827466240
533414607491436545
529177481673469952
532433839725895681
538589171984519168
537305083026083840
532972693533261824
530105935922864128
532875475056873472
536340223605870592
537926567721463808
537503838677499904
528555525643194368
537379053440073728
535834988370210816
534567391447883776
534300846188552192
533428876622725121
538499700404396034
529440976498995200
533334426797998080
530137154895101953
538595539734896640
537138185965273088
531988767561621508
529735852864589824
536277106066747392
538014421013233664
536901659071643649
533251010811408385
529597010190798848
530433211088650240
531876114164383745
530301507003240448
533114283824283648
535031525734383616
530818025445146625
531237351742111744
531951532947017729
534207119621246976
528936282811289600
534657513028071424
529379306066022400
531786633717497856
533223608537989120
537146740923957248
533746109047255040
536901894699245568
531277087962054656
538849927959674880
532571062777561088
529761263174184960
536899889096302592
529759606914826240
535770513059381248
531779666223185920
528922080105201665
529840044463235072
536047180076044288
535365988930162689
538852288656191489
535839595259498496
535581686457565184
537363797971709952
530166133576314880
531876259060776960
531970669186412544
532503281780527105
535359668223492096
529516075973885953
531774320796655617
530203112238092288
530164168872046592
536766785417015296
530695242086121472
533334711738068992
536388489785262080
531798407799898112
536419292959363072
530614782064619520
535668132061278208
533911206721896449
530543908586266624
528898692208529408
537926567654326273
536362025044045824
535838336947335168
537511706654552064
535833160752185344
529776128060186625
538290393767358465
536083668821762048
530394598146072576
529704782714642433
535770212390699008
538600584626974720
529461103357489152
530455575768100864
534659260014010368
531414877328248834
534657513111977984
533511511486894080
531769598631477249
535825355794178050
530093957112274944
528629411281899520
531900781931552768
531999104906567680
537908940039008256
530180472685338624
537637989904818176
535837281517842432
535953616255725568
530051838234468352
533502839197151232
532391531421110272
537407202135257088
528923682840645632
532212592077733888
535220440953020416
529830288420257792
533459534551863296
535833074592804864
537640296105148416
531900374311899136
531889047292358656
534945484138229761
538659122707968000
535835467279654913
529487515640954880
534796671298068481
537519969681285121
537933558330175488
531902957307326464
535465065647181824
536291499420692480
533808735978663936
537815194928283648
531857560505450496
537626879256436736
538349525052579840
538745581326172160
535878559366402048
529686191122034688
536935959406067712
534826590514184192
531274068243140610
529797648887205889
536551678410256384
534903811639611392
530865763566247937
528923256401969152
535609058120978432
531773652157489153
531816136040407041
531200250812563456
533333569326686209
535643490516885505
533850012552146944
538852300890988545
536465829865332738
531141767123722240
529486634463420416
538575089760223232
533121906329677824
536015296868270080
528926769550983169
536899882834198529
530596416217837568
537714273330692097
534411545384861696
532156740281044992
531852424911151104
531931492352413696
531772675606081537
528913207092461569
539131792037404672
536357611319595009
534934390506545152
535795035196116992
529252582729207808
537664370550267904
533506975053520898
537569703968145408
531775596506787841
533066583904882689
537838377731506176
531782827096821761
535709328242913280
535797855844184065
535658654888771585
529413870520000513
532020616488960000
533339862787952640
534999043194490880
531774183077072897
535858637454180352
533152250479525888
531785746227531777
535375694122188800
529507634924511232
533511804471627776
531450586713964544
531582249725362176
535841955524407296
528982245990612992
530031826354835456
535181963133739008
532503896401264640
530464216676073472
528718636504997888
534999377795108864
535840164229419009
532497528717979648
528906630671663104
533869893364375552
532087415910195200
536971071279603713
532006329687109632
537637885437292544
529811378610384896
532450073121394688
530003168403673088
533400185708494848
536485986071363584
530763538038812672
532385900651499520
531993108230455298
536126031518654465
534410035678674944
529530482665345024
529937960179757056
533371749614641152
535370648257044480
533747819794800641
530198441008168960
531809662593556480
535277083308875777
537524636259340288
532301253938642945
532972401017896961
538723486483488770
529957028291416064
533708282615975936
535408698672578561
535795346564456448
537926228255449089
530745543824523264
531773672399196161
535301270681034752
530453792253153280
536899816987848704
535603871335186432
533593401208217600
535284892217925633
533508981524688897
533531881791168512
535006334555394048
536360971221340160
530804422088339456
532006427208859648
529542536067842050
530399293413523456
537332324837654528
537641741680001024
536899919433699328
530679932507394048
537171886070054912
530223103335358464
535838412352548864
533403036602105857
529124402152353792
537527823251300354
536908227032924161
530838429115097088
537190961370386432
529347685174607872
533451054134726656
536821691952164864
533136340934606849
531903657290514432
533360215064715264
529600342451707904
529297083241869312
534414497801592832
533123578611253248
537283563209510912
529798627137302528
535953668646776832
537289277575421952
528660857363132416
532649110734897152
537116033619066880
533029887938818048
533521081630720000
529172636161830912
531773502253056000
537776377160663041
535765201891893248
529181606884294656
533493457780613120
531856489808670721
531937584704790528
531775725360009217
531597317615652865
535795351866052609
530154348647436289
529191592301576193
534998312039239681
537662319333883904
531965168842854400
530787221721604096
535880217022058497
529735909642891267
536942370332233729
529480904591568896
529851069212676096
534184639687319552
535795403183374336
536130027931586560
536831013104914432
533335600750133248
531056137496707072
535987898701475840
533608176995020801
535835068779212800
533290123702452224
533262048046882820
528984733875982336
530774860101070848
536817645220540416
533427931759267842
534799364041232384
529704584810610688
534309634061119488
537334686456897537
536966599434309632
537246198122680320
532902800901308417
532404595189088256
538746702488825856
535876754372427776
535278084019064833
539049625031036928
536832849312501761
531810172591566848
530599324745728000
536830765448040448
537263278100344832
530357944517681152
529800115263770624
530404863256326144
531847598772994048
537334681189232640
530515847865835520
532397385440169984
529950780099665920
536821633663520769
532739907152646145
528846594259423232
529445253120798720
536154698164609024
533345252892213248
536831013545316352
529991722097324033
535587837786075136
530865857061482497
534403739986051073
529684479506661376
535958433091305473
529636073689726976
530543756236587008
528910225533710337
532530541308805121
533146346455175168
531937575640911872
533491790150524928
529296564138029056
531123921362640897
535832910071615489
530072714095382528
532234523648733184
531776583645011970
533592403547279360
535834450819837952
536358319150362624
534813884859682816
528912844260380673
536956239155318784
538364359572226048
531889981166338048
537344889110142976
532520223371313155
533933757644828672
533473673940717569
528797744249319424
531083829143158784
535417333175439361
530447295079534594
537513796915716096
535001415534780416
536150108820090880
535911424883568640
529795679430782976
529414046626230272
537324880031932416
533299464245489664
537926478772858882
537234895266140160
528902508568399872
530418574784217088
530919500129263618
529205726237847552
530755449390637056
531062524515323904
530164928238198786
529202815135002624
533541794772828160
538850703197093888
530487107236954112
535842082842112000
533122368109957120
534899057919922178
529249676877246464
534299560781180928
528468863311417344
533900149765177344
533066467907231744
529878559599632384
529672728140603392
532699268453109762
529809150109159424
535641608926941185
535581133157568512
530072062841593858
533536234778288128
529712797924331520
533899143073120256
534301344434094080
532723745027522560
537908715723436032
532655501184475136
532709527615860736
535090191568883714
532954548134895616
532498208673370113
530042612787740673
536898095083057153
528821881378725889
528973316569444352
537644561615831040
530107647174127616
531903695357620224
534639139527065600
535090032886169600
528933935062208512
531775966394482688
536374886185586688
532497840526749696
531917071630606336
531774713689694208
535846282737516546
534995401397395456
531784011673128963
533781162833891329
529158549201358848
529460048687144960
530655791305744384
535027377525751808
533475550736556032
538777583244959745
533599202895736832
531981606442250240
533470547662077952
533398624915689472
531966526560423936
533509867512672256
532651107537797120
528723216333017088
535635600435453952
534439026087194624
536358342122557440
535577743514038272
530895015065976832
530014179366023169
532385966292353024
529763876082954240
534744283941978112
530485818583158785
530460958263869441
533117986643509248
531781281076764672
532386824530825217
535833559982809088
534713596400652289
531789705994444800
537172030861611008
532344218887663616
532497950245539841
535298276346851328
532417249592619008
537712799892254720
534711257387921408
528918849945886720
531778993905618944
532018284703408130
532504586787880960
530891462213636098
535006807669084160
530691290808066049
532387375578501120
530070345731293184
530382174185218048
537510084775931905
530070463762804736
537334472098975745
534633903584075776
537920100402475008
529795118123864064
533062069289889792
531786739602305024
534705402848755712
531777713682411521
535085302042198016
530850837556645888
531773660118257664
536830997128814593
532639595284799488
529160511393239041
536507350463422464
537331848486342656
533530212818886656
531903406584377344
533719226721525760
531499981786472450
536913788227031040
535785775078453248
532155749363769345
535609247787012097
530255514324987904
529812968977235968
532068689668235265
536986987350458369
535581513379631104
534183878064234497
536425214582591490
530062508833644544
531970547073441792
529627806649446400
535350065993248769
531971095625072640
536905549380849664
536382363648131072
531816128670998528
538757115171438592
535615858878337024
532767143046422528
537513718821974016
531116540079263744
535277261856182272
533425141573619712
530189085084614656
531890452484485121
533541393424453632
533106642746101761
533435374765637633
530635280773283840
538248202114584576
531971975455858688
531108769640751105
532972170092109824
531035302886789120
531774889036746752
532958817425043457
535850063508307968
537690772381130753
537591529486188544
529513778145419265
531775069194694657
535841822665625601
533124959359344641
532311011760807936
535931759687254016
535846727107227649
537587177748975618
528867566140145666
532043268801167361
535028858941362176
534566658702974976
532700145561763840
538852314849624066
536360347888656384
533049800821071873
530070585960042496
532399118132318208
529796905543282688
529178775284875264
530422366133039104
530233221259075585
536830100336312320
535156452038807552
534568656827469824
531769729607032832
533131004211236864
538029473086861312
531971186721161216
530529909329133568
528561185331757056
531850547934941184
538781420689174528
538703597937360896
532469123281063937
534226356838477824
535731104846585856
529573646742732800
529810353879007233
536902733329358850
536392596398940160
529570709530746880
533558836498415616
531033500607320065
530045398828580864
530444173112250368
537592659247112192
533082627272867841
535609094275878913
534393421067067393
529166751636787201
530053082894569472
530085615858356225
532396400680501248
532894077503946752
529546884063305728
531353797784645632
530447291313057792
533403479838973953
535811148130844673
533745753273815040
531690154637795329
530493778596200448
533547010096254977
529268950295928832
530460846066249728
535292570684121088
529832554157703169
535837055008649216
533548310229831681
533138730689630208
532385998903070720
535746294569254914
536898411065528320
529755520694251520
531769497750081536
532869159898447872
535833261243506688
529698559835123712
529059279827775488
532250854108454913
530036955271405568
532915798457995265
531856781794746368
531773010856796160
535730741577928707
529554670612537344
528377926983884801
534184269086613504
533364790257676289
531784276535037954
533450667759661056
535156451971698688
533052204706312192
528673543291039744
531784990862757888
530546963268124672
531904020281962496
530422394641334272
531814457828061186
536827793628463105
531002427692945409
529559673863548929
536899672489869312
536900722064105472
529648989012914176
531779486464106496
533131574964133889
529647766042345472
531141656662536192
535458722101739523
531847768802070528
529574125229326336
529182364577320960
531027200053891072
529221939542253569
537689531102003200
528903173709107201
535988660919734272
531128269156806656
536376995903717376
537520085124923393
537722043169378304
534383595633512450
535277391640150017
531400319578554368
535918627871289345
534714339392229377
531786576888475648
532883021649965056
531820527250186243
528351037527044096
531830948409905152
535807396203859968
536845989681070080
533194481051246592
531880591717711872
533375589097701376
530134995558744066
534477820026580993
534567983675236352
536181832761352192
531773955288215552
536862714686361600
531790152784297984
529496037606428672
528886362712584194
537527591247572992
529269960884097025
535632810225053696
533126794946154498
531270311916740608
534469927814823936
533561790760628224
528806023872933888
529164584712540160
532393492140417024
537146412635418624
534301663998124032
530453307484307458
530020166315548672
530747154663735296
535008654269751296
532313087626321920
530551296051650560
533064118862102528
533531944802213888
535987013078364160
537715360795881472
533775649777795072
535621557171671041
529654281688055808
532261155503624194
530060515239002112
538213362073477120
535988451275853824
536984274076192768
530224312888737792
528900563220852736
532045818522382336
530220516993273857
530166137208590339
537245885759901696
533503536516968448
535972392309628929
536239858994266112
529031113998872576
532581344556359680
536357275716571136
529259947134291968
530363567774916608
530345346002866176
528899120376086528
530640800506736640
535958863216799745
532396400571461632
535779378316464128
531769400446443521
531212623962857472
530413369413865473
535833630598111232
530363964572438529
532536624950046721
537165864492335104
538092473705177088
537257011558486016
533362006171353089
529508876786618368
538941365061550081
537634551154352128
532397563761414144
535813039313154048
533140225078210560
538713556154204160
534691034509635584
530861994824720384
529821214450397184
530240246282063872
531946797246058497
535638115017175040
528565719794212865
531908024869212160
534299749063475200
532098429309452288
529683060443185153
533758197853483008
529267424395542529
531776162972725248
530980142458626048
528900899209764864
528958454892101632
533526471449395200
532549985561501697
531062299167948801
537501225047322624
530156892383748098
530681776084373504
537504123978280960
537183834039910400
533050528973205505
535645302829486080
537732836573188098
537997932805378049
530686976652238849
533064624791633920
538830565512720386
529699658436980736
529602218370936833
537963972625199104
529549344916000768
528901359148728320
531597115244285952
530080692122578944
529200367938961408
529167676665774082
535277242616516608
528926902636273664
530853484237967360
536142796743114752
531896250568683520
532650347740024832
533533375026302976
532407916523827200
531834063900778496
538600084275871744
529710040517971968
533335803863519233
533596740843491328
530547051302367232
530046486231257088
534469899713015809
529262502178091009
535987519590920192
536459329558179841
532497848420401152
531872206389649408
530734141147340801
535577218739470337
530602079107432448
536543084650049537
530510147781947393
535991740486791169
532743677894864896
532926477294379008
533832566776664065
530368731378376704
530064469917851648
529280736998993920
530514627483160576
528872691613196288
533333659944640513
534661467531145216
536376125618786304
529246987573792769
536904126576459776
530398524756602881
537904855965499392
529807073593151488
535799103461261313
530473100958523392
530376946329219074
537644752456646656
531774371241537536
529041031447461888
535698327526842368
534691088620335104
531794793240608769
536266513884266496
537754076985847808
535118845359316993
533530586518786048
533368460848271362
535099360711688192
528873926223360000
533068698219597824
531779856959156224
530043773992984576
530454018334932993
530059291311751168
530891748328091648
536179430461153280
535833808319569920
531855798406627328
529467054353842176
532131538159546368
535609602805886976
530373000147640321
529262085289439232
537315072792854528
537910140360335360
529037293362098176
529539402293600256
534761365635072000
537591906889629696
534550205866446848
533429572901941249
536900446057943040
530686740504530944
529282931018039296
530671123152007168
537926228309979136
532710706601140224
530753344546279424
531624384327217153
530050604240871424
530316318570840064
531914286541856769
539115997807276033
536899732442841089
529356631109566464
531782612806037504
532055380428591104
532502963567079425
532087454526763008
532973436859985920
529797517966209026
531778378181795842
531796360652005376
532012380696633345
537196545859256320
536364919550406656
533768458832719874
529273349193494529
533590415782338560
530062569201864705
532986042631323648
533440196482564096
532377591051591681
531947013651169282
532654680577695744
538107867157778433
538295129891942401
529968760636317696
532518529804034048
535011786286567425
533363594218332160
531495668981174272
535277842716975104
538993709757370368
530166336526102530
535835587107102721
529120114294403072
529478176787804163
528944895633801216
535847327840632832
531785339266805762
535559851623985152
538166875083898880
533364429887647744
530322709243129856
533555553864151041
532278501005864961
533465240768618496
534439846270345217
531778467864403969
535497278967279616
531907842471501825
538895570752913408
537031648110718976
531773596033486848
531888135844556801
529446861929996288
531776327892733952
528912212807925760
534568777103331328
529185542169034752
533548112103866368
529823821088296960
533724618930941952
537280801348403202
529209521064148995
530547650903277568
529419538098442240
537725501255602178
529249872357384192
537700857090170880
529149954364035073
535062509196427264
531975302482640896
534140150742134784
531388000899309568
533335848054702080
528925273212088320
532201173445378049
536396812676915202
529398908913713152
531404041201274880
533764450512150528
535855924234448896
530752614267232259
531891678743777280
531970934396047360
530893470211112960
533827287226269696
530366951366094848
536143570827112449
529601814157484032
533100742685384705
533817113589190656
529284425675472896
532147648296652800
529810241266130944
538942916274946048
533506940886712320
535122056887943168
533750112552361984
532493951937159168
533549683071668224
536474659546353664
528660902980358144
532259925368799232
529515946860630016
531769315767648256
529768700849565697
537198934650023936
534434602824499200
533063190234419201
533378906922156032
529834483923841024
529264022588514305
531902448848617472
531949288277151745
533289052016242688
528929231888449536
531240985385123840
530198114414518272
532491636648194048
533779274642104320
538950816796016640
531198747519090688
533778244172910592
533371418680229891
535455229953986560
529177431090163714
530619233689145344
532404246751100928
537932171672289280
528908646332514304
532380079297265664
530641482797965312
536827793712349184
529073049321340928
533508712728510465
536830915407020032
531881557242302465
533420910540513280
529265966962589696
530854944060887040
531041767429533696
529732187219034112
529368433826476032
533334738090885121
528901023352774656
534821581306880001
531198027625955329
528948603008864256
536462532949458944
531882799524229120
530151697960546304
532694028995657728
529420993521930240
535906323607871488
535009266797527040
539134792156340224
532190247447457792
535101169497309184
533065764446564352
533403090998013952
531773750887211008
536853996401864704
530057373122314242
532676794994786306
536825568000765954
534084423314984960
535956212802932736
530711764271636480
536570886740918272
532250249172385793
533548622592237568
533027537568288768
530667808095764480
528662500481314816
530850247925567488
529570372086411264
536427762882326528
537908209051533312
530439287247228928
529871677207769088
531781804462600194
534187319255764992
535986185420558336
532365323169562626
534567216461512705
534501668230938624
537521735541993472
529163340757872641
536617412502646784
530445505365409792
529601337022246912
532672820569206784
535747116904103936
530085855290195968
532403727131357184
534637362542673921
536459982334464001
535297693635989504
533069233815834624
533531216515854336
538295129929691137
535624563174825985
528901794026754048
528964769987198977
533417191778287617
530865835523719168
535990542971453440
538258234080247808
536935622683131904
530046068248289280
533532613885976576
535923699220635648
530012042267471872
536550985616076800
529345740704083968
534082395645820929
536028544774590464
535960766751313921
529797092412116992
530434135748517888
534778837964697600
533261292115865600
530462176612741120
529248767870898176
531775502978002944
537197757769850881
534361957844140032
538037635051425792
532386073746604032
535870245773508608
535835600377872384
538120495560802304
534509074998886400
531689805898211330
536885952724365312
537749720597557248
528923158124838912
529248763034861570
532160573627052032
533596701559652352
533279174656393218
530452184409055233
529271835129810944
528920918970875905
536373368040464384
530086309390716928
530085896084013056
537190585380372480
531768986879684608
529907134373572608
535808928178003968
537712484132462594
529163927016325121
530363664885223425
538107235537530881
529197149464952832
530177757833994240
529275502674972673
528784837440593920
535848956484657152
533394724951175168
535767877203525632
535832739854176256
529508487521648640
531529267256250368
530072951987904513
530485867333566464
535661117452742656
531906195461013504
533481286115938304
537044967940964353
529559644659007488
536276995215458305
536370294047268864
531902718848557056
530318187184005121
531786606827810817
534631122760925185
538726624212967424
533548200980783104
533369661468196864
532650418120044545
534431242155229184
533428109048303617
530399440948195328
531918021825024000
533555173822853120
537155628771209216
534708237355192321
531854793824673792
531129204520534017
530753207568695296
536862403913592832
533439358683328513
530506226329989123
534999246655995906
536481100697067521
531781524564086785
537308562444529665
529440469277630464
530414225038901248
532126479296266240
537548386644557824
535609583885361152
532412367225618432
530093565113028609
534403300805079040
530102963717799937
