90117227554160640
93314764230496256
91967110208688129
90588933137772544
97440802871054337
94017341758771200
96259230453071872
90496640955322368
90768739557056512
89047723726225408
93148896666206208
88625519087722497
96775969578291200
87972864342495232
96582255249596416
90666432135827456
88971333970558976
87499383855251456
94437735074512898
88700177925419009
90306341326946304
96233964053868544
96462115442929664
96627865243754496
90536881128882178
90589651814989824
97032900716937216
88249923748888576
88998093097402368
87800510584852480
86626419676946432
89181511043129344
88252822264623107
94921944801091584
88670269291503616
93779905170513921
92719495742898176
90484674585042944
90405768423153664
92368672810745857
88601835178438656
96689824370663424
96576084933484544
94017524919836672
96701868583026688
89496538333708288
91613046711136256
90305984886603776
90484676350844929
91038795440472064
96936599459332096
86607985991876608
87501475395284992
94444178586607616
90484674362740736
96730996065579008
96578256073011200
89410370850127872
90141130666164224
90397981462888448
90360773913739264
91521730216079361
90591583149363200
91065766513868800
87492742288125952
90514179605266433
89100647198236672
93219723117985792
88755786423087104
97100986056843264
89967996134637568
90887138039697408
88996546263269376
88781893734117377
88983032362573824
96576160175095808
95610058053918720
90764971855716353
88850613508648960
96574041841876994
88271924056178688
93213654954151936
95458425479241729
89528250967130112
96587975848230912
88272279846395905
88251713911402496
89310672541843456
93610129257275393
96693677371555840
89063859188539392
90492340497686528
87937296116092929
88739952933863424
96644807400751105
94329398601326592
90649543875629057
90513364396158977
90760721486458880
90520481748369408
88796404352421888
93822827257532416
88333133577076736
93911358655037442
87264676324454400
88629118891069440
88956533936893952
88881142501089280
90393192809238528
88331142868119552
90673356772360192
88936227587375105
96592882303123456
94077288987107329
96573795111936002
90503978672070656
88019948798087168
96518448842153984
89043862840029185
96276695392321536
93512994172047361
88090872423530496
88246785948139520
90485457716117504
95884650244874240
88260595773739008
87501081118121984
87617820111814656
90009805430857729
87502788690583552
88693899303981056
91511653602041856
87499383423238144
88790096161153025
94373309097054208
96603326573051905
87551941722382336
92612572787916800
96694275487711232
90605646386434048
89393579079905281
87212545328414720
96474539835408384
87264678534852608
91972977071104002
96518174719229952
96436633611669504
87548617048588288
96576153590054912
91405757358145536
88502601599033344
96825926108717056
96602082731245568
90484325249851392
94920776322527232
93052802204573697
87322320741474304
90489839354511360
89116114604404736
96553590553976832
88245853822787584
96609383798153217
90501001911599104
96203196837527552
95934163139571713
88332294544297984
95237705448964097
90481852942516226
90327567046934528
88259542319767553
89166400987463681
96512106010116096
88351451922960384
96759992920711168
88936009110269952
90496682411819008
88250227164839938
93228414248566784
89885093308542976
90927204346761216
89665523343831040
96695493219975168
96691407858831360
96923578632634368
96575932751556611
91866769882480641
96447986627919872
88905990396846081
96691668010541056
90926829954809856
90292038360240129
91519892137836544
93437074216198145
90489595367653377
96575969334263808
91283543921143808
96636526997413889
89136565422534657
96690479164428288
90672503806107648
96592367695572993
90649119202344960
91583932289662976
88387345019183104
92567290578612224
96578487057518593
88328631134334976
93690231026483200
89107467606302720
90503293402492928
88570315952758784
87512131687292928
92974065605804032
90385495653228544
96636433187610626
87683136179281922
87962473436688384
96303384163909632
87589939843313664
94148095893442560
94044002126540800
92414534748352512
93784403230212096
93933803478847488
87540158777409537
90672307768532992
86986622628933632
95942904144605184
90484676535394304
87865462523822080
90504086511824896
88582991437234176
86850649421131776
95489352766992384
90506183164702720
88249986298556417
87561003876880385
90501824565616640
88847779958489088
95199188618457088
87918180198137857
93706577214849024
90942036546551808
90518843130265601
93908289129168896
90498610810195968
90591853220601856
90605893737123840
88327741472129024
95908202058747904
96719623352881153
88250255681925120
90516929822998529
91453896773484544
90591386931445760
91189603209457666
90484675985948672
88848017880391680
90484676485054464
95227719951990786
91630835337408512
96702832354402304
96512047377948672
86745135353823233
90095554473893888
89589387540701184
93350191394062338
87928323665166336
90507216267915265
90591836107837440
90397632463249408
90389795775320064
96520384282759168
93052802603028480
91307684468498432
90293332818923520
92990046990381057
95195522712862720
88514043949748224
96547503448657920
88607985915539456
88022154842603520
95545064926879744
92728586489962496
91941566222041089
90519097753862144
95599218923814912
88782326942793728
89279057753149440
88894901512712192
87491121411919872
95471684118790144
86845731545169921
96382034963988480
88625835262750720
90484676581523456
87915595688972288
88250424976617472
96575764249575424
96661213810933760
94272676805353473
89384584420139008
91000434487070720
88248705592991744
88739956574527488
88942530263130112
88596523922882560
88938413797019648
88247070825254913
90558987682062337
96526329490587648
90649293123362816
88555830236037120
90202089606746113
89816107732578304
90484265703309312
96626048195768320
96540765563535360
87548616914386944
87508096871698432
88246516350853120
96580452965556226
89970134596329472
88600065299582976
91860269902475264
96915360623755266
95610203734675456
88792532863025154
90808726562414592
90789122641379328
90484674144632832
87569749642461185
91584479122038784
88087405210501121
89540284706328576
90495212291497984
96903755143987200
91005193348591616
96565633600335872
96572086780313603
96602230869852160
90505668611670016
94322344381792256
90611286492196864
96552831946997761
87492900811841536
92885620833255424
91503990503768064
95226372275970048
97229682751188992
87348366165549058
96575160626319360
93921676974243840
90484673305784320
96629439189884928
96547200028520448
96703505984798720
95246038176251904
90488943509901312
87501145341304832
89305798072733696
91630835349995520
95599464995225601
91935581826842624
94970569115701249
90753552733061120
88335367861829632
90753552699506690
90520171223064576
90511621453119488
90484675256127488
90712392048181248
95664900461961217
90476272156815360
87423128682250240
88626038195765249
90482579463090176
90502004916490240
96632808759500800
93746272967729152
88365353268289536
96517558370451457
93998484184768512
96638238894206976
96665812735238144
90649113867198464
96703564243668992
89528249356521472
89067239147454464
90665693401456640
90492342804553728
93935058884362240
87499985268121600
88656289592393728
94349742993195008
90711766455169025
94325823099768832
88591589747855360
88328170457145344
96494667583078401
90272941719298048
90508343164157952
87251880450867201
90453185243791361
90646078898188288
94204504261664768
93928368310984704
87318726139068416
88942887492005888
91533406520885249
95599462436700160
90631290126221312
93712811548614656
94450389050605568
96853263936270337
93590215796600832
91948593568681984
91670799420899328
87919100499738625
90705992249122816
94040636440842240
96684711748976640
88633990482898944
87541808640430081
88234054511636480
94125713002725376
90394038049570816
93040098895069184
88971885483794432
97780343125458944
87950812835356672
87501081290088448
93607285863100416
96636214131687424
96215640813211648
88998883157479425
87556236941344768
90959571190951936
96835914638176256
96580228029231105
96694641759490048
89209189179719680
87985203208929280
88253103614341120
88802727789998080
91584286129520641
93045174430736387
87589939293859840
90394528825098240
96981843194298368
92990965463269376
90148175138131968
94017321403809793
93463420451565568
89726082344943616
89078334851526656
96886383985164288
96807545263497216
88814539465953282
88981173572878336
90766688051658753
89076310835597312
87587751779770368
90649113770733568
90999451484827648
96614696966299648
88267406371340288
96578487296602113
96666718956564480
96188011427012609
90482372440625155
89090697050861568
90484673683267584
91605578341810176
87251336315420672
93807018036568065
87497692565090304
96517734845784064
90538961700786177
88703786993979393
93999963759067136
87501475047161856
90952346598785024
90400284261629952
94372612536418304
91453896375017472
86605292774768643
91935599870754817
87501475114270720
87502188590542848
88781305529110528
97693122364047360
89294500920434688
88625826375024641
95638910809550848
91609288698634240
91216657074237440
90873221548748800
90497628218998786
94887438324994048
88669721502822400
96545464874307584
89473120708198400
93668867263578112
96214491418726400
90497608589647872
87998557268881409
97592545986621440
87661898455187457
90663546072993792
91349371085524993
92360768418353152
88250802262654976
90634743728713728
87499383880429568
95462177124777984
96519797570928640
87492742128746498
92731542664777728
89528254834290689
88998778794815488
88761887302500352
89498340051517440
92184477270417408
88936524858671104
94965096484315137
88267399354253313
90689055490183169
89086260680994816
96691857257545728
94723143515635712
95177321371271168
93145140968947712
94329276387704832
87499384748642304
90492338522165248
90199935470940161
96701850211987456
93999037010804738
94719509990080512
93478746090254336
93926736424738816
88976232590479360
87558881080905728
91513369701523456
94066552684556288
90392935446749184
96775956991180801
91102809935724544
96626103170510849
90803245374636032
90521277378465792
93511677571637248
90598727055704064
90395201520152576
92963490586824704
91519891194118144
93099036755759104
87943991504543744
91209087173398528
90737018992214016
87497374469066752
87262833536016384
88809352231792642
88885414349381632
88303838557241344
96688224155611137
86861185563111424
96692371445661696
88251242828152833
93192863709528064
90523385850896384
90489329817886720
96915615490637824
94011027095683072
96688678553923584
89194433542758401
89043130111885312
96517213267300352
96565755977535488
96701524478148608
89042394401603584
88943987804741632
90951558551969792
93521080957939712
96914896247197696
93787518218158080
88201343508033536
87294848679419904
93221759800709120
90405924832935936
90359182234107904
90545092351377408
94445328325033985
96919868598788097
90390175489859584
88936628034342912
90484673733603329
96430850614374400
96232244603138048
87532674129989632
88327875488514048
90395314623754240
88971047881285632
90394507023093760
88966949450682368
87500231377305600
88297910831284224
96787801575665665
92623427076239360
96694279115767808
95223102488842240
87508172583092224
87588928663728128
90977359083225088
86940176554803200
88190245258010624
96541252559970304
87495661272039424
96731906099511296
96540421810946048
94049291055792130
97227246288371712
87589939902021632
94270882654060544
87858352863977472
90489512635015168
87917820171653120
96871656672342016
93708011691982848
92167284877049856
97159569993773056
91063451056750592
87917786021634048
91457903424307200
87501081201999872
91630835232550912
89072089444777985
96370810058584064
89383985557405696
94722772294578176
96575700953337858
88571010265260032
93999187661824001
96212679068356608
96691711073456128
88938772422594560
88998901964742656
96583203032285185
97161646077779968
90650770768277504
87548617015050240
90931173672484864
91958812172484608
87589936252981248
91864759837798400
91279287356895232
87915791990796288
92384822399479808
90484676359225344
90394516653219841
95900003305922561
96377529807544320
