3212680613
3198049780
3414106829
3357662594
3661868333
3393322667
3361739821
3136887084
3244947247
3523177868
3360299297
3208293880
3122843249
3317212430
3456066296
3077443202
3599742937
3541137118
3244617301
3507873244
3187399972
3265059194
3385024237
3363319215
3218276510
3244592063
3117680913
3410751586
3362043684
3460915620
3356100926
3116935170
3355829039
3267966806
3362395536
3362032562
3163850566
3208207657
3158690167
3315022674
3230635384
3428076180
3241351867
3185606272
3198052197
3364071792
3132769543
3373803043
3234216643
3409097418
3405391136
3192025746
3402944992
3506717127
3137690313
3201259800
3471371499
3227459069
3652767489
3507460594
3388871889
3363966955
3374961690
3115324541
3312468635
3208285095
3198373526
3157111018
3229379374
3367562317
3062800260
3132770467
3361607336
3267219860
3377962432
3389715766
3131528090
3405268958
3145770513
3391479169
3228342080
3266955620
3125104363
3245170112
3506114989
3355864918
3131004221
3380203099
3124431099
3423562822
3385057514
3361558146
3227548573
3405328434
3586654765
3668261559
3453823521
3364404209
3317212414
3184685554
3285493659
3405328455
3360203511
3356220612
3301351010
3078710470
3390612563
3458263147
3500908196
3297406897
3507294907
3174513410
3307387686
3133838601
3357303287
3113172783
3094854066
3109769605
3230792934
3516769715
3138093500
3204547540
3247456366
3443031436
3416514651
3448715194
3361295506
3180208943
3390287726
3619407134
3363966927
3380175962
3366592219
3230708500
3225334165
3182178341
3198038934
3380744680
3523109616
3393551968
3123289418
3357271762
3200660015
3410644229
3242003451
3127206803
3361513409
3356603620
3123234456
3359644080
3455491074
3318401251
3614650075
3393527976
3198205084
3125616054
3363910184
3360734902
3646611610
3099811421
3200627642
3206708458
3368396168
3363174328
3471317982
3126469457
3125345882
3471333959
3355934012
3383344896
3228103947
3285682055
3131091094
3134172234
3131047350
3442396949
3470471105
3362166083
3198049857
3367668924
3356978245
3367297668
3360281126
3610977159
3355980440
3645867307
3387801355
3397051793
3441823849
3266453608
3500320901
3101435661
3237858043
3646811513
3442544707
3370231865
3361950980
3064710690
3507391238
3582611443
3570971016
3357068030
3408057013
3357230216
3363582108
3119981588
3232518482
3213112685
3251828876
3453679536
3145635993
3159636331
3356212045
3317212429
3381589478
3126657859
3361841995
3215746211
3552650616
3553133657
3361543131
3267188160
3408046260
3543444894
3384997812
3229877440
3380145701
3362639846
3336218342
3368445146
3261496752
3364692246
3362621646
3361745864
3646830330
3355792139
3131100786
3198052115
3423348272
3582291191
3441791034
3402537079
3125269056
3538929801
3362029867
