185079199638372353
180297248767344640
182842372655288322
176866834295951360
179583914510254080
185002887179546624
177796414343094272
177495319662182403
176112827117998081
179594547700051969
179917378837151746
177732026542211072
179490441018875904
179445564092592128
180340354137067520
180329526147035136
179480658207453184
184372571356139521
181648976418832384
175210330341916673
179551923593154561
185538673788465152
182844642629386240
175975927698825216
180583336044019714
179491384200396800
179600569831407617
184838604231680000
179680748759031810
179559206003806209
180019879313817600
179499280363552768
179411105431552000
179469766132633600
177704549329543168
180305015762714624
179484993280688129
184867826744565760
180610932928544768
179488794058297344
179563999539634176
182187481712701440
182281629178413058
177706771513741313
179879210117111809
185149248919179264
177627445258756096
184405874033430528
177108056176459776
185376136191164417
183877311043600384
184221696402800640
179844136734691329
175555385531445248
179410607890636800
177817357698334721
177703872100446208
179409790890549248
180757450239119360
186086882055176193
184372002059071488
179678471793016832
186162787133829121
175697186712068097
179442363909947392
180593704497717249
179409411486384129
179511528989532160
181930744887771138
179664477917167617
179565033611730944
179543384946520064
176006592678985729
179548137583685633
179618379278204929
177957418725154816
184614313271623680
180035630552723456
182413968785149952
179723665351516160
179558505752178688
180162017104109569
178391502836346880
179560143103590400
184162373748269057
177338473328558081
181720615139545088
177259696607068161
176846523471114243
176156555237011458
179863999586910208
179931941842329600
179486588613566464
176851724848480256
179725274810822657
180457131953238017
180674813168332800
179599574636314625
184377126550650881
184384629543927810
179473622778396673
176707843364368384
180675752910536704
180200857357389824
179703517315997696
181910948406239234
179654933740662786
178345070469193728
177654907090903042
179739518071607296
180300115192446976
179704928795754496
176628955116347392
179551397027655680
184127886620495872
179655725998551040
179415115915984896
179820842551754752
180686314721640448
179631492304089088
176749434212847616
177885910518595585
179588191769198592
177615891264053248
179484178050596864
176977243707412481
179687337029148672
182087919769632768
185767077834006529
182170921388343296
180129812092948481
177453182526566400
179486190284709888
176102438988824576
179545150085791745
179588484212854784
180559394797391873
177845916701700096
179704714970148865
179592877607890945
176896855479828480
179524412419219456
179528858637307904
177948886676148225
180262262425124867
178136660364636160
179888424159948800
178469243334033408
179160168473444353
180217500062068737
180285147520839680
184297307116806144
176384850184507392
179643538999480320
182038296212418560
178093353102082049
179876244366696449
185903656795770880
179588867425439745
177987332035715072
177434810522943489
176971450203385856
180298562628878336
180041483406159872
179534479415717888
175844727655108608
180347938936061953
179487721948057600
180134696632598528
179544308251246593
177766255493783553
176690838989058049
184454721216585728
181794900478660611
181685445715955712
179546051135541249
178220630607527936
177364991853342720
185685553889550336
185706999529472000
180324378339319809
179508447509880832
177427096505819136
179522841589456896
175567546328682496
175651093248872448
179750787084320768
182414149001818112
179882950106677248
181794900663209984
178157267923894272
179554885631614976
180563606629384192
176091975123087362
177255390495514624
184411055055831040
181794976370409472
179597154522890241
179499473611915264
179829960612126720
181765823868833794
178237302529732608
178121416737169409
177274329195741184
179624792943632384
177694463429320704
175612965700108288
178220359919742976
181328898758422528
186086393032884224
177017403815903233
181300601676759041
181944530793271298
180129518315503616
177508010476838913
175578061482377218
179559374107324416
179493960086061057
179567726812069889
179570282430857216
182309842281701376
179840602916130816
181441542270091264
184254763309875200
179596824942886912
179459377630154752
176971556411543552
179899855047622657
180305684276056066
179580366493986818
179161344615002112
184620003826466817
185789731936796672
180192619954044928
179544142404255744
179180629244645376
180749668261695488
182454041756962816
179719994735738880
184823789207556096
182779694494654464
181600111460229120
180343908566441985
184599789885853697
179620385363460097
180464076097466369
179932908818141184
179566778039545856
179503434771341313
182096393140310017
176971566343655424
182871922479087616
178445769819422720
184968647004012544
179560804583096320
184287828241416192
179638385957277696
177910364292395008
177561051599077376
176857819176374273
179393871258722304
184615546879356928
177091823800557568
184264521374900224
180744151904690176
179739255260712960
179559105692827648
179002532893433856
179502773610618880
178003956214153216
184968813475921921
181548609832103936
181118576390963201
175645715882721280
182073567993802752
179977475336577025
179547527668965377
179888289766047744
179542089976135680
181759477219987456
180390665895677953
179920155319611393
178170405125767170
179738116926603264
176841800533807104
179563137501106176
176988546362654721
179759793819500546
179160649014853633
178392810796494849
179555188506505217
175223461344583682
178209620060418049
179169544848408576
180567868495237120
183264758647107586
177635792137629696
183012702606725120
182124080177225728
181794902127034368
179553955691495425
181830795319721985
178610846400913409
179582740138692608
179557774575939584
179555052015452161
177430555221172224
179495371930742784
179614816833515520
180403353140998145
184240556749242368
179489895771942913
179683933221425153
179891151300595712
179211396108656643
179269210000728064
182982479802667008
184271379741417473
177155791902621696
177111755766497280
184755816732176384
182767106746630144
179410628912480256
175724912491757568
179564020456624129
179415153845080064
184222620475076608
179544851606552576
177902787588407296
177132623536197632
179632557632143360
179395498518650881
179550615469436931
175614396666617856
177143853344759809
179889696690798592
180298102832508930
179663067892809728
180330293729824771
181725404120367105
179489336230813698
179409654097522688
179575134296870913
182264136204427264
184226302881050625
179160103637876737
179456410092978176
178996870276845569
176838700725043200
186197075933929472
182839240156119040
179702705399402496
179546360335446016
179522840087904257
177351735445164033
177097421879394304
181310881928454144
179913498866892800
179521282839293952
175781408692899841
182456676866207746
179527199660048387
181794900675805184
179719390181335040
178966925370601472
179743307969204225
182152539922374656
179737419766169600
178812096010657792
183566362667528193
179416997954727936
177724215028482048
178125858270228482
180426251058688000
179497648313737216
179480714742476800
176092043276328960
184377277348450304
185622796364292096
179492242497601537
179947021174702081
175044240693395457
180447834678628353
181311976176234496
179535741876047872
176971566201057280
182167155134046208
179789953516056577
179582420432068609
183230247888621568
180045885743443969
185654238423171073
179858104190644226
179547730782339072
177666426532929536
179268634919706625
179744675782074368
179484178243530752
175606028757516290
182281803283968001
177010504814956544
180553271428132865
179605294651932673
179502558027579392
176427875644354562
183292655445344259
180257044849377281
179549669133778944
176840866550382592
182897829746982913
176839350447910912
178756000302641152
182054020985262080
180219982230204416
179555141777752064
179577239426433024
176086633588850688
184000558938603521
179539022023114752
179534482481741824
179721918486818816
184373361416208385
179834951880028160
179617944911888384
180450369636278274
180266560106139648
179675289062875139
177156347870195712
184521504321576960
181769027918643202
180530671385706496
180407696829325313
179639081389666304
180048182422675456
177758461717774338
179788881812668417
178236686394859521
180266973651927040
185777659979120640
179522895272349697
179616628768653313
180344849353031681
182737342564536320
178431064522498048
177091270764789760
175554865089609728
176090649530089472
179950085306720256
179505763876737024
176942069372301314
176334454212669440
175612726452830208
179160004954296321
179160462766768128
179816643680153600
179020141881868288
177542963545653248
179398161809408000
180402318351667200
175562367659282434
179613058094731264
186156628939255809
181547203037368321
180017788755251201
180619091810336768
179880546833412096
182861921995866112
175695437938962432
179572018075795456
179058404629823489
176627870247043073
186121132196364288
179957707174981632
184686208071385088
181759848915025920
179879069771509760
179821422749814784
185621058978721792
179621424837832704
179566641431052288
179554669511712769
179575702906081280
179915203276840960
179950553537843200
177107791415214080
181574525887066112
181110781688020992
179695744914173953
183146270070816769
185081139025813504
180266553244270592
183961019138318336
179940279296606209
184519900264542208
177789696317992960
184234442280271872
180677591777288193
179517144512479234
177657616649027586
179748728331182080
179673670791348224
179078052859494400
179574437010620416
179590796574588928
181793819531018240
179616015284584450
177361814546432000
179713378057588737
177731641635115008
180689674770194432
175839529272475649
177508574350680064
180062302651953152
180043706890588162
182165160918646785
180039835136954368
179913546228969472
179582213787103232
181794899660775424
179575974873145344
184602435594092544
184233212472590336
178084188325560322
177969786481938432
179486106264412160
179160438687277056
177017402222059521
179588238346948609
180374138068807682
181793819556200449
176651030157721600
179579072345677826
178046649237643264
179410946752647168
179615166567170048
175555391478960130
175065176582787073
178248778657173504
177525085874307073
176971566209437696
181432964935192576
179499280074162177
177597511735844864
185009924412157954
179554485549547520
184601600084545538
177200670133334016
179594295563649025
179624159536611329
179565028263993345
179410996857806850
179625509351718912
177151851945410560
176111127615377409
182889935660003328
177394662540181504
177859081812451328
180353216846897154
177729943730528257
184264222765629443
179908589379522561
179570240869507072
179510963899351040
179576771115614210
184614592796823552
179739372281790465
179595278452654080
179003329781825538
176497242541268994
177274328252022785
184273209082916864
175920520951377920
179345167344607232
176455997035003904
181348879994855425
179456820526579712
179865552502784000
177517330035781634
177250329983856642
184298165913128960
179755108278603777
175643338500870144
179511675907620864
179444634202812417
179419054451335168
183950135355654144
179412161985118209
183989886410440706
179213243968004096
179079454239367169
182096388790829056
178190236269035520
183241938043023360
183180237666914305
182328241346973696
179593377023660032
179479318785818624
179455124475879424
181794900700962816
181964110114725888
182733016089628672
180074466548776961
179562261906599936
179543072621858816
176911900695740417
177720512057835520
176956731576950784
178095850772377600
179612549686366208
180307741183705089
183908637415190528
177962058816557056
175830959533457410
177411064806391810
177395880306016256
179617667282518016
182033305913409536
177837682054021121
176701088462929920
183912031261437952
181772474462109696
179998423561420800
179707675548975105
179585860826710016
179694957270024192
177645654888292352
179566082942705664
179844539559854080
178026016227332097
182277734368673792
185447828401831936
179607047791329281
179492016546250752
185816442074177536
180040271118086144
179935925021843458
179589243872620544
179564750777221121
182282157656518657
179936336587927554
177493491939676160
179807641537753088
179563998377803776
179609761908658176
177719508771942400
180127794787926018
178088823740309504
184025372352987136
181747890509725696
182519191121829888
179664109397229568
179412639712149504
179544184712212480
179160190799720448
181813802449371136
184602985836457985
179732947555983360
184458326279593985
177248884760920065
179599050616745985
180328421749047296
182079957592313856
180258945909260288
186086127688617985
179160207870529537
179411367219040257
178040480070770688
182588783160598529
184372489688846337
179799828627324930
179083089019023360
176090039489536000
183069626484264960
179480339805249536
179411865334579200
182775213493194752
182963545732939777
180670065279119360
179539387762229248
179088817377124352
178085234787622912
176928209596715008
179415145032843266
180389805111259136
179626159347204096
176629008333676544
179871155002408960
175718671912681472
179489896891809793
176085803502551040
179924341188861952
179769963177979904
184007160202657792
179682706177789952
182479694288011265
179574799872438272
179577532457291776
179574435437740032
182101773492826112
180663195629924353
179474571823546368
179235695821455360
184282624750125056
175279797101019136
180537674707369984
184225270562177025
179587676209557504
179553655408705536
182392228289851392
182046897966559232
180941301791997952
182170032229457920
179594457669304320
176086817953681410
177798873920708608
179959539326656512
179598870706274304
181765744088977408
182152937848569858
177564278637867008
179395057458233347
179414114270068736
175831507368280064
176971566536589312
179160410459615232
182456372863053824
175723960338628608
184264529381830657
182891670067617792
181441814576902144
180324448442916864
179669602907860992
179535971619049472
179384381771743234
179722295957405699
185193819585777665
184991350624755712
176851858512560130
182812776392167424
182777193301159937
179655142268870656
176927001121267712
179566239583174656
183170675018698752
184349107194839040
177002313758674945
180468176310644736
179524107891777537
180753059947884544
179527209281798145
181756673210331138
179723588125990912
180399286012477440
176881901339017219
180043075974995969
179790769316560897
179482132132020224
180674355141947392
179165347914584064
175057114748825602
180578043121770496
178006456564592641
175254394948943873
178006680712380416
180474385906413568
180264211870515200
179580992149917696
179546278022230016
184250205393264640
175043955958886401
179411795608469505
181964111775678465
175682641318772736
177387673655324672
180438645717737472
182602300471246849
179952827144224769
185863899290157056
177723863440965632
179892472086929408
179416967323721728
177848576062390272
179702155089948673
183964060570759171
179348115101450240
177627443417452544
181046032824680448
177729897513488384
176333829735325696
179870744354881537
177778199885922304
177338588843872256
179548829010493440
179493051700477952
181445576993419265
180290146007134208
178524784752197632
179636018314612737
179503336171634689
178190346671493121
179540598397747201
177100945237352448
180452119151779842
181919766804561920
180551855967965184
184271144361275392
184967925382385664
175655841087750144
179487821441150976
184605279969755136
179555358010912769
180952905422086145
182778468981948418
177385437948682240
175832616187080704
178756003406430208
179574504983498752
179524837151223808
184264684701106177
183178964771160064
182954157446139905
180276064923291649
179719304265216000
178193326116311040
182780520097251329
180039791361003520
180123885843394560
179910853582274561
184970409416990720
178451675256852480
178483722599931904
178177929270927360
177763338640564224
184250672848449539
180219881621434368
176088331363426304
179484026137096192
184968065564418048
180402521922215937
181812448674848769
176145474800197632
183924424049827840
181006974291415040
181684722013962240
180802809736859649
179751289369014273
183105413426847744
179402446475493377
182284373423423488
179863399914684416
182812778829053952
179626170608910336
181432790187909120
179567129958424576
179534637570326528
179223319772532738
179222730682540033
183105441675485185
180732222033248256
179546875781857282
179511939314102274
182205886163456002
180421642638458880
178437987166732288
179166513239040000
185131443213705216
179636712954265600
185364225223442433
183355949497593858
179495495549460480
180363795489751043
179703666301874176
176937218500345856
179846603618795520
179555772466864128
179487098632552448
176099968891883520
176087240953434112
177124359306084352
186203843502153729
179511667435126784
179409941889687552
176989584486436864
180283105440047105
180135359601049601
179417032029241345
184570323264487426
175286257692319744
180543144633438209
177501963276124160
175403210301915136
179951862341050369
176987316668203008
183576232057769984
179650855933444096
182279871257522178
184378674169126912
182605281514106881
177002314010337280
182432678560276481
182949811631292417
179635624133935104
178954097611902976
179002530431381504
182265205043105792
180926965967106048
179492508307423232
180804020183629826
184665768498176000
179700424754995201
181925412413251584
179739261178888192
185077004301905921
182344764740485120
183868983949275136
180663565722714113
181794900487045122
179510882651488256
179881730650542082
177635588579663872
179514497487212544
180675790130782208
178258591365611520
185820064195411968
179161821087940608
178593125214846977
183233000232861697
180750078766628865
182280559232417792
177709541864128512
184395321248448514
185117664849567744
182118930146525185
179960187405352960
179159986407092224
178155883837136896
185420865058512896
178189932563673088
179555816364441600
181742540276502529
179745577431605248
179500869883142144
175781426095067136
176096462504083456
179490054769623040
179618763782619136
179531466018009088
178539808182906881
179505332027015168
179408188146335745
182230569743167488
179556162100932608
176194517723131904
177398776200302592
179549771978117121
182106861196148736
180750456505643008
176145406126862336
177725060231077888
179467239811059712
179485840353918976
179661047878270976
176702302877519872
180266540636192769
179638942721785857
179743797448679424
175432025363333120
179480656525537280
179526617062850560
182927397618860032
177259700751056896
184264611577602048
176654008725929984
179540053494738944
179612562118283264
179750663767605248
184795529199362048
180752296836218880
179938818198208512
179586073767329792
177154351566032896
179160022931087360
179569506220388352
177363829653643264
180170877328039936
177133557255385089
180535259056701440
179586967925817344
181308833732366336
181741975261806593
177961921436323840
176088755181068288
179615127035846656
179918926665359360
179554482005360643
179529526936731649
179589009826250753
179980991547441152
179755106466660353
180001096754937856
177706674843426817
177945328530632707
177839451177889793
179754928569466880
179247132342108160
181801560907595776
179868120423469056
179479669937152000
179917893184663552
178011250293342208
179841722954694656
179934705662181376
184241750246834177
179587403013562368
179613147999633408
186101823273312258
179621629784104961
185140469607575554
179618704814911488
184419689055780864
179540508257955841
179988967649841152
179453872711024641
184451116979851265
177708465597317121
179411490653216769
179550575254446082
179758801392648194
179532708261806080
180692180451598339
179502959917412352
176147217059557376
183686738751922176
179412531771752448
184972704036818944
179729643522359296
182103142912114689
176086992940048384
179583536418918400
184439492965445632
179511115775082496
176112518782132224
176101001672134656
176756042359767041
184266597970616320
180423375380938752
180637734162022400
181008097161129985
185653168082923520
179502977764163584
182712243308343296
179410210945896449
179160133601996802
179160213893550080
177903193563480064
176979431024377856
179924989154295808
180796178143789056
179775711224139778
180294390504374272
177789554961559555
180331208071315456
179586778511048704
179625692600864768
180341718242181121
179505643269521408
177886257714692098
177973656834686976
175244196821737473
179890826300768256
177781248406732800
184431115837247488
179160224240893952
184967923788558338
179154140994347008
180274772121362432
177874437213925377
184560419883581440
182152979133120512
184373345716928513
180451483240767489
179551680898154496
175046273676746752
177451010015506432
182012563360456704
179499334491058176
180662354718105600
179542120661651456
184381394242371584
185013527956819970
181825621486346240
179229831299473408
177729030693470209
179790039906140160
176598856111362048
179534480325873664
185013546390781953
178556112054915072
179410330710048768
176751294520897537
179715260075356160
175714993701003264
175697766679445504
176120858761363456
179384524512313344
179800559489007616
178773591150694400
179512168801251328
181117941880848384
180528861753262080
179524145112023041
179501120144678913
175559042322804736
182899227175817217
177931803812831234
184384551777349633
180403217568501761
177102347644841984
179670969420480512
182775648610287616
177846698092146688
175503275729235968
183227643997597696
183236608064098304
183673351175290881
179600932567396353
176714823403438080
186240069999411200
180363177329041408
179739258117033984
179564813402386434
179588745383788545
180885596649177089
178865412140838912
179411198092115969
179481920214806528
179481915957575680
182096677816111104
179226595435880448
178136905651720193
179542096179499008
179930180423397376
179406964516864001
175563869622771712
179947100002463744
175147799346814976
179701690033901568
179490053037371392
178414279299571712
182737078474391552
179508174238400514
179589632692994048
179710797558185985
176859438764916737
180328426341806081
180053261401853952
179160212396183552
176987316638846976
176093779516866560
177058365812391937
179784332850900992
179486195083001856
176102237641256960
179514497462050816
178375528766648320
179933027911213056
179524194558685184
180282251718823939
184373669311688704
179755509086306304
180401788841762816
176972019936665600
185126914879520768
179592504042205185
177761349189902336
181770827912593410
179063137864134657
179995024694587392
179547160344395776
179481912967045120
180129746154295296
177744330000314369
179496048585211904
