316974119189114880
309434665935192064
311501343439347713
314436194429702144
316956771778449408
309533874113880064
308559047370625024
312293638484942848
308539794072424448
317273761223151616
314937775961026560
314493653542379521
314335123363487745
308543105056010242
316939063426940930
314392014852612097
313412989799776257
314437662209634304
315102491136118784
314957822523756544
308538697601667072
315931372776718336
308538701087121408
314329885478891521
317671445004161024
311528650329694210
310036677819244544
314478753466167297
314688375623933953
314791033911259136
308538856947474432
316337117502509056
308647051913207808
308540204409565184
308891075555250176
308539962549223424
314330208436113409
318146426397929473
314634268703862784
314938084489830400
317336439916486657
314353780588179456
311134262717988864
310857942230503424
312299138328956928
310039113627754498
310377278230110209
315523713049178112
313317791279239171
317462213583585281
316958310907650048
312165285190852609
312224787894247424
316973503846940673
317712547933462528
314334325652983809
312270649919942657
314327533493555200
311690340325281793
314408920204578816
311235291379810305
309294466030780416
309671865587224577
312197983062081536
309771353798606849
308896734124326913
308539733108211714
313485594896498691
314345192352260097
312871492041969664
314334179997388800
317273500811415552
314344205348655106
308764189944586241
308270778711937024
311540963631849473
314705793104613378
317884972176375809
308554263532032000
307739774347792384
308784048136916992
314345200036233216
308539214889377792
308277139583676417
316209885148758016
317685407896702976
317280415016701952
311167304400506880
310377921980297217
314494971174592512
308767838615777281
316245610342780928
314338434783248384
314336714816630784
317717403985403904
314328178489438208
313310054101168129
314677690164715521
308673395669753856
314693095616819200
314437579070119936
309438072133672960
308112848519847936
314397456555208705
310351938912919553
316937479339012096
312245000870187008
311282057697439744
313416615360352257
316039131895574528
308589132077215744
314606153910870017
314531780495568896
307934276224180224
307536365820706816
311375374300872704
313426837902618626
312285617331511297
308693700760985600
316940631178104833
310363585010352128
308540296537440256
314494384529883136
308550463903629312
314943232935075840
316948701367128065
314923511258939394
314420344683388928
314391087974334466
308263598650687488
308871728724078592
314078191662809088
313412798191378433
314329042901950465
310866414938497024
317753254882705408
309448839847346177
316973523170115584
316963158130581505
316973501665918976
314567514669584384
308524646276427776
314371469046071296
316973496649539584
314496361284386817
308541610419965954
307494835261161473
317717737352871937
314451442205331456
314387119093211136
307983360641363968
317261299555893248
314410604830027776
317441599514746880
310600047307923456
308765060896026625
308538741297930240
314489396286083072
311135696872173569
316946029410930688
307689450408906754
307721054330187776
316986659386302464
317527156274122752
308538626260750336
317783315434332160
314414900703268865
314370770304385025
314579764893605889
316529220597714944
314338417385291777
313261710523891713
308925227507781632
317256062157852672
317867115568844800
316988378572804096
308540262240636928
317231777125126145
314794611501576192
314331289501200384
314519252017221633
307521713497845760
308549454653423616
307318567202869249
316663631762817024
314686704135049216
317233609868210176
314332674426810368
314606304956145665
312267231633502208
312063239011840000
307623741507121153
308541565511557121
308538999641874433
309357788520386560
308997537359085568
317331234705518592
314352987327844352
316975955430211585
314342639669485568
310388930266689536
312511265958404096
316937269338595328
314519880395264000
312945724021153792
310352317230755840
317733696151097344
314487783022546945
314347315894816768
314339243143073792
314332582470885376
316757876536393729
312564629828161536
314330615342309376
308090253237952513
314357337592848384
314940101136375809
313750586745032704
308871330646851584
314392407988916225
314370949384392704
312679632539369472
313078255743795200
314385203730731008
313435326284709888
316973523325308928
316211893725458435
317784934242725889
308542038377365505
310037041306017792
317381400015802368
318023350209376256
314627019583397888
314586165409886209
314494041872015360
313994499074441218
311235430152556544
308556596206792704
314350485240950784
309325390298619904
314942397916250112
308533300484505601
314085620324651009
307309493149106176
317040525565906944
308538894046068736
309537154978181121
314340728463572992
308033988377853952
314326003566645249
316426982747418625
314578766565359616
316963812865626114
314939388347944961
314345173213659136
312231252705026048
314395827189714945
307316254031613952
314363272197451776
314355349266243584
314328328532271104
314331749347897345
311254556602425344
313655467798839297
310036702272040962
309091099467735040
308248178795368448
314756800752779265
308524647438241792
314494089737420801
317000200071831553
314473716820111360
314370783117967361
316950696513646592
307668085505155072
315124864384114690
314395989769322497
314356137631817730
316334305586589696
314345188732567552
310584292982001666
314368726772367360
318146436430712833
311969680334139392
314338458967609346
313675563682394114
313655466242756609
309214586408681472
314562842584035329
315036902422114304
317003269161508864
314938554377723904
307519721916493824
308539086086475776
308643515687112704
312245259184779264
311957756200513538
308541517872640000
308901436819902464
312606297608572928
308544350609088512
316973523459506176
314560654252064768
314353796996288512
316941258272690176
316128082257911809
314814669518954496
313570112231858176
316215703449509888
311041252638478337
313597217132916737
314358112146558976
317417112601784320
310850490516770816
314532504856043520
314345182881521665
314443879116062721
314325580621434883
313285449303080961
311516380132413440
316973511426048000
307331673807257601
314708723077627904
316950412894818305
308765452711120897
317345051791478785
313762845256982528
315048338745597953
314326673866764289
313970644062728193
314338484259270657
314578881858383872
308154073377562624
310914247024582657
307587643984707584
316209998516609024
314349835606163456
314348545492799488
310370218985783296
316180298297638912
310850145875001344
314938631141867520
314361248156377089
314341933063495681
316996734469414913
315108159918321665
316937139919142913
316630942687064064
314356353038692352
314342156313710592
314336718700560384
314282653681590272
310979901471731714
308294283188895745
317552169056366592
310381212088795136
314328693176680448
314085384579592192
308548093933125632
313577215122104320
308892461864988673
313735619866140672
308927421929910272
307839164802543617
314544606039642112
308871536968888320
314362424717373441
308560260854059009
316209807059206149
314789917546909696
311566158241361920
314332669028732928
318146822923243521
309879933273010178
313419765882445825
317027102488678401
316128084103417857
314940500991946752
314334721142321152
312727614005600256
314519876825931777
312429749064572928
307847652643569664
314759369935949824
314336730381680640
308547171114971136
308545523877568512
308678123245953024
314965992004542464
312417777287852033
316162517908992000
311363327731306496
314329995340296193
314415701249101826
312616137844224000
308545161380630529
312648952526815233
315369318764380160
316851381921271808
309449295415873536
307913948223635456
309425388453502979
314522955218563072
315063100338499585
314496281185775617
314454445163425792
314370512006553600
307969736468226048
310042363307360257
314781026809434112
314387711215677441
312342221519216640
311278564878192640
308845262808440832
309810821393952769
308600120054796288
317719997168377856
308034595906019328
314346785885782016
311508023996731392
314560297471967232
314336128763297792
307454966661009408
316978107896713216
316937926816710656
314563746930520066
308539606100500480
312770843996463106
312303984578818049
316995344607113217
316833286980763649
315442692412809216
314343957888913408
308539477847056385
317001461496180736
314616383545683969
308242750023823362
307556442309812224
315937026778214401
316937233947049986
314644354075619329
317109616548921344
309661537658892289
310374414267056128
308839546588626945
316943076423770113
314332167545171968
317135344925556736
315652117736091648
314334604028952576
314346763131695106
314375933404524544
314328719101681665
313426036383703042
308015853734092800
309016054384975872
314577155914866688
314363538493800448
312201930183176193
311845710691708929
308539529885790209
309960788645404672
308555956546056196
314328440406933505
312274898863157249
308875886311133184
314485093328642049
317441153014325249
314334598832205824
308872109088706560
308813658534862850
308781484788031490
316939975675490305
314331705580335104
314639185371885569
308538572888231936
314349900118761473
308705532296974336
318429020704350210
314351221274206211
314330956959989760
314347731386765313
310350219692896256
313424177271033858
317848670479458304
316930737272147968
316596615026716674
311099296789434368
314493823218765825
311669239654268928
315130804130951168
308538519624769537
308088767003107328
308593669517234177
315538691227541506
314769856123768832
308553440894787584
317104237542776832
307882091843039232
311512181495693312
308539147952463873
310370906482556928
309401446963617793
316973505780514816
314644320525352960
314389646547222528
317265833619492864
312216956419862528
317640167873732608
314339268396974080
312721739048185858
314518283401441280
316522898548477953
314516476843413504
310037928816553984
308503100048674816
313547320388120576
314978633963933698
314486894270484480
312586935946326016
308886196333993985
314351154270183424
312068075715440640
309330394212339712
314798417362694145
316277386175995904
314609892927340544
314362235810103298
314354285913714689
315571656229810177
314752289917243393
317027824416473088
316973509622521856
313379711575273472
308992872642904064
308961941404123136
311691833161965568
316250458912075776
314352665708593152
312270994788208641
308539332023689216
314492085812224000
310447024841564160
314753594144460804
308538701363961856
314454516735021056
312210394095681536
307822196418560001
318169199325368321
316958500553097216
314354378725277699
312224492619460608
314506509772005376
314361191407435777
317869716930695168
314353040515821568
317607075242975232
309014164251226112
316239149453688832
309734779706818561
308589649297805313
308539481185714176
317216395790274560
312443455584468992
314364462498992128
310368379687030784
314378906335600641
312053846698500096
315581155246215169
316947311685165056
314327492183859201
308770902009606145
307913724474318849
308742120225775616
314853477270552576
314424838183854080
316515780558729216
308644935576477697
308414230749646849
308932713522536448
314336718369222656
314327930710941696
312358715166699520
314350310908915712
309431306226380801
308751478456205312
308249053202874368
307928358627454976
316963022767812608
307916303946096643
308538929315999744
308593668078596097
310372764215296001
316954135452844032
314423607440855040
314523644384665600
310457599063638016
314343692544659458
307519149792444416
312218559902265346
317027761455759361
314528747875336192
312341663706132480
313446647428440064
311120609797095424
315075872614920192
310037559440969729
308258264531992576
309344456199512064
315012746234195970
311489815734525953
316162515799273475
315787216901263362
314346877007036416
308538968104923136
314332946972680192
314373521352560641
314522559381127169
310400185312362496
308775618374402049
315519814489759744
314336120303407104
314335197518770176
313571761260228608
308567114745274368
308542298055135232
317712519261204481
313051589038465024
314329652397228034
318147170442297344
313140935485706243
314446329357168640
308884189074321408
309275971679301632
316936474434080768
314566852909072385
314715582903775232
313716509736316929
316520267272826880
317101337961693184
315123631392976898
311060185353437184
310886513229565953
313464722781515776
308538824642940929
314328911272108032
309275079727005696
314435297465229313
314336720197939201
311077204178112513
314581950771908609
308688739448795136
310885200450166784
308539794571550720
311480496771178496
309449673544978432
312182305068285953
317463667388059648
312929395377582080
316938506352082945
313530502755782656
314396275497902080
308609672359837696
309681043424821248
314327387498246144
313577894901321728
308701810678439936
314362912695259137
308548033807806465
314326484707844096
308733363710226432
308547703883845632
308542622664892418
307323596227874817
311160002905788416
308707972631117824
314690797842866176
308541928176222208
309088371307843587
308539025428467712
317052975581380608
312250090800689152
310537328659685376
308539015940939776
316980269280272384
314402431024889856
314334609439617024
308766338829127680
314560494214209536
310381879784255489
314439578897498114
314397326292701184
314394261254709249
314349841671135232
314778290042859521
314341940328022017
308550938585616384
314369528375169024
307892662478987264
309425385681076224
308257228731867136
314353178105769984
312596488586940416
308649066731024384
309001844875747328
307821778934317057
311634792787611649
311140922480005120
314618536511283200
314776238923337729
310425661443538945
312018063497252867
311726158200840193
311122574824312832
313741426733219840
316957843104350209
314943696275644416
310374207718584321
314770159061590018
310381969701748737
317305413265674242
316973515469377537
316209940601643010
314342864412897280
316565977548599298
314334989795860481
314544858087968768
316565995835764736
314342808834170882
314353161244659714
313057849251082240
314353260498657280
308755595496939521
317887381334278144
314334685868224513
313689348795166722
316767329092517888
314341931297693696
310376778852102144
308539042276970496
312303129200848897
307799087367999489
315799695605764097
308539655098335233
314586791569149952
314342366255411200
308661515106521088
318332989027278848
314754161294077953
314334727425363968
318147196044324865
308676461395595264
308556110414114818
314563724520329217
315596914047451137
314338049087655936
309725693875466240
317416925384802306
308566058195898369
309431016769060864
317027781064142851
316943918560313347
307859806771900416
310863940034904064
308544838754783232
316973494816632832
314338422938558464
318147185667616768
312260447971717120
314334610442035200
308971680804532225
314632350921273344
313420052802187265
308539037851987968
313450094311665665
312871204325298176
314343030066929664
314502518304538624
308761325541130240
311374132589785088
316829816093556736
314374368362913794
316587588892913664
308542488279396352
308100621939138560
313752988864880643
316939687715545088
314358090759823360
314334608709783552
312223412288376832
308711950106390529
314646713862344704
314606012420214784
314370087106801665
316132056902033408
312215265075154944
314339265452597248
315063258413412352
309793586092859392
314327198083465216
310037148151726080
309433919672053760
308538866158170113
314019922789416963
312238116205363201
317033464601915392
311484308315574272
309091086796746753
312607510630649856
311144628621561857
317027880330723330
314372216806576128
308538751552978944
308479139080450049
314356892212293632
307911437987217408
316937068515311618
316352908436336641
314777904712151040
309887273254649856
315907520440979456
313962305656340480
312267235148304384
307911728199512064
308549467831926784
316426407850954752
307901472715177984
316939716698193920
316223788234723328
315555157918236675
308768051636097025
312340070692687872
309950262112579584
309021972896047104
316154006756016129
314353376395669505
314344714058997760
308768760880320512
308270815466631168
308547484320399360
315820941148053505
314627691489935360
315675629125255168
314338402864607232
314334839488786432
311173109480841216
314812000863653888
314584366724575232
316608152755912705
314364946244857857
314351127313387521
311895439874093056
315435533939642368
314488246040162304
313698383070105600
317717402043437058
314353374105583616
314397325806153729
314937944580431872
314758247825420290
314327312818651137
308867428425822208
317764812182523904
314483002681995264
315849237621530625
308764252997578752
314396287493627905
310402551063388160
309435759105015808
307377217237811201
314409525799161857
317695417561255936
310819954909925377
308539128197300225
314935706072014848
318146431716298752
315198852317732864
308550810382516224
314673935151153153
314402392143695872
312363529334317056
315074476100427776
314057319539412993
308248095626493953
307555586206220288
314492841638379520
316519811020619776
317060153507717120
314356166576705537
307653412269469697
316974117645594624
314924381795139585
316404576376995840
316941027862777856
307522444372090881
309108407275749376
313488739890511874
313415730290888704
310370306843869184
309132306394800128
316973490244812801
314331562999156736
307523744430186496
316939449097396224
312299023115632641
314754945150746625
314363593338540032
308564237612089344
312202837784403970
314059869533655041
309242357080006656
314336430279229440
311060352718749696
312402749448916994
314332653245579264
314332647549702144
316349747298435072
314753719818412032
313705319631052800
309833344814821376
307968753621143552
314395990700470273
314633524596580352
314384230681563136
312691290372452352
308538943580819456
314376680670121984
308726989366382592
308646121809526784
309014170743996416
308335877942304768
308702554798309376
313418094938832896
308694515156414464
316971912431546369
312457418208587777
316938717916962817
314519985173180416
314356104337428482
308539592380915712
316954900082864130
314334675625713664
308544589994815488
315910786226737152
314373547986403328
314371180184363008
310037651749208064
311409791123730432
307913127104741377
307882985082990593
314363025039695874
317395626100928512
314332655598579712
314824021034274818
314337007994290176
312429013106823169
313453804542652416
313570904850456576
307836639475011584
317269414603014144
317773443342954496
317772856182329347
316073804944252928
315587512938668032
314331526299021312
312648845366554624
309887773173768192
307854597672812545
309680949573079042
317701325397831680
314407704389091328
314332344838393857
308765562463465472
308765252856729600
308538733735583745
307516765519351809
311873992296390657
314939231325802497
308538800320151552
314373098734497793
316984558522355712
308539209088638977
314350514303283200
314349841780183040
308589132244979712
317051482316881920
314490668791787520
312271514814799872
314328600813920256
314421045937467393
316460539217842176
316956106578616322
308609359913570304
314381963865751552
312346189037199360
317529294534483968
308542531510091777
308539718814015489
314350440672292864
316937830574202880
316973507814768642
308556651500273665
314706835594674177
310436874604920832
309133319298232320
316931432209592321
314530353358450688
314356286726742016
311190213407956994
308692786503364608
311235415820611584
314094447363235840
312254991123480577
311043638874472448
308656779158507520
308586223008624641
314793858888253441
315532924298604545
314398313984163840
313697321311428610
314373049950560257
314346603949465600
314338477829406720
314754430908125184
314325586728341504
313722107940974592
316141842481688577
314331951479791616
315118334951710722
311452649411186688
308538962744578048
308023156688424960
316186574805164033
308939988857397248
314382177188073472
313772515078066177
308861714315743233
309497260591427584
314706881367138305
314332692109983744
311308430411456513
314937795284201472
312816922787999744
313138049150230528
317881674421661696
314344008233144320
314652936343003137
316942257137799169
314724017267408897
309837414657036288
309083449476648960
311120850692734976
316957982208425984
314563449017495552
314476828964315136
314341943939317760
308670396390060033
314171295346601984
308747542735249409
314331874275229696
307695946253348866
312321124161699842
308539737201844224
317027800693485569
317886218220224512
316973513636454400
314560838361038849
307913301122228225
316946176547119104
308425367364960256
317025570766598145
314754281079189504
308540825703436289
317092936485572608
314328557398671360
317773297267920896
314396050385416192
310488397913419776
315499730631278594
313679005867970560
312218083232198656
315520819130417154
308942540227375104
314535198140268544
311605230640984064
316042449724248065
308543644489613312
314840161013874688
314333280524709888
314326719349796865
311501341161840640
310434054166179840
317714061758451712
308681956978212864
314486987438583808
308678720279965697
317686835528740866
315077897469710337
308684421312163840
314332776184823808
308035652908380160
317022818221056000
317201998405578752
317712347412193280
316973521060384768
314339272863924225
314328136311504896
308538774030254082
307498151722496000
312574422139682816
308538620132851712
308751593740836866
312225530701312001
314346896162426881
314341942127370241
312501478126407680
314347323742371843
307980984706543616
314342310760546304
314348260758282240
317462143769403392
314566699519180800
312836022583033856
310889649897869312
314343306949701632
314332686317678592
314407259230842881
314327479978438656
312939018834821120
311280648553889793
316504563219832833
317626105702010880
308542660212314114
316923102644826112
316936625387089921
308814034256404481
317269982327218176
314322937568178176
311680615084855296
316967902685315074
314415815254478848
316200635336884224
308266614380441602
309298295421939712
316552661434515458
309263414046363649
308539581064691712
310379881840140289
308538765662621696
311499079320498176
307910699655516160
308693215853285376
314542339735568384
312189152542208000
318331846813429762
308539172598210560
314370502007341056
314531262469636097
316211788976889857
308542582659612672
314335119563423744
308547422102093824
314339267906240513
311170403500429314
313412898703683584
310042373205942273
314561476591505408
314527709416026112
318146816669519874
317205860008996864
316891000503140352
316217748550205440
313421152338980865
314420204086116352
314355198720110595
314336420120649728
311377349742575616
314332920955404289
312577724453646336
307584275627266048
311122797952913408
311373734294462464
314396281743212544
316211113677172736
314756682624421889
312216625652846592
314336735427444737
311846912238170112
316938102897770496
317879361338494976
308673826764505089
307970192087076865
316093660053782528
315082509027246081
314737024202592256
308768761828220928
317881676841750529
314652886132981762
307468538694758400
308670918111141889
314134308715630592
316718772360716289
312193755895701504
316938641442209792
316940192822984708
