318837595759058944
327820114575626240
325311809303224321
324141599091216384
325102470110011393
324074721752776704
324302647735762944
324327528430989312
324444072456638465
324066656856969217
326944476339769344
324537008196292608
329336199011528704
328192620260110336
328445556772966400
326073737663352832
326407474104123392
324109508194488320
321250148250443777
326406472298807296
324044958111768576
326622081003425793
321603999109353472
325150745978613760
324156885211172865
324051874170957824
327947445134839808
324537015540535296
325396923081187328
326360675888816129
324213405797990400
328633381334183937
323238373189877761
324044704616439808
326062905533558784
324562902109523968
324720275839123456
324871179619926016
328857816142073857
325636859898245120
324056307923558400
324052142900015105
319496318512930817
325596575424454656
324048958882205696
324050227969527808
324548142903205891
324146853983698944
327232686139781122
326671365170159617
324235638155128833
324106325598547968
321666822753644544
321751701407277056
324116150789226496
322983584157806592
324145635295105024
324049257072033792
321273679948435456
328450144691441664
324574001433284610
321306222961762306
324052122482139136
319562861338824705
324072983855517698
324655825157234689
321322552393867264
324284766239223809
324074440948338688
324263039450894339
326525762721173504
324048684004302848
329337662433525760
324156104449880066
320114829488713729
324057852429881344
324118937417695232
318763363071057921
324433421348794370
324124023653023746
324060652656279552
324240336467677186
326029668992049152
328272586687533056
328747293815762945
318626197753978880
321312964047159296
324062391002357760
324535483281580033
324086116351344640
327004939731750913
329313202422833152
326836020341534720
325278033055465473
324799686890364928
324201827451166722
325895418061914112
329209969394208769
325311256804343808
324102759118938112
324817882380902401
323954689286737920
324122526169042945
321370212156968963
322911760610885633
324541687919693824
324050487643099136
324095943639175169
324992058400067585
324050481393590272
324139147667333120
324091052988440577
325159564972548097
324537811686522880
322642756168216576
329135735141720065
324517783599738880
324064824885641216
326372222287626240
324049266215624704
324277092911042561
324061743041089536
320217788411170816
324176847275425792
326688869707808770
328864852019916800
324275263502430209
324139144697745408
324056092663484416
324166696183152640
324080763106643968
325627847358160898
328532087948865537
324064841679654913
320212481521876993
324537019562881025
324402723967627266
320715929786912768
324060773364150273
325903450229592065
324492849531994112
325181457708490752
324051307608555520
324530881744232449
324279452156690434
324465133818609665
321095911054921729
324413730790199296
324120801286696960
324045149061664768
324170733276262400
326304263263379457
324363584220037122
328302963338661889
329375978260422656
324180115149967361
324216717343604736
324047021847769088
324065601406509056
327686222719877120
324073355848323072
324079444157415424
324096944706306049
324048114979844096
325607352176893952
324109800835276800
324625404050685952
324581078931218432
328303322031341568
326481491116822529
324541740340088833
324086151659012096
324083849720102912
324634173782495232
321691002131841024
326095748481552385
324894601997594624
324048826195402752
324242268552843264
324074644279799808
324522852961370113
324756221389316096
324050494035226624
327243437378240512
324123156216438784
321600198856015872
328715432729141249
324079586138800129
324081828623437824
319862525351051265
324752962800975872
324052054073032704
323184953795956739
325881201418199040
324207601455874048
324050491661246465
328725920007475200
324141431595876352
325973570750648321
324045725702975488
324107262106947584
324186683543277568
324541742781190144
321249550826348544
324264806263689216
326478384542662656
319576730832625665
324132121050480641
327663550711623681
324060365069619200
324531964780634114
324167728485253120
327293610158587904
322283177303486464
321311596217511936
321612353282129920
326241816062095361
324087963690610688
321377066828304387
326962422663503872
326061294954377216
324817260432748545
324534257299095552
324062219279167489
324121383300907009
324266884893659136
324146926863933441
324155778971865089
324073422516785152
324047210721460224
324050447444881408
320096654290214912
324045872419721216
328940156520374272
324414880721551360
324046543986495488
319532433143902208
326489651042992128
320321366417092610
324341508172038146
324499455149760513
324065616585711616
326295215113633792
324096796404092928
324077674995802115
324081433952022528
326972740022181888
324048286996627456
324061997736017920
324995752759808001
326092789312016384
323359691679875073
319628039564713984
322953941660864513
324176907845386241
328462673752756225
324645917191974913
325882752043982848
324098298187223040
324086304226803712
324682339605172224
324050031315415040
324074839826644993
324214819215507457
324345952607555585
324056433027063808
324050029633478656
324300827919515648
324161330800103425
319963908825829376
319829212418686976
324794787800698881
324151123755823104
321321918580015106
324114230024482816
324408344053940225
324587700562825216
321331224591347712
324082890210160640
324294835022475265
322017658541338625
324192936566870016
324062541573656576
327171067284176896
326035788028604416
328141240065458176
323978810519339008
324869653639872512
324199837979516928
324049421660733440
320642451465445376
324703757894033409
324448947210969088
325163781128859648
324911993410699265
324050887226056704
324301717195857920
324080812494557184
324156104575709186
324052430088183808
319568595711574018
324389669133496320
324046364902322176
324106587625111552
324052455291752448
324120904768577536
318626524939034624
323259365316513793
324668277622181888
329373941971972096
324751882704781312
321525242306637824
325398028783599616
328555113612455936
324251101719298049
324751943169888256
321375908734853120
328407740198305792
328397943679885315
324174694251126785
328931520301629441
324050466935808000
324371199880736768
324098628249587714
324866427553198082
324065392232366080
320157814783893504
326073714640814080
324206985887240192
326250130720296960
324074960417079297
327702904930705409
324180571100164096
324071939280867328
324095495658160128
324813246345408512
324105070738288640
324052434748067840
321519912575176704
324576312666750976
328574614928240640
328871911692042240
326128384235159553
324542697480273921
325610166450003971
326981448617832448
320075672003424256
324049766528999424
318764352473804801
325877180364107776
327232543181111297
324284366148739072
321376800615833600
324136114325684224
328238117540732928
321253839716089859
324832049594769409
321247997964976129
324360802519875585
329128511212244992
325297118959005696
324574003345883136
324043387156176896
319557850479341569
324416682737139713
324161870682529792
326377948582133760
324227152318980096
324049198746046464
325668768300797952
322057362187894785
324048190494097408
324073189292515328
328267583251947520
321636830049103874
324114915482808321
323361266578096128
328574936564248578
321323065076224000
324170407349452801
324686130886897665
324885071746187264
324050478369472512
324620632681758720
326642118200270848
327026707531964416
320113043096891392
324581754818138112
325273833407913987
324448408075124736
324080995265552384
324763241559490560
324103537413988353
325589828714496000
329307555207737344
324277467131019264
322436906078064640
324045826462715906
326358466568548352
324065493294145536
324285784175828992
327677275174735873
324091160173887488
324045326895951872
324500008009359360
321511871159095296
324309740610011136
324621166666977281
321229285501333504
324097158255112192
324080884380733442
324085394150924289
324170787454078977
324069995271307266
324510244845797376
324050692685844480
328857816951578624
319566800251658240
324058684210704384
324061546697351168
328158480659795968
326374205752999936
324325263074816000
327678894004121601
324082291058036736
328616379823558657
324063707527254017
324779988668788736
324052446760534016
325402944352698368
324540009040461824
327188875908878337
324166949649149952
324442695319822336
328249563196571648
328988124866822144
324184110086115328
324073156094615552
324122174342438912
326936180404912128
323808939001135105
324104975842156545
329377136668454912
325289879212797953
322928827682652160
326486274666004481
324537026118549504
324061295668232192
324151318702874625
321452183415558146
324312270064734209
324052040890322944
324727670812311553
326073815845179392
324065257133858816
321352749491032064
324102955924086784
319947186169339904
324144039815417856
328914568439013376
324489559360557056
327256329074913283
324121002017689601
324072176548466689
329266960107982848
319609764210421760
328534974183649282
326870615929782273
324290819450343425
324063404052582400
320225605469745153
324161806648098816
324588681606356992
324293300641214464
324453654163767296
327664299587796994
319279188521668608
324971010677932032
324240819710197760
320110548802994176
324669790599905282
326950612308721664
324049797948510208
322682952725180418
321329044174012417
327955180593233923
324178188811001857
319812099280887808
319121045254701056
324412673695559680
321889069846126593
324216797110882305
320328087814422528
324051741702234112
325877974824022016
321390558285271040
319094902531162113
324213948746436608
324279088586051585
324097413449125888
324045666466803713
326139385202487296
324439058728251392
324486665563426816
324128214832271361
328229910923591681
324051830583734272
327369256201232384
326933172120072192
324109407589892096
324136383977512960
324054181793112064
324054023068065792
326217155177750528
324046191694319617
324872103142780928
324046213324349440
325739641691070464
324050457523781632
324091454182006784
322657990769508352
324547652576485380
326479127962075138
325595287714418689
324075350701264896
328719318189752320
324709206152314880
324056337162059777
324055126144872448
319640480273010688
324103419621150721
324049593530728448
324054252794298368
321944668906606594
322036704976449536
324055259599224832
324047005032783872
324537023941730305
324122761037492224
324199824960405504
324051858815590400
324266259787177984
324514228633489409
321324517534347265
321861358897471488
324049734522269696
324078061207306240
324085257504706561
326139796730830848
321580547077971968
326622472600420352
327230132454567936
328915922284855297
324133131764514816
320531391886540800
324057167613272065
324052201280516096
326838956094275585
324049751907631104
324536165262843904
324072437866184707
324413415768604672
321592098790969344
324073933651460096
324046771724627968
324276700152225792
326719971600248832
324078222683820032
324061563239677952
326337253242703872
324574911165255681
321379074436104193
324186991963013120
320148672971173889
324098837369196545
324069578974048256
326373067095937024
324081828120117248
324065137596186624
324772477140082688
324084707916664832
326942326918356992
324215857418993664
324052135824203777
323524031825448962
324838965985304576
324044506783686656
326955970783739904
324158677126877184
324078403332481024
324063661775781888
324044498898407424
326979395988361216
325156741572612096
324648254212022273
324208954932592641
324097847232454656
324455631266406400
324156029057253376
321303112147140608
324751881345843200
324070043270934528
325142270766624768
319197622470590464
324497956143251456
324067520107655169
324045874558808064
324065208505098240
324953186890821632
324299783407800320
325307398459899904
324146914880794624
327115870939779075
324160954428448768
324971007859363840
320068480718221312
321525671568498688
324216397343387648
324410215778906112
326128017229348864
324953177361367040
324057700948389889
319677124158033920
326435178249584641
326167829667778560
324820947372752896
324214649664987136
326935558918119424
326481305967661058
324656128829030400
324079256571375616
324221072109080576
321313202271043584
326240413939814401
324064436547629056
329333329272913920
328717909293678592
324535434015293440
324078418251640832
324137381483651072
324125193322786816
321295882253373441
324158473359220736
324080969940365312
324169673610514432
327243092598063105
327310452033982464
324048608460697600
320209923885658112
324091162132611072
324045406667411456
321376938356789248
324826584244707330
324117640249479168
324789205781864448
324801520858185728
324122651146727425
324082487221448704
325081479174561793
326063773943230464
321401917383270400
324717649286279168
324999893267664896
318986910099984385
329380807472971777
326934201922371584
319459482952409088
324052063401160704
326936510265958400
318563241192218625
324642467423072257
322846762232582144
324118852231364609
324664536315600896
328895316445245442
321517843332100096
324126544421330945
324097577131843584
324075021347737600
324902926315298816
319572263504596993
324236289908031488
320142686885670913
327059653726978048
324220021993787392
328345777955033088
324351530989928448
324438416081182720
324537031428538368
324523146759770112
325951940380983298
324049165518778368
328373646613684224
324058221067259904
321723765534908416
326490730514235393
326036122687897600
324226549429719043
324065614123655168
319533029813002240
324069519574323200
324049780407939072
321552736988581888
325247527882485760
321947002831241216
327052024317374464
320140974821109760
324510113543106560
324111912948355073
326929852345249792
321453925830123521
321435168550301696
324052011395993600
327541100074115072
324116037580775424
326293480328552448
324580164723933184
324814737416269824
324176699745005569
324537017700597762
324067599572926464
325287972826120193
321295246405279744
324053491914002433
324297482303590400
326849078724022272
324520745734660097
324050489778003968
324099842139889665
324072466479718400
329229172545294336
324051431424405505
324121049107136512
324758511533842432
324445323093213185
328575724401332224
327332011935150080
324207945833381889
324160258740191234
321382870872633345
324051534021292033
319877943570604032
324079238401622016
325310449484693505
327590228934156288
323954316589273088
324100620095205377
324052233614393344
324045724931198977
325577083495514113
324139077806993410
324087839723749376
319634565582946304
324575155189850112
325401954236895234
324324165668708354
324069839612301315
324166793046421504
324684382373834752
327733132742774784
321375651443646465
324105131077558272
324071977797177344
324921103229280256
323809978462908417
328401390982533121
324540949709611008
319628461293592576
324803253583888385
325294193528410112
324050033441923072
324045785002041344
324590613427281921
324413286172995584
321305792873627648
324152723215900673
324053310250307584
324086571915689984
324161806899740673
324837782046523393
324399899422633984
324178280230055937
324312556388876288
324255795283898371
324050968360656897
328860005338066945
326992283989843968
324359928254984193
324085548086071296
324045868699365376
320128044658475009
324098236904255488
324052466255675392
328407735525834752
324077973844144128
319678782418079744
324314021534760962
328897561593249793
326947407302639616
324051551054344192
324866616980557824
321733519674073088
321368460494000128
325724457622720514
324531728628719618
324115414269456385
324632290451927042
324366630031343616
323476597468438528
324066578327019520
320110174205513728
324351706886443008
324725573584826368
324420984906084352
329250862117568514
326408324784472065
324587538910175233
322431152508006400
325995890319962113
324051247713894400
324349413306822658
323419724207779840
324088114429689857
324077864578322432
324065825415888897
326482266798821377
323743074687799296
324407474134331393
324101918551056385
321300718151667714
324204816895180800
324049770828161024
319115329374654464
325924399138103296
324180043922280448
324277509392834561
324168179888832512
324129687725019136
324098152724574208
328433539647422464
324545325975080961
324047024527904768
324496728998961152
326958631411146753
326128297924771840
325641034321252353
324078145420541953
326240670757031936
324537008678649856
324087263430582272
321387293384527872
324568357326163970
324865164329484289
324567586723479552
324177209805918209
319957376620957696
323082351389323264
324580474938859520
323609366815178752
326011213874094080
320112566837862400
328906657872621568
319102095636721664
321299187725656064
324158288545607680
328719181509951491
324106994573258753
323812649341161474
321409312029290496
321321207901339648
326930102342520832
318764696410914817
328995022101954563
324058069275381760
324108029387751424
324146582977142784
324045057038622720
325109333488709633
324052170859225089
324637345519390720
324076819907219456
324061294791639041
320703687213342721
326959378483789826
324995785680904192
324705141766889472
324101533803364352
324836947283562496
326262676147802112
325963580262453248
324105335126245376
324159094061690880
327954626592780288
323612478414139392
319429540323663873
324164382043021312
324548960201105410
319843007803305985
324977316839174145
324069789502943232
324161901711998976
324109251503091713
324052808124997633
320954881651392512
324059363255910400
321522144016216064
324050324048445440
324336666246520832
324194504443834368
324140831072219137
324048093639217153
324192091339120641
324961432091385856
324436131116613632
323931693432057856
324915820805357570
324541275657351169
319840738902933507
324060525015203840
324070071146266624
324176918607982592
324052071043194881
324606666953871360
324134681689858048
324063994858074112
324148046239768576
321950565523394560
327068141073072128
323889918319419393
324084555361427457
321559840130469889
324580046029340674
321376011147161600
328724381427716097
324050479703277568
324149247870128128
324058889702215680
324044452589096960
324057303080923136
325137903665688576
323835214788976640
324102198717988864
322258051539271680
324079816678723584
321222103804284930
325605265821020160
324049662770290688
326721363480035328
328919177622614016
324067824983224320
324209062239694848
321123351017975808
324639410664652801
321714459548717058
322656831585529856
324171139599458305
324058175466770432
325973867086622720
324299059173154816
324547217773969410
324053684214448128
326916624529637377
324170427733798913
324044407189958656
324376098240618496
328816261825974272
324484874629177345
324111699818983425
324198798559694849
324060956713959424
324176143232143361
324045298584416256
326969523469164545
324108896325206016
329135398343278592
325077487346405376
324102187951218688
326934540251701249
324200676525752320
324079527192039424
324041680883945472
324447245812502528
324080579710685185
324112455980679168
324083041226080257
324361358332268545
324155883984654336
324098781018734592
324441362193866753
324061082614390784
328345878869966848
322412502887583744
328720763156828161
324407581793730562
324063992479875072
324844994080940033
329058192753557504
326809824291606528
324139460621131777
324112323075768320
324673612541997056
324071787610644480
324059881340559360
328325199105761280
320127679137460224
328903140709646337
324342988178354176
328252887421558785
323702550916378625
324226264581959681
324725344835862528
324052080920772608
326754703897677826
320110437733634049
324048523609907200
324149689018642432
325100033122897921
324063972393353216
324106318233337856
324529188067487744
324140591191560194
324083094351122432
324104940488364032
324181897544605696
324060524297990144
324058888066433024
324070054650056704
320003879754428416
326978657711165440
324131814371385344
325665327016968197
327685593515573249
324074587891585024
324613708825370624
325124012160196609
325025080222556160
325163281805344770
324047851653050369
326082580829057024
329218180331483137
319608736744353792
325022486808895489
324498987937845249
327126729430806528
328712827969888256
326102912784801793
324109736477851648
321751253447229440
324512819028582400
324056301242032128
324801173435584512
329378686031765504
328580158065881088
327060802672660480
321344505867534337
324089937408450560
320219573225926656
325031906032902146
324064400359165952
326071905075486720
324272986242838529
326621964733149185
324551576247209984
324158914407067649
324088583617126401
324051837982482432
324054576674267136
324042721780187136
325948482680668160
324212677478060032
324063174968107008
323234509241856001
328443907413266432
324072715512315905
324160190217867266
322497302453440513
324779927247409153
324051627868831744
328151067617546240
324889603242852352
324064666336755713
324041803936436224
328393488062369792
329205247354499072
326944388364263425
325232432683040768
324075195868536832
324225521347092480
324051886850338816
319535301099917312
324085196867641344
324635613699661824
324098494019272704
323844603381968896
324077927992000513
324045870800723968
324052810255716352
324133824982310913
324258795872215041
324052118468190208
325786337854750720
320071902653726720
326935872731758592
324069927277457408
319956542818488320
319094588407173120
324052642772971520
324567399275823105
327393960676954113
319795993170280448
324345959784001536
324051275878653952
326479043232931840
324492987679789058
326435411750699009
326156604703641602
324087709381570560
321299495809851393
324052089330348032
324567673088393216
324904497975554048
324579973082005504
324257794939301888
319358771321245697
327046955559694336
328407744577163264
326063214007832577
328941250159976449
323068155473821697
324205656066367488
321376906836578304
324117823595085825
324932522960101376
327486473521725440
324121586766594048
324044946917167104
324527985476648960
323615982520262657
324537012705165313
322266761800060928
324817480407207936
323888721386668033
324363614398078976
324134484561764352
321703558074478592
324050470723284992
324180997744754689
324469004490117120
323722846830489600
325225986616606720
324065616547958784
328253487920054272
326754708683382784
324087300772487168
324054057067089921
320321301149544449
325422341578444800
324049270422507520
324086052266582017
329351998044512256
324151070731407361
320286224336166913
324620343379628032
324055733312319488
327023630347288577
324862578822098945
326642568215535616
328249507856912386
327305652609355776
324075703429632001
324106807192735745
324357520871284736
324275087404589058
328699844057247744
324990188759703552
324159944305831937
327585841629241344
324197402607235074
319033424235073536
320321797562171392
324151649960599552
326531091009781760
325090522265944064
324059238664130562
321297699565613056
320113900249042946
326064809877598208
323457220207603712
326691879125123074
326408631765581824
324875908718682112
324581430858510336
324319890049748992
324078969165053953
327279718401466368
324177402618060801
321415214207754241
325948587294998529
326490904770793472
324132164172148737
325043705532776448
326870936617893888
324082413137428481
321311350536167425
324135433527250944
325014527374663682
319231873794596864
324058372309659649
324049391390425088
324725669852487681
324299738813968385
323679344755089408
324579139824779264
319553282450268160
325268862469824513
324086194684170240
324085984776036352
324064531703816192
322774611475439618
326127557961478145
324450075738783745
326478279395651584
324271112647225346
324065458565304320
326073773004554241
324636722971435008
324063620583550977
324301318984433664
321424367114399744
324093850161385472
324078177083355137
324121411432108033
324439091754176512
324848910524903424
324172916344365056
324187948830572545
328679287785922563
324064127398060032
324053869724307456
324053211826753536
324170803233034241
327159249685843969
324531646571368451
324969409099747328
324047548060930048
324534478938718210
324079083535347712
324049807373135872
324053056272621568
324053119640154114
321425070549508096
319870481723449345
324045327244087296
326531620939132928
324786963888623616
324338153450254336
320438416120631297
324345782696308736
319032544135897088
323986693365579776
324099554645532672
329134759437537283
324064687618654209
324077729442058240
324138488545042432
327678644006821889
324356528704466945
321387873171542016
324183804803702784
324053881195728896
324055553645092864
326962499645751296
324109995933306880
319435472730464257
326620852005261312
327241233397329920
324050460992483328
327060802525855744
325115632695787521
326061151106506752
325448452706283521
328898619866501122
325035854185762817
324337203570417666
324104459187781632
320137029553885184
324137627055955969
325455985370071040
324044356900245505
324991480605327360
324537033416658944
324156042877493249
324051433659961344
324112615829827584
321668661314220033
326240996776083456
324176171434647552
324163594054955008
324094222930157569
324053720537124864
318648359055417344
324064650813640704
324048525522518016
327811314804224001
324060507164270592
319456011863879681
324054710770364416
324105519667228673
324448561150443521
324867519145971712
324153307360800768
324385184587845632
324122838137204736
321895226820145153
324216646648619009
326939589128368128
324665061920612354
328719352247488512
324055046167883776
324606303345471489
320094940283678721
324054981164539904
324298760505135104
324182050984824832
318885261398405122
323863568846036992
329239646024388608
324049597175562241
324200117693468673
324287448416935936
326947890457083904
321444444358463489
324883109667561472
326532519187062784
321387130771349504
329160738302205955
326689416657649664
324043634523656192
324420745839128576
324122420166422530
325426132788846593
325310378378674176
324537803981602817
328554392661938177
324649002052227072
324241685678800897
328354173064183808
324538282497150977
324087746543112193
324077978311069696
324130770925015040
324315039588823040
324169284446208002
320134996499259394
324053722118369280
324582379442302976
324206537243496448
324150677414768642
324575420060143617
325084470627692545
329370992256360448
324068362772705280
324485492458524672
319245083566276608
321511642527576064
326485502393987072
324275230354833409
324903971145801729
326190598115700737
324610882418130945
324048526696910849
326362714945503235
319842378980667393
325274332328763392
324977567725674496
324169274707017728
324126719831310336
322115059121795072
324283649929379840
324339744421064705
324077545962209280
324060353367535617
324084507940642816
325043705708961792
324047640033636353
324171000197558272
321670242579382272
324434989351567360
324182805791789056
326479872098709506
324044326340542464
325013754532225025
325251889706971136
324079347931693056
324072698722533376
324128967282024448
324446886343872512
324088389026594816
325504584497897472
325612340756234243
327365303036162048
324067999130734592
324562450936631300
324450947445170176
324168178156568577
324051039982583809
324174064103079936
324044170601840643
323865091026071553
324313370998235136
324055728245579778
324111406964289537
321519813879013376
318596636026740736
324146925026803713
327126185626701825
324105616622772224
325291581185871872
324172819757953028
319830995253743617
324159004085456897
324141407545720833
328745613820841984
318618934075092993
324261014482853888
327097634001141761
326074799786954752
324106447233372160
324099686623490048
323907420592173060
324123374890647553
324107936899158016
324076036151205889
321956419177943042
328077344294199297
328447482830925824
326264679133503488
324126607134564352
325567292719116288
324187974289985537
319677121771483136
324199808761995264
324049787836039168
324144040020946945
324270047163990017
324124471361417216
328872218228580352
324538583736274947
324048023590158336
324083035869954048
328897696511434752
324049093523554304
