36095296144416768
40070176858705920
37958601486106624
35109701804892160
40102323489484800
38000262157172736
35743460338180096
41292326206705664
34683283539238912
36983148956876800
33518142911156225
36274718436753408
34088642527895553
40185528695390208
39369800547446784
34096640667164672
40227402357407744
34602487616901120
32575272284848129
34315256830361600
33534930130575360
37867157266104320
33458598008848384
33438058036596736
37965087260016640
34730675873521664
35874366600388608
40434876071022592
33865182698545152
37956889845305344
34984873013805056
34694144974655488
40399158384930816
33558322229690368
35777284409393152
40901508383903744
33518889178640384
33518148858675200
32984614817497088
38157505230155776
34600275708747776
40911385860767745
36985739900231680
37852110984974336
34928525442023424
34542273198825472
35071630409474048
32615390320263170
35709447284203521
36094468595650560
34463275085205504
34102189769097217
41993016709226496
34632221549666304
35351524905320448
33522210115162112
36094466590773248
33469290522873856
34088067862241280
36094464938213376
34446203525537794
34593076513083392
40772900038381568
34984873059946496
33914403908747264
34667737414369280
36122028259934208
34605789062631424
40793642234810368
42031032425381888
35084315574411265
35770521580736513
34366606905708545
38214908374032384
35274302022623232
37971470021824513
40193134646407168
40355234475806720
40325362760024064
38052101355474944
34614927436029952
40175571698716672
40561630911664128
34275833463967745
34169281574866944
39620442247540736
42174110914056192
34635546630291456
39836482076295169
36095595936489472
41288924630487040
33528736645120000
34652617153974272
34114833775329280
34279145143939072
34130628345602048
40753415168593920
39373197946261504
34272054282817536
40185903058128896
41000049660018689
34538022942810112
39371286769696768
40907647506976768
37970391032930304
35348867113295872
40852465725358080
40440700847915008
33330327791341568
40104806672498688
35780382070812672
33522210396180480
37974062756007936
34140102775021568
40474209251635201
35998744453320704
34601444082458624
37965183997448192
40797889248772096
37985087245135872
37587833304784896
39865505187758080
35702145806368768
35153882237640704
34625144680873984
34625728397967360
33415564135235584
34622030645035008
36094465688997888
36728531048341504
34695544005730304
33433976991391745
33856775828541440
33502672837419008
41229872282091520
32623164764721152
39883392661200896
40550610549866496
36094467916173313
35802374450712576
38640454526308352
34441268557774848
40365215178694656
33558253908533248
33702362921046016
37970961777033216
34632632440459264
35761493374930944
36758364256079872
34613475250536448
35715143111278592
34634322837245952
37958599057604608
40790756536877057
34356127378448384
40576948006551552
34987194816929792
35204108000575488
40434063722553344
41082438608367616
35690496252715008
40731582016790529
36094468469821440
34854507720478721
37972938980327425
36130735567937536
33545882255233024
34375622486659072
34611957843628032
40164665304682496
34980057101369344
34602973241810944
34531252463730688
34631578642546688
34926296203005952
40280817863229440
37958601083453440
34528861697867776
39373436794970114
34212837530271744
35386321979580416
35087311041470464
37233668669964288
41258852708134912
34841112053026816
33706971316101120
35745316414160896
34908007594729472
34237197720756225
40061061440733184
38041718800519168
35942899573071872
34052671681863680
39081042971340800
33343847765381120
33518142751768576
36720385403789312
34374748288843776
32536642937950208
33526319430111232
34113820754452480
34729217786642432
34104699728695296
37116241667694593
35685047918919680
35579755461873664
32733050290839552
34609088000163840
40563241008496640
34454193150361600
34521974298386432
33690517837447169
34577285415702528
34598512876470272
34135660231139328
34652707771908096
34137520841170944
34595289494982657
35387198098382848
40219927570939904
40612032004759553
36257049511731200
32610161583460352
35942565995876352
36094463960948736
34409879355531264
41773883589795840
39837132226830336
38437742975123456
32877342657355776
35029250935361536
34292249521037312
33321783960535040
33468252575240192
37985381509107714
34681292456992768
34049658900713474
34006915600097280
35454732655005696
40665508420259840
34949332213956608
34609486261919744
34193688158543872
34895286040002560
40552825574400001
40438102715539457
34373067895480320
34272053901131778
34508947662573568
34087721215467520
33531613203660800
34117573205299201
37232992225071104
33491848731303936
34355378812624897
36094467748401152
34271731703087104
38012648624881664
34975395237339136
40990672802693120
40383930838433792
36188973122461696
38129236313255936
40316421732958208
34671415185641472
38650274008535040
37962657210441728
38115464311869441
36094465265377280
34230706196455424
32321901757992960
34692106274480128
35132675148750848
40275140059213824
37970314050809856
40990168773038080
34595115100012544
32813898230931456
35006199434985472
34091169625411585
34290694264721409
34700639011344385
34669422635384833
34609111819620352
34100313187164160
36112448738037760
36488574920556544
34135474167615488
34191535998242816
36149489156751361
34465506714976256
32437779933691904
34729370086014976
36017385018228737
40192790079995905
33522894495555584
36126658020769792
38112079835705344
32615377850601472
34788946508648448
34108810066927617
40445794670616576
33169322461364224
33559120439152641
34114835826352128
40084886807121920
36094466095841280
35222395501420544
35581293815267328
35806215753699328
34142559185936384
35381170032087040
38394579132755968
40583710109601792
35711536093859840
37457456057683968
34543655855325184
36723839731765248
32817172677918720
42064002938970112
40201653558837248
34817065017815040
33517435344650240
40753626154663936
40908946344513537
40183337662431232
33414611004817408
35698568551464960
40778080515530752
34380582012059648
33519986840436736
34632734139883520
34927710962712576
38294737341517824
40109900050735104
40064431425585152
35038361542467584
34627025666838529
34879629453959169
39779217767923713
35970476945842176
35063861790908417
32580602477678592
41086835233013761
35460186764353536
34133733971853312
36094466477527041
39895380334358528
40555239434100736
36094465131159553
34267601601306625
37958598218752000
34601894932385792
36480447848390656
36103612165791745
36094631242366978
34104699766448128
34212837677072384
34214234199957504
34111680162037761
33174582366048256
38269289345581057
36113553454800896
32791434532753409
35061251960741888
34984872611160064
34109418589134848
36094468788592640
38347489404911616
37958601851019264
40555230169006080
32733731789742080
40244154785079296
34640491555328000
34661538681851904
34212838293639168
36095294105976832
39836353994829825
40381872727003136
34652613270044672
40254290337611776
38452041357598720
35060223009882112
33584574055321600
34594628367814657
41987425186222081
34920336499675136
34604160284491776
34546341774491648
36244308927447040
34697015002660864
38012595705348096
34274980833263616
33560549337866240
40533177982255104
38630543742472192
35234779813122048
39852392342097921
33594224112828416
39370183491592192
37980670047428608
32611185236905985
34269457371107328
32596651004665857
36094465454112768
37978648501948416
40103118515609601
39370645569683457
35140550285852672
34873379014053888
34600638339883008
40164896498913280
34103541530365952
36145545466617856
40584571036631040
33394111637626880
35047817797963776
33559806048473088
34933946156326912
40056655706206208
34396589506170880
34164165505449984
34595899460169728
33565566685941760
35431609922486272
35154992499265536
37967334467436544
36152707660120064
36096148552810496
34089369207840768
34850764065079296
34605051620098048
34616961279197184
36094642239832065
40332655753043968
34403747140472832
40125809226158080
34542272011833344
34343589156757505
41792309154693120
34969585149018113
32237347252731905
34609112411021312
34282072851881984
35048978672259073
37138653469741056
39370280094662656
34397170723454976
36094465311506432
40330962151817216
34089524883623937
33501567403433984
34625582645911552
34601444761935872
34272054261846016
36186181829922816
35595719733678081
41986858011328512
36158820308885504
34810876095631361
33562020603236355
35415606488612864
35066934949199872
42020422782427136
34698720746414080
36785870728069120
36115316270436352
38242854354681857
33524320651182080
36274718700998658
34607436333584386
36134572446072833
34494086799036416
34092203668152320
42258276951400448
33517925885288448
34897629053714432
40461257739862016
34304468556189696
38067820596183040
40900154017980416
40105121220263936
35002167500881920
34895105324363776
35735698862514177
36094451835215873
33516676850913280
40744274173767680
41953444831035392
32872568004288512
34119119716491264
34225974727942144
34217670207348736
33525907343810561
35760395809464320
35059219505881088
40741893079969792
34100455592165377
34664980804538368
33641228834701312
37958598151643136
34268658381492224
34516358469259264
35583022447202304
41993018705715201
33842362803290112
33609617208643584
35381164583690240
34194113532264449
34088718411243520
36098526966456321
33675719917699072
40568603736547330
34544040535924736
34021548956463104
35688746053533696
37970800124502017
36540398197276672
34417401621643264
34504915665551360
34928884956798976
40102075534811136
35701029009887233
37469005937639424
34224286591877120
35700736603983872
37970855845826560
36095294366027776
35104807039537152
33523385870852096
34649916865249280
40541175697907713
34875836142190592
34375861041893376
36094464766255104
35828328703201281
38254656140480512
33602011266023424
34606195671048193
34602485750439936
37969074981965824
38686228542922752
40111522772561920
34347705673195520
36006121663627264
34153683147034625
40181080506122240
36926457447976960
37986096683945984
33582848363470848
40190777132851200
38832104024313856
34911544903081984
34748333616537600
40598647754194946
34319435221176320
34648349378351104
36109966033035264
35038023519313921
34664987116965888
34668173450027010
38564507919851520
34265188597243905
34784872388108288
40778079894769665
38027636802330624
34625779568480256
34602837308604417
41194342513119232
38011217691951104
34464077648498688
34851160967876608
34269457408851969
36094465546387457
38050754157613056
39404879294373889
33145066067329025
34089088030216192
35734805383483392
34602028281892864
33834853799702528
36480114967445504
40499435213422592
37986096432291840
41210599840948224
34711640104501248
40085755816579072
34123032427503616
41967321123651584
34618382762377216
34228349161181184
38647379670343680
34467315948978176
33764500377174016
42300992825470976
40572091149459456
38320545502076928
40841118773936129
40909218835857408
37067950125088768
36995537488195584
34609112113225728
33967786246021120
40902685456732160
41847529905733632
39583401740599296
36008869473812480
33645303366164480
39022720477831169
33932882556755968
34606958510080000
33321898813161472
36094465848385536
33303686113394688
34747751342280704
35001117007941632
33853194446573569
34731308185817088
35698458077696000
36094465898717185
34609111966420992
33522210857549824
41210597613899776
38676685817778176
41938937228439552
40435294868082688
34056850605342720
38129273176989696
34168578391412737
33414611432640512
36103401456541696
40435641682501632
33593344105910272
35802376455585793
33545917739040768
35875790688092160
40120382015025152
35275516730679296
34111114648231936
36138339060940801
35285063818162176
34493722284531713
33954469272096768
40622972129517569
37975600601763840
33527476416151552
39867216467996672
34087916825223168
33517324065574912
37970648525447168
40150854522773506
34906703468167168
40570741896257536
34365691029102592
34116134378668032
34622481809543168
34068474292609024
36094468897644544
33724367791726592
34304177530216449
32597268385239041
34625851861499904
40233466184335361
33541840997187584
34446202409844736
32552778526101504
37959872620273664
34929276868370432
34884288017080320
34525251530534912
34617540290281472
40568137497710592
37964041833947136
33523093880320000
34634910270488576
39394530952224769
33894871907569664
34290694038233089
34295943071277056
37984251915804672
36107621882662913
36144835131871232
34606762959192064
34626577971167232
34091177191931906
35147082511683584
35689168994574336
37958599300874240
37968078671187968
32468393219067905
34606812561027072
38050077134032896
37998554706350080
34675175374987264
34214127542996992
34604953200902144
40105899494346752
41523237607178240
41091334211117056
34757243362607105
40120078993330176
32606360751308800
34268229799120896
36094464866914306
34461717157261312
33594207222366208
34880474438434816
40150132049580033
40104072543477760
35009910345302016
38048375853031425
37989775399071744
34392548692729856
35128084474630144
33924063160320000
34366607375466496
33328155720679424
35168617771311105
34176894735749120
37977418249539584
40442064697167872
37600840206258176
32486624927420418
34501187315171328
40439337732673536
36094466993426432
34707581339439105
37975160690581504
34843069010419712
34926295515140096
35387219782926336
34098973253828608
37969496043945984
33846151509712896
42221394607476738
34601201504886784
34905544959467520
34734725713104896
41795418207690752
34226407580110848
34611958565048321
34050152977145856
35128448632487938
33512212798636032
39836219500277760
34714086960799744
40440871941967873
36122384566059008
34460570690260993
34295147537760256
36094467547074560
33368110325039105
36133150778200064
32594905989644288
34108068908376064
36094467308003328
34646355892772864
32438802567921664
37971107013206016
34628292287930368
40612263274483713
34848062274805761
35682532599013376
34097010692853760
34953865967177728
34184901376872448
34433362265382912
34601323219386368
40550765248512000
40124271187591168
34589014459682816
36094454301466624
36720668208926720
40557219569213440
35001911555923969
38406609256316928
40158861876793344
40180592297385984
34602585201582080
39901009979379713
34524302502002688
34520805274558464
34271580750094336
38163798795886592
34455001971560448
34984875203239937
34383884376350720
40184727688192000
36753489476452352
35911492649881600
37126953672646656
34579881295749120
36419739924303872
34584137033584640
34789281696317440
36130915960750080
34241696938070016
32887775464263680
34984875287117824
39910628608966656
32243463416184832
34549129241698304
40178028445171712
34100381877276672
39900647017033728
36128582296145920
34897493347008512
37960178129305600
35154357523587072
34123548784066560
36096074292662272
40102848087855104
34173150577033217
35007658599645184
40751629586280448
34272054911963136
35597123928076288
33376003845914624
34601703659540480
33822939031797760
34894413960323072
38048955879268352
34574494060384256
35768288621371392
37528197780209664
33901696753074177
40871599502655488
35052282361946112
38277808073617408
34342050895757312
40180271705755648
40210932575637505
37166961519497216
36327880933773312
37970271344271360
33517926204047360
35059403975557120
40584824792170496
40481868621164544
35140549820289024
37972156402900992
34441268314509312
33632118957416448
33480371748216832
40431261017325569
40459361532911616
32574881908391936
40570252953653248
34119023872446464
33500441929064448
35579742316929024
41994614256705539
34412705980878849
34985388716072960
37007624243249152
34686421780402177
34347705467666432
40553233399160833
35051465504456704
38497690979532800
34494233549213697
33577147415134209
35511630456422400
38632123027955713
40611813401825280
40353841073360896
32845009510207489
34749935106654208
38528128045289472
36318285905530880
38663141747458048
35009660150882304
35277988148813824
35886003491176448
34625728016289793
40180646471143424
34729131077799937
33438057797525504
34012459471736832
34925710074187777
34223888585986048
41208441854894080
35060222984720384
34620013709107200
33512744351178752
40184389094752256
34906703468167169
33483109244731392
34690053322047488
34489128255111168
34212837479944192
34272054593191936
37993105894412288
41222026337189888
34667358303813633
33810217405779968
33904707604975616
32503466584711168
34919092968235008
34102030230364161
34092203869478912
32603220945674241
33647201552957440
34991934749544448
34608215081750528
40239447668822016
39051173260566528
34090424024961025
33503472364036096
33214813765107712
32794476506259456
34123034142969857
34105262461685760
35529651988209664
37280570329268224
34294163713298432
36096143410593793
33861698385354752
34155402820059137
40607803034836992
40728110575910913
34366607681650688
34212837987454976
37967592018673665
35690166580555776
32241770033053697
33548652181987329
34546946890797056
34616345521823744
34651976440479744
37975238234869760
39145290426486785
39694817239760896
35198197819248641
34605315097894912
33690517954887680
38024153869058048
34267343144095744
33576779218161665
40724905704173568
37962840757379073
34618085071659008
40898663718854656
34366607081873408
34105014985162752
34537535711477760
35012261768597504
39827754425786368
34129853900922880
39621740242026496
34113906343411712
37964495632470016
37986988376199168
39371387122618368
34679884924059648
34189524359708672
34653941895536640
34605446522355712
38649194495344640
37984252129710081
34674433150951424
36094467475767297
34090529448796160
35581310827372544
34640143428222976
42252165305208832
33571969156915200
35264172149186560
35139431895666688
35279394410860545
34762705009258496
32321996897394689
34230450314551296
40142489855725568
35088381364932608
35692157973041152
40331663573655552
38048993422352385
36094467182166016
34671334571122688
35682531445579776
35314497837080577
33843644356100096
33505566458384384
34628834749845506
38054609784147969
35186241574019072
38057388112216064
40899926749745153
34880513558708224
34843146214969344
40197466892533760
38651019244081152
33511021192683520
34600756409540609
34351682259255297
33469291261075456
34141276743925761
34517421209567232
34330145640677376
37986009371123712
32468641878376450
36094466464940032
35074036891385856
38192188445691904
33307639031009280
38881309669588992
40434888364654592
36633816143499264
38832104238219264
34660458015227904
34089843831083009
41219657960652800
33901692944650241
37958601544826880
34546476705124352
39400746822668288
34347705094373376
34098885949390849
34436819840016384
40738624773296128
34615709279592448
34073234504679424
36094630567223296
33471265629011968
33322399504007169
36104259174924288
36094466972450817
34212838062956544
34681307980103680
40424089445351424
34914546590294016
41996543514910720
38881939641483264
41969249807368192
33471429156675584
32574625980350464
33304990059601920
34985326955077632
36124193481302016
42082130121064448
34631457225838592
34109684319260672
40908893408346112
35012005022793728
34965745943191552
37971382402945024
37958597778350081
34647963125035008
34597202575761408
40180046773620736
35973870213275648
32578273607163904
34476055523753984
33674988498198528
37511846726606848
38008973747699712
40413006575697921
34366607622934528
40345297146220544
33492405554511872
34651192671870977
35083568736632833
37195283746000896
34526311082885120
33487927233220608
36094465005322241
34632431243886593
33572489481158656
34119181641187328
34514829624479745
34155169344126976
33703771036975105
34535280358727680
34024894261891072
40811376318484480
34462669843083264
40742897368305664
34155946049536000
37963031354806272
37958601280593920
40584982711898112
40190776889573376
33526385121169409
34464279738449921
34131938574860289
33602100512423936
34093188759158785
34145035586895873
34111765834895360
34272055125876736
34751234627866624
34895369921892352
37957339269185536
35128346807513088
34156044942839809
36094466741764096
34148690700533760
40554922378272771
40195883068825600
40117438876106752
38308338232082432
35732318022803456
38021835023056896
39371449559023616
35702069822226432
35695965746757632
34207403322904576
38270008161353728
35308935606960128
36094465869357056
36094468490792960
35687421425229824
35319789652021248
41174156632530944
37154794816811008
40186898529910784
33680749513146368
35581301314691072
34850763293331456
34125919475990529
40164894515007489
34123034935693312
36094468046192640
34643971556777984
34365690186047488
33671727535890433
34919926275768320
33702987335467009
33581255412948992
34642770949840896
33789226164158464
40893843326894080
37958599015669761
34434116531257344
34366607128006656
35001117398007808
34381015015235584
40780563149225985
33690517824872450
33090078943219713
34123394710507520
34626358122381312
33558308329623552
34461202365030400
33522355561041920
37985636476661760
34829201471184896
34771102353850368
36173205479620608
34971385184911360
34692330904621056
33907713301807104
38053999055736833
35710534779142144
35056634170445824
39573359901687808
34102686404050944
33682202625572864
36094464460066816
35711911005913088
34089301855707136
39585069525897216
32242232677367808
34614372793847809
39858387554402304
35798192712851456
33415123204841472
34676556836114432
34672086953754624
34366607685849088
34345673822310400
33498451186679808
33528545443577856
35768668545622016
40179381905264641
34628348181225472
40598638728200192
36720588106113024
40159519443001344
34107620193214464
34570540903571456
36024008168177664
37958597413445632
35042754174128128
34902409079824384
40110743445716993
35217300445470720
39294266639384576
35770521555570688
36259603419373568
40416597424340992
34466074577600512
33518647838253056
34612797962715136
35186193595506688
32575181952131073
35050888426946560
40182585074257920
33488987293224960
36092115742228480
37167135776055296
37463670707462146
38630110798159872
35108048162922496
40822902110552064
33930465744265216
34622557063749632
38832104129175552
40181970629689344
41941907730993152
41663468331479041
34624752165466112
40065862509527040
36094467467386880
34584136484130816
35685500253642753
34925709122084864
35144225041416192
36125560056840192
35173358018494464
40553934158307328
37233899096506368
34434236584824833
34597876889812992
35029650895802369
37958598382325761
33674582594420738
35018387943854080
40411836633321472
34318153123102720
34099016912343040
37972681135497216
34099174978887680
33518142315565057
36094625181605888
37986094951698432
35689166574460928
35704553215098880
40242700770869248
40442445103636480
38652726309158912
35057739256307712
38554175633629184
34611957340307456
36676585473974272
40345086176927744
36116987042074624
40421035748626432
33491216838426624
34602129981186048
33359208409726977
37172695649095680
34606343532838912
38548007536304128
34627447810949121
38269027759570944
34611959001255936
42001850857164800
40176572036165632
33682193888837632
34690032065318912
34226549544718336
35679915311370240
39805957609488384
37972949927596032
34556704385404928
33438653099282433
34448355492896771
34146283060985856
35246578134417409
32464301407084544
33561226420158464
37467075282739200
33559439525158912
37971827355553792
34501184685342721
34085680334376960
34779138770337792
34600909786845185
34621762251669504
34984874716700673
40728734118064128
40546102717456384
35048230165155840
37958597283422208
35173908109856768
34553657731055616
35672955023269888
34474832464715776
33568661201494017
40909479612661760
34231147546284032
39868313399984128
34699273299820544
40811382601420800
34037230586568704
33573303419408384
38528127814598656
35318504605491200
34115064936005632
38630198454915072
33469599278170112
34609112515874816
34806255465799680
34600704198840321
35384722259451904
37958600601112576
41993019544571904
40570268464193537
36002205135798272
34609891708506113
39728906177085440
34115064256532481
33303091998621696
34259355993907201
34146283581079552
41229748793249793
35739873985953792
35035259842072576
34944023042985984
33518384431763456
34128200921513984
34770855422599168
34090168889643008
38565301213724672
38974202988085249
34619692970672128
34272054689660928
34680075890860032
35277988266254336
34106554190004224
34610613317541888
40063837017214976
35761493467209728
34952612583309312
34227796519682048
35026241065062400
33511473414144002
34297627994497024
34089168753659904
37970267674255360
33702679729541120
41013706192199680
36094468054589440
34462107030257664
34721016366379008
38078899015528448
36094464845938688
35024316634501120
33491217387888640
33856776109563904
35007134047404032
41770363889127424
35182112017481728
40867145537560576
34984921999085568
33922728746553344
34684852741603328
34865395009593344
34272054257647616
34170311230361600
34148002322976768
38884673610321920
40210632796012544
35314857062572032
36109043915296769
36012137918767104
34946551390547968
38111973174546432
38865708184117248
35288735314616320
33505772558098433
34651871540936705
33491215584329728
35006193793503234
32498683954077696
34672574323490816
35585578967764992
38406607234662400
34687652863287296
40452364922126336
40555478710747136
37970388617146368
34797737593544704
40550248371847168
34535401087574017
40127724165013506
37972705948991488
38319355955515393
35338493194412033
34626650591199232
40477852445065216
34658740426768384
35579742899929088
42256896429793280
33520387279036417
40420441562693633
38696216997015552
38002956154441728
40555096626438144
34512564113252352
40541072656437248
34883670825238528
39076125342703616
33517955094413312
33543222873554944
36101651563544576
33515763096616960
34628825753063424
34602488086667264
34377305837015041
35880736053665792
34268722747146240
38239293147320320
34084382247632896
34272054442205184
34699787123040256
33499315997511680
40899810219266048
35712420907466752
39827758792056832
35140725330935808
34464181960843264
33319361292800000
32693131971403777
34446343451705345
33526598518964224
34669713959165952
34358237595697152
40206827773763584
40899649359454208
41543717219209217
34092203408101376
33491847095525376
35137265118220288
34297053525843968
33518145415155713
34160399179841536
34670683694833664
40443384908881920
33910228965662721
40553406581972992
34984872913149953
39377197357596672
35727149776240640
36540717090209792
34052986292412416
39858387667648512
40445241660022784
40518011643232257
34177279550697472
42098041540452352
40567156542283776
35739549023870976
34267755460952064
34421254215700481
35028057366601728
41231261171318784
35764227654291456
40224195774259200
34614145168965632
34191125791113216
40407081957720064
37604107237867520
38104862646476800
36007170336104448
39082113915428864
40536268689379328
34198880421675008
38839162966638592
40238973192241152
40085463540826112
34599379331457025
32874093745283073
34568180227637248
40159217847369728
32317993606189056
35266951391481856
33544415607783424
37995210591969280
40864450948890624
34628996020838400
40185791476928512
34358230675103744
36094455861747712
33552855344353281
33891236536385537
35222594571608064
36113332968624128
34268221502787584
40117065574514688
34928028635103232
34212837798711296
34439915143962624
