27180593462
27659263761
26377358198
28411117150
27901059772
26394361727
26426783034
28912898516
27335231119
28910065998
28887835738
26529983657
28886905814
26393401215
28681114829
28975036221
28914630086
28992305697
26972365412
27524931835
28917985857
28568123580
29034735247
29058092379
27980851874
26631525639
26330362574
26817475862
27193797659
28913853506
28886516765
27807731035
28937491769
29014973568
29098829726
27855436254
28896076841
28887834661
26930257436
27352639981
28886516976
28795152688
26487046102
28888804713
28028338707
29113390675
28004958678
27453191616
29071023337
26548868858
28762667329
26256552809
26328987159
28976031037
27208914755
28926697319
26778367812
26377544352
26514681011
29069986629
27155422319
28921807578
28885316328
27444288739
27242149329
28990448426
26342020138
27784801771
28073463744
26674911538
28997746285
27234049001
27808486096
26810282774
27066341221
28796771924
28888446234
27296825669
27306742747
26880120483
28914723618
28762259101
27429176132
26926879486
28919879354
26542093973
28679091512
29238401758
28406075266
28643144145
26254959686
26518492829
27219909655
28989731946
27659134112
28761019204
27429176596
29051447377
28920524942
28797271589
28390405244
27210466082
27915474501
27207433495
28921687751
28889642104
27362815605
29057696066
26457745010
28889704328
26523757094
28886155745
26247294630
26656114661
26628624261
28731760754
26494089883
28717407803
26108759170
26374941919
27293949827
26948202984
27331364738
27363769226
26247248307
29036861865
27337596035
28926076475
28886517254
28910268197
29000324374
28547860863
26165852568
29314165533
28750305849
28941527044
26148918178
28454664083
29014984567
28914631869
28975034826
27167188091
27453532513
26932964809
29024518974
28067672090
26776282757
28910789844
26968666436
26293958084
28925392154
29173572170
27686834502
27517540557
26593185283
27618811490
26276163397
29244867785
26948012875
28983219717
28751590912
28915340414
28629346444
29052171880
28909036330
28920491848
28978404659
27146359513
28910526371
26360514831
28762667312
26623339116
27703491715
26514681804
28759375964
26393471640
28889703859
26635744110
26674909226
29169006295
27765732483
26588978655
28927900254
28708948315
28776999151
27855921408
27396763155
28894060767
28885319192
27008894019
28906710778
27399285452
27429175475
27187310263
28760679762
28913853663
27220884401
28887834280
28696056490
28975724896
27236230933
27207785815
27400973973
27862847696
26518786568
26435596503
27169295617
27328684164
26217693785
29097575634
28910524460
28897813558
27192979450
28910793881
26529308160
28622488070
26372742931
28877164268
26631126883
28970959477
26372668514
28914631391
27385400753
27269823192
27344505347
26514680230
27434802573
28012298807
28905852443
26685019511
26376660760
26910897692
26800368215
28995033768
27377360316
28908846904
27710530575
26990160245
28868856688
27158924000
28803194949
28906520985
28842357984
26639481522
28886439878
27836810799
27882500126
26336727482
29172312415
28912570121
26343660764
28913008612
28885264630
27545885290
27032359778
26267772672
26533882211
28740785750
26395911915
26330793095
27263685896
28887834306
26936316399
28982283641
27232406232
27866624518
26628162686
27169251638
29012733710
28910771749
28062395226
28910772369
27658967614
28762667288
27196943445
27979696499
28975699348
28934913408
27346196849
28885668175
27169836690
27705877389
27856098244
28739868346
26743545109
28709557866
27849459069
27004428523
27293729932
26562541056
28761019099
27659037694
28784316097
26346137647
28912338729
28563954676
27007415475
29014956719
28914101090
27774617933
27117117125
26641523804
27373213999
28888336940
28910527175
27175511259
28913853456
28913009383
27573375609
26946456896
27369692986
27327558362
28762708587
29025161014
28910112140
28910929047
27599178826
28912855867
26578477750
28906104202
27512987286
27234502753
26899113261
29006907296
26837407485
27067943668
28917941894
28923300305
28677070099
28913008571
28921619771
28918469717
27471432935
27365664984
26647365965
28912969570
28885317958
28805116952
28931197538
27182209469
26965222938
29014954906
27193801954
28921772525
28907200119
26915217646
29230377775
26608359462
27401585177
28828231078
26393722633
28800833460
28514430744
