120915118350544896
127501224995078145
129891388832751616
126847135135182848
127505722652102656
126953100534755328
127339636979793920
129714006133964800
129982409805545472
126885629131894785
129688497492721664
126318984969719808
126955519641522176
130954701217857536
127092957420601344
129946678378762242
126822120280961024
129659710679945216
130040825928359936
129859609572802561
127409678329196544
126822321553031169
120931297555263488
120506092915654656
130522229220982784
130977574523383810
126634502389895168
126822570166190080
130025286157869058
129729854231945216
129712588245307393
131115305580756992
126898979840598017
127095798734393345
128212450079285248
130966285516414978
123833260789862400
130153793001226240
126936053390127105
129895941053493248
128527742298886144
126820193732280323
127446808136925184
126822575635570688
122126509384278017
126817657331793920
126942572345180160
129936252534403072
128519981037137920
126822189633769473
126909978547204096
130330666700242944
128739415639072768
126589096050167808
126918940747251712
127406826949066752
126911598408384512
129971523254628352
127116774989762560
130174060649918464
127208033636982784
121574308656070656
127968969394102272
126947225682194432
127979282130677760
127168076188884992
126880417927266304
129718652286140416
126909653098577920
128032862950785026
126672280712523776
127013702653329410
126822207396646912
129309237221404673
127276371515949056
126820696163762177
126822372614475778
125818675780530176
130229991920246785
127072584373243904
128779489026129920
126817524691120128
130130405029453825
123810086912135169
131040875294900226
129703635159486464
127095117457784832
128837570976165889
126434304006959104
120129132393807872
130003450896457729
126156139195928576
128535374946512896
126822316255608832
126956487603003393
126823008152195074
131030906357030912
129875646863245314
127984721543184385
126954453390737410
126362007283834881
129730441241575425
123533698174959616
129627227175399425
126822321804681216
127226268449116160
131003453542641666
127369920395747328
127007115779903489
125893480777138176
122311573606903808
120921592166494208
126939049033342976
126822254943277056
129844656598036481
120922620924399616
123598719483514882
120065073560555520
126822290544525312
126931130690707457
125933755218141185
125438066323230720
126822242477805568
120960731045822464
126866198192332800
127086451857948672
127096096609673216
126831817625059328
124161052828119040
129914030830788608
127074667411423234
127141239664549889
127008836459573248
128204051581116417
126975988465807360
130547014617403392
129699224832065536
127066587139293184
129949692292374528
127312439665635328
119968919648874496
126822270525124608
125942783788855298
129735173490229248
126836945316888576
129964104868823040
127089419797798912
125942677127708672
129622195168231425
128540062446137344
129289525322194944
126958122836299776
126482527937495041
126822301722345472
126806137344499712
126827647178256385
130653406028234753
123359100233973760
127103389392834560
123728499520438272
130818825657663489
126822292083847170
120213134509211648
129918386854572032
129968587820634112
129732623701516288
129750479776387072
126984408459788288
129743743350882304
121243141754990592
126937012791033856
125690251560751104
127122417511432194
129780024193728512
125680959835209729
129858945304109056
130816141584117760
129909611712086016
130597006832975872
127116171597197313
126918867632144385
127046575187951616
127606224274464769
125947133915447296
128802546885206017
126795811454595072
119925116888039424
126826317500006400
126974486946914304
130094834085138432
126820880369201154
126893356096827393
129756063393251328
128764101567590400
126833609142321152
130732812197298176
127331377292120065
126831655963987968
126852233374597121
126962779268718592
126944773830475776
126949984783441920
129940318383648769
125883925942910976
129897945247137792
126843283388383233
129886519774298112
129655783473414144
129634000825360385
123240962796437505
122320509621903361
126929913235255297
126909779326144513
125709378304225280
128031556056006656
124817280625418240
130007614674317312
124622252095455232
126877754661675008
124386548018974720
128269247578259456
126577053632954368
126970888770961409
126803543322660864
121590710972579842
129621365010599940
126916359178297344
127090500393107459
129887973142568960
122102781015375872
126820507621396481
126841981040197633
126845547201048577
125800882293051392
127457324796362752
129887966419107840
129675764739215361
123937193424195585
120915504885014528
126698712155176961
129844370181603328
126820439602376705
129688147725529089
127022602106580992
128416069424656385
126820813243559936
125928269907369985
129920337604386816
126822308961730560
124053736665526272
126902235434188800
126946365870841856
129925258307321856
127160291640344576
126801966318882816
128544120804356096
130957400952930304
126818361626726400
127822979550810113
128278061048266753
124607049756717058
130306328936714240
126820530539069441
129627052511985665
129911963038924800
126817519653748736
127409676932489216
129631752556785664
122752901914443776
126983702248030208
126092516893261824
129655791480348672
127836537344884736
129627970536087552
126820926150017024
123598715092078592
126855293593321472
126964503052156929
129943793414836225
126974493829763072
126904159587934208
127146621141131264
131034718035648513
129637395481116672
126913279716106240
120885295267852288
127043726974517248
126950155831357440
128531119556661250
127480121018957824
129747727578955776
124460137405612032
126839251970179072
129618498925236224
129854317262946305
129976110887878656
129966242994982912
127217694188642304
131147795263528960
130166608588062720
126958921935101952
126839897041534976
120546244224499712
129955262063837185
127072098274385920
129979565991923712
126831284680007680
127230399121338368
126815530320543745
126822308781359104
126820659253874690
120537105008037888
130524877898776577
127697824543543296
127454448346857473
125882184291729408
127810490977107969
122278461598470144
126810189071532033
127460487666470913
124587498209951744
124446531184103424
120608587012775936
126930311044014082
130094777390735361
126844363966910464
128827914354561024
128589044555857920
130093021462147072
130118173637873665
130952841190842368
129976719141650434
129887955409059840
129923956256940032
121259684270313474
126891868893089792
126822319187443713
124119582364532736
128224521168756736
127390295708008448
127023097244168192
129904041210810370
126805784532226049
130059443143577600
126822216275988481
129641850700185600
122222359213125632
129655786715623424
129873312410107904
127532700335751168
130019569195683840
129673027603546114
129931399527546880
129935364512161792
130112453467058176
122049332869472256
126836946579369984
122131816982388736
127238219627626497
127392345942532097
129773887306215425
126883212378124288
130964015961751553
129980185230581761
128486517818654721
120720849367080960
127185836918849536
129963634452471809
126861753953943552
129655785859981312
130953177142009856
130681705194471424
127491337925828608
122061106830254080
127327019506741248
126817544911847424
121629625100152832
122280449048449025
127218322591842304
126945115464941568
126926882301161472
126810190556315649
130070775179907072
129176020250140673
126901177018363904
129668964929384448
131075520979943424
128210112929210368
131101990515261440
129931959223853057
126879203948896256
126832289182269441
127033991030251520
126912184293928960
129671731588775937
129655790851194881
126822305568526337
126815918960541696
126956020332367873
126801952326692864
127265267259670529
130029022200602625
126817536045088768
130137211051065345
127021735085228032
130611873371537409
127022419331399681
130310144746725376
126822301772693505
129969844446695424
126817953193787392
129716619462180866
126817881349570561
127360402731433985
127417074397085696
126834865751588865
129785656783273985
127412608922959873
130050273644265474
129620386190077952
122050617693843456
120921944144093186
126973836439719936
120885299701235712
127752236880236544
130435684304551936
129755558013177856
128531646080233472
125812495666511873
126831282855493632
126801958148382720
130236702450135040
128533339060707328
129624926863892480
126953452629786624
129924782526431234
126818868596453377
126625096667369472
123354082076397568
128294010535157761
126963677621522432
129843760581455872
126820352239206400
129889346496110592
129470226608820224
127403800460918784
129067600515825664
126822323083948032
126819235665166338
130285287883546625
127460986067230720
126927506572984320
126822194352369664
130190720727396352
127211742353817600
124378860811849728
129427795637043200
127842028871626752
122926036269801472
121427232903274496
129916705337122816
126883095055048704
131111971029401600
126954439922823169
124794881267875840
130170108386607104
129887959930507264
126820809401577472
128221844389101568
126821654348304384
126845038415183872
130661935225126912
129963514621206528
122050227132833792
126814650317799424
121334291291570176
130864482732879872
126917161502511104
126844044809748481
126822188404834305
129931958842163200
126815667214225409
129704055575552000
126991158407741440
130540698415005696
126817465282994176
127175610379411458
131020833815674881
126801967300358144
127214143689338881
126892504028160000
126953558640836608
120918028568379392
122582295780667392
131049259255607297
126815403556093952
127823924347146241
131049351937146881
120969317717258240
126926372579983360
129764754775474176
126822577120362497
127237996322885632
122309471467880448
126953878557163520
126820514764308480
126822199318429696
130930448745496577
121235865644179456
127038149363900417
129658419039846401
122131433815949312
130090322024873985
126968940634189824
129908011358617600
126861023130042368
125936470790905856
126818261785509888
128531572931575808
128264386371518464
129811528588328961
129746619347386368
126947657192181760
129623954007658496
129916703902662657
128434949282988033
119952933889642496
129907123097321472
126965058386395136
130664035497680896
129872131432529920
124510771962060800
126816080374140929
126945335460380672
121962557341835266
126820814296334336
126822289688903680
129769079329398784
127474599788154880
129887956709289984
123262618407403520
130634602808221696
125295096844394496
128568948789755905
130284245611577344
129845884040134656
126822561240719361
129663278275244035
129887961553707008
126822410564542464
126848867508559873
126838816567861249
129655785247604736
131008638201503746
129521590693138432
129662926289240064
130704262404644864
129929067280613376
128589135953928192
126901718482034688
129887964078686208
131000682751860736
123782541147774976
123026065227649024
126968097298071552
129961007350161408
126993522304888833
127364408379842561
126822572829577216
120877909723451392
131000790717431808
126817911947014144
126879239675981824
126822250975461376
130005394734067712
120809615565914112
126836706967166976
129783762983718912
127456629644992512
128533330160390145
129726827542478849
129914015060197376
120208120164270080
126898996626202624
120545320026378241
130263120026419200
123574274702315521
127340431850733568
120459138923892736
129887965114667008
127022300712288257
127266769546117120
125080029309829120
126600417848197123
126823141988253696
127322220077920256
129951659949428736
129888390488403968
127103209549467649
129950203271852032
129872130593665024
126965106717360128
127118405542219778
129621140212678656
127108340210872321
127119503556489218
129732234457513984
126817530617659392
129888834392567808
126822578944872448
129887393477169152
120818062764154880
121286619344011264
127419929791172609
126094758497107968
126832102376341504
126822283611357184
129887962514210816
127411381594103808
122252065165680640
126843330972753920
129970777448652801
127376158361796609
127935082064379905
126822295699337216
126822186639036416
126822201826607104
128512733229490176
126988287977074688
120286400791846912
126926371472683008
120709880762994688
126831464162664448
130041501777526784
129705881024724992
126944250234535936
120921480027582464
125947249418190848
121987829885698048
126814341113712640
126502845972365312
127395846982598656
126981442067636224
127080063186378752
126812389332094978
127746147841355776
128338367321612289
127392931526082561
126964192690454528
130995506188009473
120193456760045568
127396225304625152
129979321459810304
129907158161686528
129961010412011524
127558773760987136
129624980043464704
130176319051935745
127067397399117824
129887957170651136
127195683454324736
130020820859891712
126836289428389888
128525817549570048
127013834476109824
126924904326111232
126801975282114561
129076510563893248
123374240014680064
127028835270144000
126831913779474434
129889135430340608
127005878749638656
129980303040192512
121681593977929728
126917962543271937
130065702148259840
126957379232342016
126820443318517760
129853243021983744
126822093659713536
129758204098912256
129921657426026497
120300499038769152
130317199473774592
126815878858813440
124902123266781184
127298563708420096
126820510200905728
124384872017043456
129713479870447616
126900577979473921
123354178054656000
128310209260158976
126955322664423424
127766875722616832
126941987424305153
128433392625786880
127258137018368000
123357719204868096
129747873507180544
130219518147567616
129732249594757120
126426028506750976
126335929748160513
126822312472346624
129962991700553728
129727394612379648
129621385118097409
128531500525301760
130228081003728896
121923031043031041
127614974657966081
126919957199073280
130257597470224384
120394016251592704
129655781468553216
131030594225324033
130901641963651072
126822199679131649
130230783129554944
129740228058546176
129961016367923200
120204113278537729
126558005985673217
123785692332564480
129853244578082816
126971709839523841
121254145519910913
126820498448453632
130976670306938880
130276012423528448
128539783663337472
126820647593721857
127163565248491520
126871754755936257
129853243739226112
130612525157990402
123227800697188352
128504490050596865
128378142015500288
127022173821992960
128222068876652545
120916006297280512
129655801131433986
127408837601918976
126841821203673088
121245993059622914
123378298217701376
128837507113680896
127037868647526400
128412060836048896
128839513748406272
127023759122104321
131033446100385793
126828749340684288
126825602736070656
125821073794142208
122302689404125185
122266451791978497
127203853388095488
127155331737464832
126932441297469441
129940321588084736
126912446270160896
126644554492411905
126822236404453376
129973215442374656
126979690605981696
126286298972569600
127078676692074496
127429359152799746
126831277792960512
126908293619777536
127154685135163392
129133322164109312
128860581871620096
126239379160186880
129734296192811009
121006033782050816
129636069930053632
129904995125571585
129758964110995456
126902856203771904
125308508391489536
126831655884296194
129264903839170561
127363974634274817
130967539038695424
126833529626705920
126982397253259264
128515718936399872
124382602525282304
126214514403315712
126822010897711104
126807099824025601
129887959125209089
129968589582237696
129897737041883137
126822378620719104
126662293995012098
126802912193167360
126825481004789760
126810121245433856
126948001896869888
127002775488954368
124238343054704640
119968921142038528
127145593033326593
127009706681180160
130893510881722369
126934355162578947
126902565660135425
126845639295377408
126815258953256960
126820917321019392
125824173422546944
129630228715814913
128206260272242690
128201912783872000
126814552225611776
126831454951976960
125671167003590656
129675481372037120
127735443159654400
129621353442705408
129846755956240384
129890441838592000
130024192484708352
130730992083271683
127290229110476800
126801950372143105
130165513136521217
126288620423360512
129630236416557056
126943003788062720
126822246969917441
126820195737145344
121241285809012736
129618412795207680
129925250967281667
129630432844193793
127105118670819328
127088529917480960
128258108211470337
126967844608028673
129979170733297664
127422727597457408
127271558862483457
126841090572685312
122901112675254272
122278679920386048
126885178449727488
129718816006606848
126822312266825730
120202793515614208
126957117490987008
127700788968562689
127007249716613120
129659754720145408
127419438411681793
126829314833518593
126815853579747328
123000269075255298
129961010072256513
130909161373450240
128543887026438144
129745622210314241
130044131975249922
130446628627820545
129887957929832449
129659161100304384
129972247870976001
127089264126214144
127103526001319936
122757405376389120
121929955553714176
127203852003966976
124798150094499840
129658432188981250
126852153934479361
127142463260467200
126822228095533056
130756931945111554
130123843724509184
129782354477727744
128448086480654336
122300836595499009
126831473864093697
126983801246191616
125942066478972929
125014929513250816
126801951622045696
126801949365514241
127361026713845761
126974394336677888
126831287767015424
129859301715095552
131040975521988609
130798129749569536
129966249689100289
120915033566883841
130212546891366400
125264060370530304
129621402016956416
127987818571112448
127006775412142080
130311619887632387
126989416496496640
121590551165407232
122756121604792320
128341570062794752
119945502086266881
126822198714433536
126910249830588416
126472511000023040
128533348116201473
129713062159712256
127765240636121088
126818478794608640
127587523731005440
124381542456897536
130193002151952384
119944466567151616
130063093588967425
127049131532361728
125972680854867968
127027702984216576
126818515226345472
126827644946874368
127223469694926848
126911421844963328
126820713813393408
126831268351586306
129947485056679936
128529261840711681
126822568253595648
128638665365786625
127028118211923968
124815577607970816
121047112568934400
129888234711953408
129736567777542145
127444030266163200
126822390507384832
129851105147486208
127029959620435969
122049295665995776
130994751066472450
123708689130594304
124300630004215808
126959490854694912
124818054680031232
127222802091745282
129867090390827008
126801955317219329
127265332841807872
128219570803703808
127349674557456384
126599079026376705
127442945719808000
128207025971798016
126873820907835393
130235330010939392
126324139094048769
127123807604445184
129729380489498624
126822193605771264
126801961671602177
130538181652254720
130761964753399810
130538199444504576
126822582510030848
127328428029509632
128172623984214016
126998760533397504
128847292513001472
127119005164113920
126852822158409728
129961007299825664
126900181680652288
127457658524540929
126478536235155458
129894623303831552
122925442448637952
129916701386096640
128204699932426240
126935827845627904
124388703673126912
126825539993485312
128201543345381376
128346866998984704
129643090343497729
125641913427693568
128567454413758465
130886405130952704
126820553062494209
129888377318281218
126920504174067712
121531190883790849
126911599230451712
129655789290913792
126996221394034688
126886667461206017
129883382904655872
127280992732987392
128541665882419201
129898324215078913
126801963974262785
123217423267672064
123672809506488320
121328509338656768
126943676206297089
129899748873351168
126820679478812672
129916702690512896
129852448054583296
126930029400702976
126905140497223680
129933158148866048
122095928457961472
127203857544642560
129161700518793216
123671955449708544
127465065870934016
129627917545259008
129963066078138368
127086906008805378
126820537338040321
126820754586210304
129283232029085696
126822317291618305
127364332106424320
127022868751056896
127355918928187392
126926074029412352
126822424271527937
123988573551726592
126961149907439616
129858248294662144
129618403630645248
125687187114176512
128295711522566144
126337045609197569
129976145880944641
130107833910968321
126968463829897216
126822310899490816
129872132426563584
129834868334002176
124387038291165184
130005788646322176
124622508367429632
127429161965985793
127455790062768129
129619330022387712
130008926342221825
129887954477916161
127022748827525120
129887231409270785
121922462152794113
122048761429110784
121962709330829312
121235837747871745
126694430634807296
126803659991429120
126334223572402176
130013458304479232
122025459448954880
129848477915156481
128205095346245632
126822289466605568
123354454090186752
128544498484658176
128270661692039168
130961433654607873
127429388835880961
128203108508631040
126867577891856384
126918942311727104
128538488764239872
126801963038932992
127420498492653568
126918925765197825
121235864251666432
127112826291617794
126820166368641024
129747718234046465
129810917180440576
126979309566050304
122857411173285889
127389401037807616
126834899779993601
126822578408013826
129895932790718464
126816366761218048
126973071126044672
128748696606216192
126827240884420608
127021854715150336
120600930822529025
126893819991040000
126822478373855232
130964170924490753
126836566608969729
128750198183825408
126820245494169600
120915326790676484
126822581612449792
127415902630195201
126818376315183104
126966945819009024
127064969392033792
126066576767201280
129626951425064961
128651689036234752
130994992255729664
131015376992612352
127110501799956481
127462796106547200
125917267635617793
122757262275117056
126801956508409857
128543720218968064
126828718948753408
126931167533477888
130318422423764993
126916050381058048
126931921077927936
126843847190921217
126820657420967936
129867713429520384
125082340643971073
120917145201811456
126979165831438336
129324681621811200
128665661076549632
126820794608254976
129655793015472128
126856938007957504
128034444572495873
126949216898650112
123810082717831168
126822313638375424
120098079960600576
128837580119744512
130283935887405057
127046625246978048
130547988325081088
128533196202704896
126822293983870977
126820906252238848
126847033972752387
127391227690762242
128204730395672577
130236747891220480
126776762649690112
124386436316266496
127029806046003201
127021349544787968
128565522655756288
126820989249126400
127250577800433664
126823131552825344
121148370504003584
121833573731926017
128202103071064064
126968136359612417
126959832820490240
120791214961328129
127465296939331585
129140409548025856
120919167774883840
122926036420788225
126670801243090945
126844202444271617
130005801313124353
127410558159945728
126853471021445120
128691431345881088
129745620104785920
128182716599517184
126820564961734656
126961096329404416
121837850890219520
128545009170522112
128289639269281792
127310708043034625
125063991721598976
125687733321601024
126572222306455552
126820941362774017
129655782336757760
126814652276539394
126957441018626048
130265178121060353
130176848331153408
129662686031126529
127038976468070400
127058863118745600
129732251452833793
126822580777783296
128527729950851072
126831628675846144
126159074621526016
127367948900909056
126826890668425216
128528497659490304
126820954209927168
126946518480592896
129174946042744832
125903254285582336
127532918221447173
126820864862859264
126911598941061120
121643031509217280
127042668613214210
128533678363123712
127334319197921281
126848507968626688
128031371762475009
126948295707856896
129208037805273089
127071529962979328
129895640573554688
126831470647054336
126820826711474177
126913885532979200
130653505865269249
121418645606895616
125931083769458688
126956041744302080
125122304849084416
130042450776555520
124623173760192513
129751362765463552
126817522262618113
129760388702154752
120915325431717889
126947985769762816
127406650750550016
126863264230551552
120915229038223363
126951445839876096
126820751323049984
129827339587682304
127421896248655873
128011365393776640
129837275440889856
129899477493497856
130071937689993217
130194373420916736
121679281192570880
127154567069700096
126832708600070144
130953434571612160
130086964790702080
120914772622442498
127642786269896704
130631913693122561
129671614102114305
123371662925250560
128519008927498240
127082411451363328
130071360021082112
121953550375989248
127418005238984705
130039181928960001
130753540909051904
124587126208729088
130002883931406336
127419067421302784
127046407680040960
128532489928048640
124018048649797632
131009957259771904
126989642783395840
130732369920532482
129621671417090048
130124998311550976
129636292597268480
129639166983143424
126822191391186945
126801953341702144
127825937860526080
130024316963274752
126338232316198912
129904995926679552
126940596177862656
126265259026681856
128943806778310656
126882465817178113
126944432292495360
126291492833726466
126801965761040384
130772754973732864
126887936863117312
129822341109776384
129620174130249729
128522176600096768
127172345889685504
126822899704274944
120720532235751424
127022107405205504
126884975718047744
126956980127547393
130229096453115904
126820888069943297
121977195928371200
126989697657470976
127068643560402944
126816407978647552
127388969980796928
131002974934798336
129662296304791552
128224324950831105
127268571192635392
120202965826023424
129625584224571392
126827648700784641
128952785642340352
126814313720713216
129627483577389056
127764856706314240
128811807652589568
126820510913937408
126984367586295808
130205545566179328
126902233613864960
126802604792627200
131082273754849281
130832337008209920
130004104377401344
130631807858257920
126732244030210048
129925286270730240
126822197611347968
129968591113175040
127020544381034497
129943127309041666
126992693791428608
129870239948222464
126888638595338241
126822287138766849
129627054210682880
127844549715439617
126918053475794944
126719960985776128
126910821442920448
130931766461603840
123001551026528256
126991053722107905
126820435949142018
124377196247777280
127081206427815936
125688011462676481
120912742638034944
130533209527173120
127392346236141568
128702400012877824
126817427681050625
127085521502613505
126820831388114944
131041120468733952
129792198458867712
126880279385223168
124365258532978689
126936334240727040
126219195376615424
127020961424883712
129881388148195328
127781545753849856
130165004988203008
129887975160020992
127090303453773824
125940686456500224
130177930369306627
127383936534970368
126820764321198080
129655784517795840
127022175902375936
126857153804910593
127471920580005888
126823020575719425
126820775419330560
129625934855798784
124425022939996160
130821143023198210
128203197411115008
124159049964064768
129884377751617536
127049803510185984
127025603688931328
127116481208139776
130020030619459585
126328563933773824
129426975000506368
126984117492527104
127295035283742720
126827649917132800
126835778545393664
126805785350111232
129619800556183552
126891387898691584
121215502352777216
129621415191257088
130008740572303360
126820891492499457
126961037328121856
126846736378499074
126801968290205696
126955827486662657
126822189315006464
126822289877647360
126974480215048192
126828059402833921
126822320022093824
120222725389303809
127457801600630784
126527483020447744
124386209337319424
127386984284045312
129974367860948992
126936325768232960
128211119633465344
126843884595716096
126820861889093633
129619333428158464
130547038071963648
127431869770903552
126820805559586816
126827822063947776
125014303274303488
128201869603504128
127066598841393152
126840504318050304
122248055897591808
129741487842922496
130203948396183552
126923442116247552
130128979964329984
127828529458053120
128321598901071872
126918371294973953
121473489843650561
127526713826623488
128541176893677568
126334098217246720
127165610630197248
127060848949727232
129815336991207424
129897581261242369
126925497258094592
129882498489520128
126832545508753408
126480601212657664
129725269903806464
129573405027610624
127307165533868032
125996056268906498
126817538167418880
127010131316707330
128529621246410752
129896255353655296
129923728569151488
126962854908788736
126820555746836480
126830197659013120
129714306731352064
126968915195731968
126319835197083648
126921503748005888
128542031155970048
120396717735686144
129053716874670080
126952782057062400
127017878284283904
120116378832347136
130301207448272898
126944555500187648
130542712217808896
128912005900939264
126879193291177985
126827646087737346
128203553775951872
126927491146317824
129872129977098241
126820446606856192
125861988785065984
126956977019551744
129890096634789888
126822572259151872
127820354684059648
123810080171900929
130547346093252608
126816316345688064
127139924024635392
126828884606984193
126953048944820224
128210679458054144
129673027876171776
126912553589813249
122350872339550209
126925805291974656
130102040109121536
129703678440521728
128218827044552704
121427647854157824
130134225230897153
128541864994422784
126822195388354560
126801960224571392
127463954808193024
131153265311227904
129956887155314688
126823387673796609
124531763128176640
130964092931416066
126815564449583105
128220035461300224
129735788333236224
127153309231497216
121235864180363264
126905323251437569
126899446809239552
121472477846192128
121581346127753216
127061781288992769
123027048842276864
128526533815058432
126079741508857856
126967509038538752
126847810481029122
128190173509988352
120917823060054017
129724876733956096
127356021776723968
126822046339579904
129677804341174272
127022060680654848
129861447361638401
128411567401345024
126831282054377472
126925246967201792
126936287700721664
130269624968282112
126821561004068864
130430003866382336
126978332708442112
128540981036457984
127271698557976576
130276747227840512
130007998943862787
129944298320969729
127172700174168064
127070969612353537
130866585530404864
127037380283744257
130818424245977089
127082470792372224
126904899987456001
126817529439068161
129275086841716736
128640832323588096
127867532106403840
126841989563027456
126948374493667328
128514020402675712
126831274341048321
129887974191140864
126831286055731200
126820729525252096
126924997825527808
128732228036472832
128725633219051520
126909963196047361
128589032711131136
126820924421976064
127730247985664000
126974482895216641
129892640073330688
129740864971997184
130276323687014400
126956610588377088
126881669297872896
123364707682893824
126971834875916288
126817456999239680
126818513498279937
124945035195195392
126831493489229824
127036594355052544
126820874358767617
125720911386132480
126829357212778496
126822197011558400
126839074928603136
129891666059476992
129688485362810880
126918087550304256
127072143975526400
130822106740031488
126805782636404736
120290660434714624
130133239338766336
126977865991462913
127004396071563265
129882498346921985
126831277474189312
129655788498194434
126949287992115200
