59628212061347840
59220735905906689
59625987540914177
60631763025788928
60048057584189441
60556814168768512
60171135475646465
58690005635305474
59993886118002688
59626005165375488
59626057866821634
57916196749717504
59720750600433664
60632846066384896
60642135296323584
59626005249277953
54153901821276160
59077372334452736
60092625641943040
60591480045191168
59729064382038016
58680448993329153
63293093998379009
55304951374688256
59843237459918848
60202700771573761
59391762199879680
59626014338318337
59626005589012480
61674176876003328
59824064725925888
60886241297702912
59634433048842240
59700451607711744
59626017140125696
61117912915783680
55062506514821120
60118841749020672
59877847426281472
59616577582145536
61009707808194560
58230257110626305
55153065258516480
55157254109925376
55206861594566657
59058703474769920
59992038178951169
60016780504084481
59698582210609152
60049451632427008
59777834599714816
59166947509665792
57731440250601473
59486887018115072
58658581184135168
59791359351066624
59375771541712896
59990501981552641
60092883218341888
59709641466191872
60721081648033792
60723966062510081
59108067836559360
59927009224179713
58394169198116864
60543408774721536
61146317392580609
58910267412713472
62945451581779968
61508415008153601
59188190241763328
58313013446451200
57958073196744704
60331632539877376
60933245994414080
58078937238077440
58040809051787265
63481977394831360
59666691814195200
59271228191547393
59583502970130432
58711685359353857
59710500958781440
60002963598487552
60547330092437504
58189411845816322
60017480512450560
59161516284456961
58290742401044480
59986898441076736
60885815093510144
59906739881000960
63321537066971136
64400360978120705
56131497060601856
59626754159022080
59125631287443456
59719014464753665
64034045947940864
55968181436682241
62349914839068672
59407368840155136
55903680649641984
55811967411167232
57391280640098304
59626006054576128
59314530290905089
60888788024557568
61842559869267968
60319699266834432
58371550528798720
59649705625399296
59539948117819392
60903464032681984
60680737225052161
58860141138804736
59938716919152640
59608562388836352
55111626961068032
60331881777999872
60104666226229248
59572822627979265
60878375211909120
60977271195959296
60001389392306176
60544679929843712
61257726394777601
60834830711132160
59627189284515840
60855777467957249
59967580416389120
60651117402529793
60768023589560320
62518547112402944
58543353066819584
63321536857247747
59968422037037057
60770979659513856
59727310684831744
60449454385401856
60359431849918464
64318921544704000
58221992570126336
61401841530966016
59265994979414017
62436514004606976
61733688517459968
60040542117048320
55065140181217280
59638882551078912
59626006310428672
60051277735923712
58289854517227520
60705486051348480
60963448254767105
60059703916503040
59546234997841920
59969780773437441
59098690488512512
59625992238530560
61480528280424448
61021171755401216
55057672550096897
59704234475651074
58908358538821632
59577105574395904
55853317976371200
62754503312683008
59717480976879617
59664601662496770
59594913968431104
60857987237036034
58338410540183552
60821780780154880
59968478316199936
60684047726284800
59969780802793473
59627703388737536
58361526884634624
58306793738207232
59625993022865408
59901802270834689
60309247799463936
63294642938068992
55914649778003968
59231506664652800
60709105735700481
55869037661532160
55062513284431872
58908897586581504
59404478910181376
63261973843947521
61205640286179328
60420505827688450
61464620673667073
60500349672361984
61263709934333952
59927208126451712
58507511422124034
57528880864575488
63302056026451969
60691919767998465
55484146688065536
59189603189526528
59037301115846656
59189486386556928
59575686058360832
58537644023496706
59626003030482944
61483366695968768
61219771592613888
61471409540562944
61003286127456256
61278932997120001
58290478923251712
59973570067054592
60925877764108288
59845932526739456
55153065564717057
61155170934984704
59803707080056832
59625987792568320
59635445579005952
59639015925747713
55261442080903168
63302198246899713
60025094554136576
59645975798616065
55059837062627328
63296101024940032
58307321843036160
59396128440983553
60961962082840576
59868820550074368
62580009021349888
60538952393830400
57959163929702400
58401565261840384
58336082013601792
59677025887207424
60629022022967296
60437176533528576
61147616548888576
60994962543751168
60790763876917248
60394077811769344
59626003185680384
59398982882955264
55100384603152384
60064079389278208
56132733218463744
60026290291486720
61398256638377984
62815030575505408
59118582692446208
59972149036847104
61163291002675200
58305815911735296
60040238164230144
58310749428252672
60548540551806976
59586459220455424
61147147936075776
59638768486977536
60822372386734080
59369354277564416
60907046014435328
60399045306359808
59125422956363776
60542423478177795
59296900389666816
55064963412271104
53661434327990272
59619376822882304
61461575906758658
61611336244797440
61248857811595265
59625995312967680
58166520496394243
59254207320039424
58307215701975040
60076260692475904
60887798948962306
55755684997890048
61056600235978753
60419210454634496
59365508369227777
59779463164067840
59628720029310977
60713787468169216
59599744003092480
55984498784997377
59625992200785920
59071639501025280
59597827101302784
59118021163225088
59625992196595712
63292255867375616
57770771271004160
56802444348370944
60002612296167424
62435689056321536
60195377713917952
59424530258595840
59327783561740288
63294643747557376
59853045269405696
55034475100381184
61491823956340736
61407087963541504
53621622451617793
58068540443471872
58832785527410688
58371548075143168
59158740544389120
54751540996608000
60642465228652544
58371551220858881
56802535423479808
61152177959354368
59209484853194752
58381797326725120
59930883347587073
59797217380278272
61352569552912384
57957606475563009
60015116690788352
60032687754330112
60978768898031616
59941140161499137
59058703286009856
57771530985283585
63363971163504640
60730150488248320
55868973761302528
59625993635237888
56816102138847232
59976252932628481
59639362421399552
60046375907368961
58950590033690624
55993383642087424
59998068967358465
58979757404065792
60543470460350464
61290815099650048
59879056849645568
62809871845826560
55969610201174016
59572095906103296
63624129747746816
58310440496807936
61673374228815872
60046228330786816
59646453580185601
59807140596039681
60557404835823616
59486228961177600
60064078361661440
55455915884818432
61464181915910145
60001730850586624
59626022961819648
54426234129620993
59636682168864769
63664538591047680
63746752175542272
61254665463017472
60018645035786241
55062510423904256
59304823962611712
59625692417097728
59350041629962241
59072539430883328
59778712291393536
60216669657763840
59626017022672896
55048959076474881
59136320387297280
59625993698160640
60015131299553280
59070545202921472
62890909724971008
55856695238340608
59629347023224833
59968422531956736
59626018104803328
59124666656235520
63298093172539392
58690285529604096
58307855010381824
60043205827244032
61485839372398592
62338713421758464
59160515498348546
60709355330342914
57951941149466624
56375569377525761
58232513495183360
60075674194546689
63682095964368896
59563653703286784
59283599853228033
58949811629588480
60786659989520384
57522677417644032
57420906787643392
59349843230994432
63297319549927424
63635945353789440
63248157152260097
58954382452076544
61145849924812801
60211063601369088
60546737747668992
60059632550428672
59625995564630017
59134223088500736
59625992515358720
57606161087737857
57771529747963904
56550512031567872
56458680756994048
59756058813546496
55153065946382336
57241140147134464
60696204840931329
59999889781825536
55456489833381889
60039347059175424
61509325646086144
60079763775172608
63293905554255872
56801901949362176
60879043171590144
59466367765721088
58167945041412096
59642106716753922
59862711756001280
54288320456441856
60234433151770624
59631091551711232
62342637197332480
60308849466408960
60438551338303489
60418404481372160
63081250121977856
59294353121755136
61462306915225602
59973869984952320
59625994784485376
54807453518397440
59626015672107009
60441101630320640
59473545482350592
57693182951043072
59640822269882368
59626760161079296
62263773028823040
58326620347437056
57818508209307649
59662556901543936
61056598755389440
60015489866399744
60064079452192768
61020537941532672
59626414525263874
59648720194650112
60907043103571968
59776534881386496
60555525867319297
61522122312396800
59747308866244608
58707018164350976
59630896684343297
59344185085534208
61057702536822784
60437173551374336
63750749439541248
63622238544470016
59625987905818624
60395511806558208
60145494915158016
59441727500595201
59256000879919104
58227253506617344
60680301361364992
60050490897072129
59938715803459584
57712379441594368
55761730034352128
60068768319156224
59626017538580480
60475814239674368
55153068475547648
55546448116322304
60724015739842560
59188880074735616
55067930098012160
61434710982787073
61452197434638336
59838775450279936
55153068165185536
61266719213228032
59625994469912576
58700553257091073
63502361963925505
58701515422040064
59158285156233216
61056595651608576
59930829438201856
59625994495074305
62865503961616384
59625997124902914
60822599650914304
64020287506751488
55455188697350144
59625994658648064
55192397126189056
59974505296166914
60815911975796736
56132092316229632
58593384717234176
59592259557007360
59765552868114432
60047736363417600
59239479365476352
58349830447169537
58167944416468992
60517344019103744
59631537993416704
61242871919017984
55870058446073856
56312697989496832
54961436862066688
59854009107877888
58952047608860673
55067513708478464
60117274467631105
59626683027828736
55539737322201088
61240431798788096
60400283682996224
60904236787056640
61219544160673792
59629730437140480
59677345035976704
59969755125268480
62037599115689984
62057062212976640
59993578390306817
60080671535796224
59626962825641984
55068748226367488
59407788648038400
57737232282423296
63638037028028417
57958014702989312
62819621912326144
59880437513854976
59793464241561600
55059835842068480
59631544586870785
60545333188501505
63295994648989697
62692999192256513
60394318791323648
61255348123729920
61199190813978624
59356125925085184
60232992878104576
60649504495513600
57806500374126592
59058703323774976
59728606221451265
55062538798383104
58400461941772289
59888940542476288
59625994507657216
55231730969346048
59837967396651008
59757688040587264
60849968776359936
60074447524216834
61335351783997440
60791141985042432
59627007268487169
63292256500723713
62145976307154944
53756251502415872
59063844361863169
62641398884737024
60517344098787328
55062506066030593
59626070781075456
59625992934793216
59778387669032960
57957291818885120
59939818783780864
58079716481044480
59626005911969792
59808826802716672
58860194159005697
57513600927006720
59887934073077760
62175970471325697
55176606569873408
54851581677539328
63309043342651393
61212337771790336
59186991262216192
57808439480557568
59985590174744576
61491007472156672
58908570875465728
60907043070021632
58871195977781248
55067678800478208
58909164314963968
59637681453412353
55636551421534209
57433939727482881
55067612077502466
59189292550995968
61253430274048002
59003929752637440
61258343175569408
63362295073476608
61322007438032896
60043565258117120
61532968501522432
59632957052305409
59625995195527169
63502131025555456
59625993580711936
59003928796340224
55457195206262784
59700452610162688
61176237409832960
59158301644042241
63291172109561856
59626006352363520
59625988727898112
61276663752835072
60234363891228673
60548034366418944
58223664063193088
59625994595741697
59348178885021697
55062546616549377
59682553329750016
61380392598507520
61201644796379136
55153062691614720
61746770903973888
61673101448065024
60399302178111488
56352356723470337
59625692698116096
61473446986653696
55091693309018112
58349819210641408
58338407599964160
59939819953991680
60395503166300162
59946466004832256
60764432153845761
55969607818821632
59655356082692096
53675125031182336
59645889119125504
60881325153984512
55062538194403329
59878097180311553
60102785814900736
59177768432320512
63328328119099392
58338352331624449
59601016471040000
59755342761951232
57827494367215616
58238497982644225
58361738302726144
59577481480507392
58395484477333505
59688902985924608
59806422149509120
60870540277190658
57958254336147458
59350465133031424
63523475830210560
60704316259966976
60037266780860417
60339437825048576
62688809938194433
59556961720598528
60824219440787456
59606290367913984
60687245950193664
60622559900733440
59945050565644288
59156905171488768
59117031970189312
59610180027031553
59859750350888960
60376755369811968
63214844337336320
63294631554715648
61023954747400193
62619461944999936
59993489693343745
61673706463825922
60190584660434944
57958026333790208
61279279186579458
62212323154210816
61464622007463936
59158665298587648
59737732037095426
59625987423485952
59870663502082049
59978383253192704
59399651903811584
59721803974717440
61203344030576640
61148424682217472
60369693059465216
59398092788736000
60997506946969600
59118537419137024
61060862277984256
59970409071779840
60698281562472449
60542840639455234
60113253963022336
55062527977074688
58970110492291072
60720776478859264
59616577707982848
63290889002422272
58302782033231872
59620693633007616
54851581610438657
60875142439518208
60720060150464512
63341671995281408
61254684832305152
57118802835537920
59330347963396097
60692026244595712
57849156458389504
59775379187052545
61879109780910080
60781914910498816
59160192247529473
60731071796486146
63719086949019648
58944508397756416
60145226655870976
61396406811889664
63297313522720769
60697722633723905
59764153916735488
59187596898746368
59650530296864769
59657978315423745
61213060056104960
59909674841026560
59700452845035520
60419210857295872
60435964761358337
60973281456566272
54701244324921344
61652196747509760
59757886955470849
58506961464983552
61298053876953088
58481533924802560
60035270199877632
61108631516618752
59610179242704896
59626585967443968
59313466024013824
59962478892826624
59391232396374016
56552421081612289
59125853338091520
59565457983815680
60714140221702144
61319130975973376
60956455867662336
57811934640209920
55644600999755776
60166875715342337
59942669341827072
54846806361767936
62038673092386816
59646781511835648
59625991835881472
57787154528600064
59643609594609666
59616577825411072
59962639979257856
59627529853603840
59879914161188864
60060181882613760
61345406663143424
59940196577312768
57806418891386880
60045561373532160
63291746808897536
60194485673533440
60932139604131840
60030530204348417
59758818627821568
55062536600559616
57907808720535552
59770132343435264
63523242241032193
59800281252249601
59058703172771841
59193096012959744
59422879317626880
60500048361955328
63493041767448576
60267652400152576
59616572297326593
61159531501203456
58540461467500544
60015475127627776
61496672932474880
60191224446988288
55100623489740800
60045233337008128
54182072998313984
53756249875030017
60048959984508928
59650054327242752
59385254275842048
60076746921345025
59541633338834945
59124147745329152
59321821438283776
56803144922972160
62351221167632384
62601469391683584
61146307250749440
59625691913793536
59771684827308032
60903709789536256
59642043269529600
59366801548640256
59625992305643520
59098944642363392
59234647124606976
60056701566586880
60225171067371521
60698337699045376
55053291494719491
62843281448505344
63292255104024576
58258557451255808
63294643688845312
59626202901655552
60035049021640706
59616575279480834
56552815912427520
59798685697064960
60645023120769025
59565482210115584
61145538531303424
60712311337398272
61576969288036352
59626002996932608
59192792613789696
59938841963933697
62037092099825664
59970435428786177
63288443693830144
58091019085942784
59409189205843968
58326102086647809
60394013777330176
57845442423169024
61576575954599936
59867069310709761
57167452064329728
63359199349981184
59631553160032256
59909909805924352
55897415215099905
59757587071115265
59037481298960384
55067938507603968
57277468117180417
55387333184323584
60704569071640576
58021385792004096
59625692509376513
60976448000897024
59065258500833280
59625992804773888
59673934093758464
60537466301583360
61495839683645440
57866409581101056
59361966006861824
59297662171754496
58909049189703680
60078420960354304
59304453395845122
59158316034686976
60065255224647680
59878630725132288
60191893295865857
59630910886248449
58183909015437312
58726060354834432
57771529089449984
63290366404730880
59960596250112000
59115296404930560
59058703181168640
57793035592929280
60166089979592705
59964434084409344
59044725872791553
60622519039832064
59843747386626048
59003070989877248
60826335555239936
62339830784335872
59552513485062144
57786499852279808
63501808051560448
62576674323185664
60023550379171841
59972818581987328
60007901934260224
59760476673933312
59127847247282176
59629737080922112
59938227854901248
60730992176013312
59759958887108609
59801727305650177
58415364958199808
60546937325228033
61299444032868352
61328898146828288
60028155221647362
59608343253229568
56172682210836480
54879444871032833
63181768672546816
60795149646692352
58204045755678720
59667025957617664
59572824335073280
60865780094484481
59707152893358080
62471968590532608
55071060286115840
59626913135738881
61200032078114816
58977105433735168
61464521516138496
58951504756883457
59837957711986688
57785963870552064
59789783760764929
60412407792668672
59611096759287808
60399912118009857
60395515182977024
59541812351733760
59638030109118466
59756277504557056
59118243729772544
62187157342781440
59351350022115328
60073193452470273
60051585597841408
60557623870763008
59451372109701120
63938623946489856
59271272374341633
61146418240421888
59798379055681538
60936499306315776
61056933314035712
58512951673503744
61939786042191872
60608738008113152
61035232689795072
59878435278954496
57970514001530880
59625692173836288
58684654076702720
59758092895797248
60558058501308416
59788778319003648
60078903607304192
59626898795405312
59641991335657472
55342749783822336
60925876409348096
60785900514328576
62962940940267520
59321821538951168
59632515148812288
61009535007072256
60438560985194496
59636274151170048
55153065694724096
59720359397687296
60206300084187136
57276237525164032
57810392990220289
59640702967095298
59187142622068736
63292254718148608
59969759072100352
64127965214154752
57612055812911104
59616577213050880
60860855415349248
57783780651433984
61339394849767424
60282153589682176
60885716179226624
59251517571600384
59646044052529153
55153062062465024
63378500412903425
55775399174615040
62692665157885952
59665083730636800
60487845915279360
59625992767029248
59581986490167296
59616574453190656
63578537289977856
56448853632753665
59766616233213952
59626005970694144
55062526114799616
63520155208138752
59805077359173633
60510604166823936
57320837765795840
59898090966093824
59648813421445120
60925880817553408
59747914192400384
60976316241022976
61159277276041216
57510069876695041
60023750279700480
60044858764701696
59574309621989376
60090995160793088
59963032981348352
60086629146177536
61289657660473344
59633297575251968
60697690794754048
61683338649419780
58188024818827264
55963121197649920
60875689854902272
59219353756897280
57492266520035329
63295614066229249
60556275330719744
59610179188174848
55068680417050624
58221735761281024
59625995438784512
60028239434874880
59917818631684096
59581500923985921
60015667495178240
59241110253481985
59626003798032384
59069604865130496
61386030091214848
58394737811533824
60405859787878402
61416506336096256
55747788042027009
63300274969788416
59909107792093184
59778735599140865
57770771786907649
63758060899926016
59625692492595201
60107429383385088
60239417817841664
55153062456729600
59625991886209024
60037440647331840
61521683550449664
58387345187147776
61243464851013632
61442314547109888
59070880285859840
61272081458929665
61464520668876800
59867328552247296
58373048973271040
60862106299404288
60689785488015360
64267284931280896
60374697879146496
60328444348727297
59379021464616960
59993568449806336
59757553382461440
59569961785499648
63048613831520257
54244805680709633
59641643996938240
60762477520105472
64348724465377281
60652122403909632
55153062586748928
53685132367900672
58609077189742592
55062537594605569
62249002049093632
59205381427175424
59638765823598592
59309357774548993
58410625231110144
61363871948079105
57958699276316672
60857658894323712
60039439124148224
55632349236445184
59212390721536000
59112313063612417
61421343555596288
57772183069523970
59677021294428160
63294631315640320
58679147303669761
64018742983667712
59625994356654080
59686728692281344
59295764190461952
59630626625691649
61240965553328128
55454913655877632
59646420013158400
58232160380928000
60525350886719488
59582931097747456
59610179855069184
59954863605428224
59301585053941760
59638326822572032
60823248916578304
54873526175412224
59418613295218688
61057815762051072
60014745452949504
61013111603347457
59890848002867200
64120427710124032
59625995036131329
60035255519805440
59868973449216001
59405869984657408
56801616145293312
60767336096989184
55696184077074432
54153901917736960
55545896460484609
60003083199053825
59640227228172288
59671671417737216
55991970438447104
59770559403274240
62097181607346176
60161939707404288
59999997604802560
58069905773297664
61250320768053249
59616956508151808
57253983458295808
60976765975277569
58909989544263681
55830670886436865
59620274454269953
60827965822472192
59625583398760448
59990156790349824
58338410535989248
59962689379762176
59902901316886528
63479174492467200
60395512930648064
60234432329695234
60177379766702080
60037679156428800
58350704175222784
63303446429839360
59625993106767872
59158326222655488
59677776101388288
59412877748092929
59645868357320705
59634596576366592
57778258778914817
61254665530122240
55359906374619137
60394356057718784
60846522874597376
59402310299828224
57237488581869568
57787684223070208
63291040194502656
59072886362750976
60053670460526592
59321821492822016
61463482515718144
59626008667635712
58780598789087232
59656955911872512
61294784060469248
59753320025305088
59636275942129664
61075392840208384
57452898552004608
55062512948883456
63382433751506944
62149416093622272
61273603978694656
59939825209454592
59968424562012160
59058656179793920
60419583458283520
59970824605671424
60927537177571328
59670311209140225
63597553861668866
61057407320731649
60106353112395778
62857146970284033
60723977085128704
60087841019015168
63294643370065920
57446857034571776
59189160342327297
59749758054567936
59409623114981376
63300984654397440
59837957682638848
55259698399674368
61842559902810112
60710399670108160
61196971284766720
57958080087998464
59966929477185536
63301287311179776
53909492265533440
55062530665627648
63305426594312193
59784650654105600
54258044514734082
60796201095802880
55153065363382272
59628947574505472
55062508679086080
60305018527563776
58093309133979648
61036729448140800
60064322566627328
58756554920427520
60164010221379586
54258044565061632
63561524089847809
58654216775933952
60057401558179840
60047666440183808
55154210324492288
59285174248144896
53607811753582592
63296100987179008
60102198721384448
63291530508636160
58371551552212993
62001389768933376
60559770461016064
59909591349198848
54772760542580736
59648483094831104
59357863931424768
59124528126767104
61696524786216961
57958328394981377
60406881872658432
59774745968779264
59938840776949760
59821569450573824
59626017337245696
60987711154171906
57727593260134400
59188287146954752
59165252708872192
58701517594689536
61940440030658560
60027913193525248
59019323104178177
59625994931273728
59158268316090368
59036322450513920
58909153745321984
57907136151298048
59851548225830912
59634479140052994
53866101343391744
58045670401126400
60213740032884736
59736010472427520
57803458824249344
60280548567941120
59625996151832576
60877154291949569
60437849178255360
58515652650086400
60047938180755456
59066611755257856
62492584483897344
59628013633019904
60728940989390848
55064967984070657
58410364370554881
60925865982312448
58354253420441600
57171552248143873
60040544541360128
58310644239306752
60694568395489281
59221145756499968
59625993341640704
58220449775091713
60437080920178688
59398064674316289
59666287504273408
59326178305118208
