469806969323532288
468830130723631104
466195279931125763
467756701915963392
466633049015214081
466208294910980096
467325312909320193
472490317544194048
465680004589051904
467219282107969536
463404252539273216
472609078124875776
466017033935544320
471392502465826816
467422981967212544
472508194095235074
467673209262047234
466293170717097984
465745835796353024
465179085035933696
466740482706780161
465758225044738048
468335521807077376
469716080689430528
468315131752226816
466223493458038784
463670512850587648
465747143152926720
466195459044671488
472315903556591616
471200630497767424
471127684991311872
466528874323402752
466207207403421696
462386298276552704
472283080929980416
466182868889509888
467262985124061185
468647875316969472
466216598047424512
465673146394112001
469520196982829057
466112154962526208
466845355707887617
465945996732948480
467260769004822529
468350878995324928
466208520249942018
466501908661039104
466014766390337536
471118291730051072
472540390461935617
465964573192114176
472851786408001536
466217544022769665
472494220352442368
464496509212708864
467615001633501184
462852664988954624
465682128575807489
467900024848777216
465719851777290240
467613998175629312
468428596164313088
467890201667567616
468668330354548736
466195462572101632
468099134621089795
464100229261041664
470298008203321344
466641881997139968
465959675989479424
468889116751708160
467614529237426176
465660408208977920
466206823175815168
466259106030821376
465661640491270144
472292287167229952
467700307984527360
467091267394879488
466243030320951296
465912167741399040
466189798961864705
468216549115830274
466201294521106433
466909985931161600
463345630640082944
465928491331256321
466973237944287232
469715339635220480
468173976607272960
466445306964770816
470599463086481408
465751318242422784
468271951517982720
466217006857871360
465993077685891073
461868278387048448
466177256101281792
472326465736802304
467239772852084736
466503335466385408
471950702944600064
466524392134959104
466498508854685696
466059079937323010
466442160435638272
472701734461001728
465729449229836288
466177124802764800
465665713412116480
462429218513899521
467559933437698049
470746691205738496
471975762719821825
466386381678587905
467248449780723712
469718164255670272
467739380669374464
464045965498781698
468349626995585027
472080572433858560
466185113126973441
464415780353110016
472318632031027201
471944245897465857
466192806185168896
466129906997665792
471182964349366272
466203749740855296
468216394010464256
466855309600763904
466278009914556416
465743396993126400
461871589718773760
466909530937647104
472693404644564992
470701664098201600
466855004209307648
466218712165400577
465839561223196672
468703023490138112
467731214557020160
464527437142175744
463375483317387264
466178384683610112
472289629492617217
468586833710817280
466543706800013312
469051224760004608
472540086047760384
465681970987827201
466477152213278721
466528244469366784
472257800223993856
467240180156342274
466217792308396032
466066132395257856
467888911436349441
465894823312912384
466914909775613952
466445666454351873
472323603535777793
467335433597091840
466857407268671488
462151754071564288
467654844270919681
466156404282126336
465661304217153537
465662576005615617
468179442574323714
468704412290924544
471662208175587328
466484068151226369
466008209266704384
465669537245835265
469211196093399040
466031057582952449
462167861310410752
466285536156471296
466193372957245440
466847960408395776
472660307257479168
471675923171799040
471244030907785216
471402544699543553
471666088162652161
466173923399176193
465783493662740480
470819974974427136
471172798832840705
466099351106760704
472148602827968512
468150935756099584
471667903272853504
467851969768349697
466852612919132161
464267090304565248
462164150773231616
470893664474910721
462190132712321024
465642313700478976
467518050712178688
463574077014560768
466116279884333057
471263869303025665
466942282193981440
466316315436007427
466193358344318976
466370605735243776
466223459400302592
465670044588859392
466184510996873218
463859791085854721
466854916628041728
465848992287318019
461767587094089729
462771073998524416
472541693883854848
471976266606735360
468469697999302657
466306870333161472
466193253746765824
467089505359364096
463755627203166210
470783741363638272
468277781080440833
466485430813478912
468171451317510144
466207659977236481
471943213813485568
465756696812716032
466196394458365952
466235102775607296
467519754115092480
468606840956137473
467623592822185984
467321306191364098
468107580272021504
465653967553572864
466194201911119872
471995549932343296
471502679252824064
466052222569435137
469722418366271489
463658138810322945
471333704510365697
466514146339848194
467652729066618881
468609575001014272
465802556342808576
467244981917212672
465713388635447296
467366358351880193
466181911061495809
470498523226845184
466194302737989632
472040007092297728
463574087785525248
472294300743499776
472553933378813952
462195824449974272
465907346955186177
467702229898498048
472507613880414209
467319113069522944
466206728397127680
462461571554222080
463574081527619584
467515378684686337
466451175840043008
466529366847913984
472518775036583936
466195007355883520
472171740798271488
462003662043496449
468609573700792321
461878807281274880
467650954913796096
466461860334948352
465704224823603200
469686157022724096
466248025472385024
466200144145563649
466178756873551872
466461663458521088
466347068609798145
465992917253754881
471255139719065600
466014322108686337
472095804501401601
464230335702528000
469508751188590592
462350537489645569
464567349522472961
465949373533155328
470791634141995008
466179095240667136
466497887333933056
469800993681461249
466346373047402496
466014451519352832
465743184866197505
462278426528083968
470579092644184064
466197298767085569
467702500523401216
466200103942770689
466243433594494977
468115953113645057
466043983232106497
466014433605464064
462550246883471360
472347175221854208
470841612445032448
470673821406871552
463637395196231680
469688125808054272
464958591959855105
470734842192072704
471244482239688706
466859972001665025
466159449783021568
471970779295281152
461972560008445953
465830732753936384
472241115295256576
468609573709164544
466681312557154305
472251462945230848
466640673220075520
462038860763910145
462960408379133953
466007175358595072
466006195476520961
467646635896365056
466839408855900160
468600434320343040
470799630444154883
465995048102789120
469433484209967104
472294437217783808
466194423466819584
465662030872317952
462752238197161984
462184829208236032
467145150645673984
470617762378043392
461909190102224896
466193606118633472
472541710124584961
467614362706800640
466012988932358145
470581567040282624
471143845854326785
466203007445508096
464580055042383873
467613978458210304
464534906300030976
468324175237496832
469055293784358912
471248261362114560
466210469363990528
466193037756887040
463771155787038720
466499943172411392
468390630734196736
465763304443351040
464254812213620736
472095978708025344
466873581763178497
472371095337570304
470679496446595074
466217257324912640
466214080135823360
466206177450557440
466201263017693185
465675687630602241
472565484882108416
467612582648369152
466442371262341120
464660383304007680
463015492572446721
468459934531596289
466014423237160961
467513452014370816
467057242789801984
466194927760580608
461865881967271936
466307314056585216
470687324867530752
466210429715230720
467463415288451072
469430564630831104
468307677840683008
466240479596531713
465685658795659264
467317065657761792
470795655628455937
468559777753468928
472737904536850433
472025672618360832
467092608595271680
471969331861929984
467060791389061120
463018318992252928
466207823492182017
468699527596482560
466980176279379968
461779949142032385
472315662921375745
466201712059879424
464236413924298753
466200163690635264
463993638062538752
467700574914244609
472493379062755328
471251543153733632
469232535302447105
465659300090621953
461723869788000256
471195550126460929
466213799239118849
469365717867835392
470596322534633472
472314643516358656
466201368206667777
471606283255447552
468181319067791360
462034179467649025
465658602326589440
470703322525999104
465939896419360768
466290674804195329
467360955312009217
466580322285404160
466013959280017408
463014804991782912
466339172849307649
467983742271619072
467430291519205377
472312039596392448
469349197918244864
466197453490769920
464487482823032833
466679363258572800
472636507329544192
469480017496252418
466211027172876288
467219047075946497
465654071739699200
466215068703551488
465668723391471616
462012195396546561
465740689507373056
467642773345034241
468492416958226432
471506024424554496
468141186411016192
466195948285079552
466541550403477504
466740348538982400
468270918012108800
466182766930178049
469106678013911040
464548783414468608
471785222535909376
468470391993012224
466215982248521728
466225245699858432
469385685599023104
465026275279507456
462185966271090688
471402036714405888
471067687213232129
461679407380566016
467326498001944576
465855177707487232
461904949568221184
466742713845440512
471667057247809536
465653086766514177
466179307740872704
472244993633951744
466517116040925184
466202906559926272
461858257040969728
466843841035649025
466417442865283072
466179994767876096
464580219379417090
467089761341931521
468115191704879104
471412601130602496
466711298147753984
465676372191752193
468541622494707713
465653178105470976
466764490877710336
466441007702495232
466639323463696385
469643272609366016
462003903056601088
462210462461870080
467636061670096896
466003938043383808
465839478376902657
461942495270940672
466177415287697408
471298793141329920
468121452232073217
462596281073143808
468587867325726721
466198196998254593
468177401524936704
467063704412897280
471639756275998720
466416291184914432
472548010602139648
464061856681058304
466678625094623236
472551028122865664
467247847155302401
466164537071124481
466534427150274560
467561098107826176
467047127395217408
468300882468417536
466196465308950528
468219537557442560
466491796617318400
472559266381848576
466904194079678464
467800841752027136
469720561740832771
465685388880003072
465659151075389440
466202645460701184
472487395456450561
465723106271588352
466196856222257152
466354263296593921
472284988457508864
463658942581993472
466193344373084160
466894117562101760
466809871149834240
466218954965655552
467511941716774913
472315725462245376
466286521424031744
465665709201055744
472293662991593473
466192905216860161
461826354258784256
462577047106490369
465851744010788864
468089622627500032
469642954911383552
462576926000164864
472289026758959104
472242249074364416
470772114803261440
466891666385682432
472566980772257792
466744396793118720
466545729063124993
471261818548396032
466395350782472194
466014333802012672
464027099892695040
463402906863943680
471176518061010944
466363319369338880
472558446970036225
470907950530166784
469325916556910592
466905145994149888
470744111696584704
468146176290615296
466905283239763969
466225272929255424
467736462025179138
466129436245368832
469652173995786240
466210344063356928
466468723151626240
472325508399497216
470771274667798528
463018131909541888
466224056094969856
469310233127301121
465659296349310976
465655652027621376
465914342643220480
468485912339296257
461846704635928577
466195487494656000
468141019695828993
466204612844728320
466196688521007108
471378813629120513
462137607720140801
470852089997168640
472553974068178944
466014402244653056
468209701960699906
466666789615992832
465915696686575616
466197519035142144
465784387338895360
466179735265878016
467310628068425728
467329108201189376
472312452034469888
471174916675350528
472543862737469440
467894313574096896
465729517567635456
468760788266934272
466871036882194432
472757498957402112
468341201540624384
465840188170592256
462026542290595840
466514556450525184
472314066975727616
466210907081568256
466014637541326848
466189635878531072
465681487308656641
466221435027857408
466197404727787520
468335553625079808
466254508557737984
469322935472517120
466435570886246400
464425229926662145
471394464079282176
471251603799150592
471935026892791808
467113818070323200
465757922643832833
470494655571034112
472415150553960448
465706343572045824
466228877258653696
466207777636241408
465659672565776384
462267106827206656
465903955936301056
465658102839119872
465726839386685441
469526774888800256
466851330733006848
466762460155113472
465903752185405440
471670137398251520
466192859012419585
465663821139705856
462379489742168064
464660621536268288
467558931133652992
464096006855225344
466745923637239809
465802862875115520
472765661630832640
461773616783192064
471236752254853120
462022720029331456
465669274493673473
468867016003432448
466446210971484160
461683020953427970
471235427740164096
470791937730289664
472290932667473920
469356314964283392
463664636445732865
466208662063575040
468466125110800385
461916581648281600
466014424608677888
470893679532441600
469517163745640448
466193961132908544
472288588970090497
468325204562034688
466179452821442560
472309929894629376
461752247483768832
466209808006516736
472402557348741120
466522437828366336
466361751182008320
465859860417224705
467046474686013440
466839140391059456
468415107178172416
467711522312302592
466006208432709632
467647073211277312
467238072128901120
466669234819723264
466435883131224065
466069282405617666
466838188594438144
469450247966830592
462888436102623232
468755053323767808
468364373858058241
471867061275459585
472560762360041472
470789390818492416
466197888771452929
465763814923706368
468466125945446400
461898376838012928
465653085059424256
468285646432264192
463703444382302208
462745425532166144
462137593979629568
466418212301975554
469347895767228416
467646637716676608
471948977319837696
465761170444787712
466202602816827392
465757806562668545
469452898850861056
465659436208377856
472320443748065280
470915995155333120
470696507596087297
471246500924628992
471866834564558848
465665370431291393
463018296552751105
466804681214136321
465179403212042240
472289391776645121
471933448420982784
466376828052316160
470940117021245440
472319591293542402
467327805853032449
471398399137157122
465962912796794880
466507128438792192
468616283047878656
466252292383965184
467068058108837888
471632733005824000
471013873424691200
470719558526201856
467978219845459968
466253034352574464
465574061192806400
465987391874809856
472457016523636739
466210220071723008
466223977833050112
465912753182752768
467625353511321600
467042313684807680
465827796737331200
466260592001839106
466197913341677569
466189320614084609
472317515108872192
467643197712130049
467722568313868288
465806322492252160
466178026091597824
466020466595864576
462577209480585218
467683747513380866
464737928581627904
468587735263887360
466662949315424256
472262043597144064
464609005311369218
467317833907441664
466014470859264000
467363880918716417
469122506956091392
469128173863448580
468096402388561920
471244054618206208
466022157957361664
467359154089517057
463639225792208897
472317114892562433
465734995638616064
466429168201117696
472481330236637184
469036565742620672
466006215365902339
467526948432785408
465668215721701376
471261240090587136
465661683101229056
466912498818363392
466840103306817536
465747920978210816
466876591801245697
465825810843459584
462163541345452032
472855733982097408
471398444410884096
465911321616056321
468759525500399616
466224527618240514
466192983717474304
468652206472712192
465688378592088065
466114526442565632
461779964665552896
465669921414737920
468850182063276032
466740837754232832
461987172858339328
467348670807945216
466192951962370050
467321301099483136
469638432214364161
466211402060152832
468651991330066432
472294704583684096
469430019425464320
466012344326160384
466211300700590080
467521105792479235
466222437005156353
466435597486546945
467520028468736000
466852564374269952
469646270965886978
467073639079100416
470938042782347264
466503423882706944
472081070201249793
465652711409868800
472270721222057985
467978752039714816
469559937115639808
467426465928060928
465709364477587456
464148836488056834
467619864249499648
465992913776693248
466741460860039168
470668134631079936
466201586600263680
471954186247372800
466204296586231808
466182067982979072
466189190271893504
466196660239216640
466177624751230976
471101051769077760
468609573734350848
466008762260926465
468339229345337345
466872481366958080
467321302768824320
468501569294856192
461961839296122880
466923365895528448
465840423102341120
469433951790972929
466489321369780224
462577135236825089
468586254670368768
462604835557081089
466497675089952769
471639525073354752
465943834774364160
466371101782990848
466193097362141185
464082339287408641
466189037636943872
467559814726303744
472312559148597248
461823123436756992
472317532481671168
466227536004149250
471251869332176896
472345589154189312
470679524636913664
465952102901350402
468390630218272771
468451408954408961
466247965859123200
466198650889043968
471410511066963968
472357242608443392
467722760794300416
466318172828614656
472275444692025344
467611642579013632
466259907906244608
470584112944652288
472721801789710337
470708309117255680
472543390718910464
468315131848704002
466197149722476544
463527345773875201
472332246632767488
467847733894606850
470683084514271232
466633778920964096
465849376733421568
467766164035076096
466199187470565378
470925174275993600
468207318908538881
467219085030203393
466672650065293312
466223212188409856
466032401190096896
466852544094818305
466013380025663488
465990941686628352
471773077702205442
465712502928470018
466635604659539968
471181280101822464
462852883575480320
466511201854566400
465658097378160640
466250432692486144
471118637592354817
466436013054001153
470097760784760832
467321304442351616
466209957013377024
466216575196856322
467721836902350848
462168027371282432
466233918107045889
466212595897470977
466010195551080448
465963384844730368
470963550412750848
466554451218935808
472288340402651136
466578717469184001
471417149534121985
464581505172643840
466459058565050368
471264582833434624
466672538211201024
466094217811333120
472517262952640512
472308490581442561
467363948019597313
466197989795454976
466456687063601153
471119842821816320
466197548999270402
469354594540060672
466193588125061121
466796671267909632
462137573410750464
472241089999405056
465847301198839808
471251308247519232
466488289474916352
471206489022275584
470931023141015552
462057325722107904
466225668447936512
466536451166179328
471258932003241986
466442658928668672
467890931564179457
472231866930827264
466236276367040512
466678413822926848
472294032723697664
472258198993268737
466147725248315392
462027780851367936
466037778203955200
466105739367288832
469692420469575681
468690636275589120
466856690235609088
470697503751286784
465655134241185792
472310150359826432
472487003918200833
466203370693210113
467403195170304001
467528651291258880
466179429002383360
462048387412418560
466534985210789888
466649146103828480
466218793627582466
472290087179268096
472842254193659904
469770042221932544
471235761455792128
472307296668622850
466926222824734720
466199556556722176
461721632210296832
468609573658849280
466583494437924864
468530997500203011
466237683648319490
464192167187972096
470900252187570177
465679439981199360
469704276457967616
466513098342277120
471409113520300033
467539437807996928
466178139937198080
466808514237579265
466208376251482112
471006026049658880
468195814049722368
466039580953571328
471944379809021953
466639024527257601
463851473286074368
462335130192080896
472287292254466048
466177377023057920
466199296866394113
466182988959461376
466195836007763968
464564269414375424
466873650210418688
466363262905626624
471784134117838850
462576899953135616
472544705436069888
467072213812654081
466204309684645888
467464065913475074
465656694110838784
471416655977787395
472221675262472195
471218274697359360
465955396876656641
466213301127368704
466082408530329600
466268114360233984
466706577815113728
464435413998768129
469214281834037248
468591569940267010
467648783761690624
467039808120815616
469651349567983616
470784773669920768
466748169124995072
466178058542923776
466209619077914624
466871928850898944
466816396878700544
466263139273551873
468616437717024768
466918392578834432
466639024690851840
463217541641289729
466488340507004928
467640993848631296
467062041132294145
468616045482483712
466488410006224896
471235832582799360
467630069934850048
466243710921883649
466209510999064576
464781561813274624
463184941430636545
469504909298397184
471184657317236736
471234322889195520
466840482383814656
466633879873667074
461865513761923072
462280163901046784
465837780409397249
472622108652994561
470791635295404032
467851970791751681
470097168922320896
469254244864778241
465888194345832448
471242172964941826
467254129992433664
470990358483312640
466208377182232577
465902507852840960
471224009661906944
464268112209014784
465658810510499840
466195746031546368
467309684773642240
471063205217710080
469545780538142721
465814176284160000
466757212568682496
466197379050659840
467869870139670528
461711491754762240
466191313508241408
467559970951544832
466235641999552512
466216281704656896
466507940091142144
469177701006196736
463820217982791680
472289191066206208
469664631712018432
466210362585792512
466211609577144321
467327127076237312
467974816163569664
465695119417413632
466075905735938048
466225880512344065
465684282623528961
472257604693917696
462578135201222656
466045125982822400
465672045787770880
466193250525515776
472551943043182592
465948264802832385
466069365432287233
466216535896244226
466622811998806016
463023888176533504
465984506965807104
464571828028309505
466442218841329664
466237923621224449
466535532122869760
466370224498180096
471436243599781888
466451176037163008
469841446343049216
465726529050537984
465747687552614400
461858257682706432
466212584211755008
472550257981521920
472247712885116928
464822594768629760
471269476390809600
466543013393866752
466514264824745984
466233299740786688
471253674509877248
472542283384909824
471975554007068673
464059395870298112
462026214438612992
472602159230377984
463641252228251648
466192095263621120
466069681011703808
467511434872500224
466466188462424064
461904918019080192
467620632545353728
472257073158176770
471236086312996864
469673116008861699
465993557644283904
466193934474301440
466713434487533569
467864021886988288
468390630130192384
466255397373108224
472271161691082752
465906467435212800
466193085714530304
472304300861841408
466362625446932480
466189589607374848
466668048347570177
466267971573145600
469105743036039169
465711125858775040
465658535678734336
468066043164762114
466227369103998977
467996060070080512
466521965185232897
471605799949590530
463506440565841921
470806643832152064
469450247857770497
469738576754651136
463517760140881920
466507716219768832
463702454610059265
471614068001087488
467041144036028416
467559383409250304
466178862511292417
466194956714250240
472420902483668992
466889360214724608
472859613113511936
466512705277685761
471229681404899328
466220744288923648
466646887660261376
469322134993383426
466227842699632640
466218869799911425
469257549665935360
467043134380457984
466838202297229312
461907358281916416
463507342378532865
465711364774719488
472250085066022912
467714204221194240
466463896497557504
466063672830218241
466178698526605312
471333331926134785
466464860172472320
465830725426905088
471943335360225280
471273941336879104
471215419978956800
467364583007866880
468286112419430401
470781675463802880
465682922528202752
467835552054910976
470582373038694401
466193590658408449
469718485355204608
468072537285726208
467507425088929792
466198454247501824
466060161988042753
469050218714234881
465711943311818752
465918190405824513
466644383279087616
468144818879602688
467042329379872768
468334258616938497
466514705197322240
467302360663207936
464581227971100672
472241034080956416
467357643481567233
466668439718080512
462062353987543042
466494047175979008
471273379773685760
470213253407051776
465704125574168577
469189176932315136
469347053567361024
467509520282169344
466212548480491521
466431999604174848
463835268991033344
464533896139661312
468164369604308992
470931613367681025
472442364556877825
467306184832479232
471031544862093312
466225881539948544
466742940451094528
469011975339405312
468164769233399808
469411703440945152
464018299643101185
462010439212478464
465723877948002304
468419942312734720
471952922754838528
467088879720206337
471120406301388800
470441181596635136
462245215630159872
470668465028616193
471934697342132224
472334405654945792
467240475124961280
466718677207748608
465992453690904577
466193487814090754
469778165972213760
468135632523759616
466445592517160960
472687215948992513
466608919133962240
465680352791371777
462026844125274112
463330424941740032
471933378577457152
466195700871884800
468198116273815554
466180714619105281
471284825488646144
467311597778907137
466631754556923904
465731210526720000
468466125047861250
469768023134703616
468660280684449793
462378752844914688
471607538795175936
466846324499820544
466196203948871681
469164594574143489
466525451650105344
465656476539711489
467699463306219520
466193880820363264
465806780908707840
471383374028746752
462002656584941568
467430863295086592
468621149891346432
470836175968940032
471269828058415104
465752022340210688
461659557891043328
466211545198759936
466197627999387648
470791638810255360
465743487602663424
471887710957748225
471054654944473088
466200684912599041
466513837886562305
472592540688871425
472328414326558720
466648215371382784
466361945839661058
466349938243567616
466179458529894400
467365701540659200
470748380461678592
466200080093949953
466213327274659840
466230049775947776
466364319991869441
465321921127530496
469383166138912768
471079429859733504
466446283960778752
468095042955907074
471996619760484352
466506688594321409
472551730836537344
466197514811478016
466842962446389248
465955379457703937
468224579119230976
465695401736417280
466669462511697921
470843751829471232
465775926823747585
465973337957867520
466196031659446272
471550925077622785
470315358948446208
471246607858819073
467650747715563520
466197873428684801
472304023836434433
472309929319997440
467365452251820032
466711670560399360
466206683002179586
463733627411767296
466451176230121472
468390630872600577
467592150285574144
472643169113235456
466774438973677568
467888918348574722
466647466914631680
465992003562401792
466079241571143680
467108637538656256
465865004718514176
465686570024972288
465659389953572865
466204004599357440
468797875145965570
465687747147988992
470208250487390209
468315133027319809
465676973323218945
466218331721449472
467633207957934082
467435526539071490
468143903690870785
466498634880520192
467612166762135552
462033845798174721
472313903888601089
465901139985457152
465816966175805441
466202902139109376
470721399967846400
466810485594017792
465757914997608448
464258238368595968
472241454148878336
468770722102661120
465684844220280832
466299789085515776
461755369518166016
466299581278736384
466472690908680192
467703002833641472
466155478548893696
465912493328838656
472186931996934144
466922686988292096
466194886295687168
466181320746754048
469648599496654848
466198851414523905
468147487715250176
466652069282074624
470437604346044416
470716575587532802
463903976560140288
472689758649344000
463314401416585216
468186773542035456
462002194632302592
467590839107997696
465667758600892417
466019611230486528
470402152272121856
462405236313694208
463316082560749568
468342942109679616
462608361037766656
465810640670437376
462155389510090752
466854176106876928
471681009457442817
469347347210981376
466609873795305472
461704042914529280
471943459742298112
470996688195567616
471775580703453184
466179434194931712
471834575212015616
471244587726405632
472278493531607041
466207713270067200
466882407400869888
466196304587026432
471672949897191424
466985058872463360
466195744232185857
466191058721050624
463814262880624640
465653134707019777
470579150844362754
468408836944982019
466204981779910656
465699166216146945
465828297432387585
466301700790583297
466197622672216064
466198778525937664
472484361040711680
465683472015966209
466481828035981312
468146000972894209
471944872379707393
466010897664995329
466405766803775489
468466126150967296
466541465997684737
472719705761775616
470870474507816961
465805013714223104
465704385431863298
472642847208783872
468145478723723265
463024526805045249
470743140811698176
471249887749627904
462572044853727232
470817266813001728
471970934879178754
466489188523999232
466489499883560960
466329804804194304
466041130090762240
471303967712870400
462283114383802370
467614863737360384
465659055567302656
468315131618004992
467889870065512448
467206996635025408
461769867322863617
469207179983994880
466218839458738177
469324882678153217
472222644998524928
470732394027171840
472324168931745793
467352527894482944
467014077030494209
468390630620938240
466185495186526209
464058243061657600
469715657483751424
472544257438281728
466975914249560065
466611585071714304
471994614808051713
469741877827481600
467431043096514563
469664470914973696
466005771872784384
471745556176306176
467356610302853120
466200742630805504
465999002433904640
471261750952992768
469055307440599040
466194190867521536
467100138125529089
466405734834794496
466201319519158272
466014494540328960
469387298241802240
467621698531905536
467787290383626240
466226670262050816
468300536622489600
466838682990043136
471777742292131840
468516191368388608
466014473543614464
472246266198388736
462014893592289280
471064434341711872
467257100452638720
469687022999707648
467515083590230016
465798984892567553
465750975501070336
472318108854534144
466069137148887040
462368004676677632
469145515746025472
467364341864747008
466198237557555200
466179529275629568
466200610774073344
461907172709117952
469122594164047872
466197920685903874
467701910213251074
466442396910493697
471667667556765696
472296219302457344
472291235127132160
472287994297466880
466060816412708864
467227613975818240
464085649381801984
467907886396739585
464357730887950336
468886507420680195
472579391080259584
462278594820317184
472717300773421056
470285019517165568
467651302575464448
466195391336042496
462137586954166272
471235595067342848
466145688393646081
471874029377187843
465684522571280384
465997392467484673
467668927460286464
462280373062606848
467556020336992256
466209114909990914
463542935221305344
470550102525100032
465775892552482816
472541723504046080
466258400578256896
466868728832221184
469218490805940224
465892437224079361
469726661525925888
465727815011545088
465653969356738560
469635251245821952
461932993297145857
466200892408987648
461928248642117633
466701690679214080
463663001434718209
472870285084205057
466206465385328641
469514986889707520
465981490413584384
462304651426410496
465992376281231360
469377589518143488
466741032558669825
465859987261366273
463506083030761472
466743570070650880
466532437648879616
467310994771808256
470496571725848576
468277418667421697
471720607919656960
465843836313288705
467579638827319296
466045260343152640
472380128085803009
466448979459596288
466238855973056512
466194205946040320
469650239109222400
466424217756782594
465640158164160514
463755630017511424
466193476770484225
468503539816624128
466222109010587648
472304356927492096
466516861195018240
466012027266555905
467976857313222657
471667159253676032
471139816088690688
465725364158099456
472681817984602112
465712021774675968
470559383458689024
466189713393451009
469523904273604609
465658371043913728
463574080432513025
463018626015330304
467482972568821760
472545887592280064
472311319681433601
468315131659956224
466468518566064128
466165864698376192
466430457295294464
466193516050141184
471381039928332288
467351175465943040
467068571671986176
469195305049944066
467428052734312448
466194537723854848
465761398782300160
461802359077994496
467722809247297538
466439339564871680
466218380727296000
472702839337533440
466178840461463552
466244296010522624
466250206183686144
472766281595097088
466239489396862977
466218987886374912
466870130363105280
466464183249534976
468467413680652288
466315210102669312
466200773685043200
465745352885567488
466182418089537538
465851762612527104
466195154047492096
467678874370056192
471420609843298306
466200228488433664
466714904771436544
469377219689594880
466868967651295233
466437875324968960
466205881311690752
470689842578194433
467520755329032192
467512210579652609
465639212713127937
466920728609030144
471945311737233408
469323677168041984
472497716035997698
466490056036065280
465905358808961025
465944174554935296
466269060930367488
466545624343916544
464174281153183744
468199243925037056
466467033891483648
466358155388399616
470811503193358336
466187693857456128
471235689049112576
469715388414963712
471995845559472128
463330797509165056
472547752421781504
468323594842292224
467068364947345408
471934267354644480
466445342855430144
468090663746433025
467316995508023296
469315515216039936
467406132840255488
469764319698104320
466639024707608578
466193306087469056
465776071066288128
466014870043766784
466196350644658176
466177861477351424
466014325941891072
467095170950103040
465706992909049857
470913556855001088
467049282948706304
462306040852516866
466014485560307712
465686657920811008
468544182668115968
468609573730123776
470914735794188288
466435815644880902
472796355925000192
472243804833988608
465791040491106304
466848597984542720
466471950953771008
461756646516355072
467519781860409344
466014375296262144
466644242673434624
470662735689043968
470710383636799488
472549770867642368
472171693100646400
466664880842760192
467132464284979200
466014419936235520
466866630832971776
466684141741035520
472543905389359105
469328371357609985
471837184774131712
465671107073155072
470579215231098880
472697825734586368
463012184042115072
466363594545049600
467528631271444481
466663807394512896
466216589667233792
462570704811356160
466238072225816577
466075907510124544
462057971351318528
462242338119884800
466196169513644032
466543007580561408
471954000674164736
462348960221257729
467614782380457984
467338838067519488
469453724859920384
469430379024510976
471001220190969857
467612589568974848
470990357686390784
471268278724493313
465849656849596418
465767254592729088
467104601196736513
468400173358387200
465674635636264960
469716527227232256
468128793404911616
467824599640465408
465567543483437056
466012085814841345
466364159496847361
466208865827037184
466218329745915904
466491930801868801
465826581789675520
466625349594664961
466236165327032320
466212982884552705
466368578292559872
471257560654569472
466870629317107712
472448892832067584
466185245042434049
469458185397735424
471399391824461824
467043312742838275
466179694606704640
466210970033872898
467277332906909696
462236083028103168
464710532109697024
465657973117698048
466868032657448960
469287828703043584
466015435658637312
465706610396909568
465793694663471104
465677945458393088
467618087550730240
462143037041573888
467986293654179840
466446829882990594
472617301594734592
466227386665537536
465597932235157504
462352826178748416
462609710420881408
467109465439735808
466412943333408768
469653910664130562
466005576971874304
462344162809888768
466200265322815489
472679645209300993
466546168202539008
466841960980836352
466216430338592768
463035026985451520
465943420779782144
472251880412692480
467219133377937408
466195052822142976
465744601610211328
471246118752628736
471177032408125440
465659243404595200
466055554872643584
462246654272225280
469344526893862912
466212883487920128
461924732900618240
472249721969315840
466437126826233856
472755112818262016
471919251968630784
471080007352061953
471250815177355264
467539681408585730
466179614294159360
465929601173438464
470440019090354176
469387289395986432
465896852416516096
467614873522683904
466178813097832448
467519685240442882
466888776216621056
466556556801482752
468205764532654081
465933839030685696
468386737430212609
468089932947685376
466179292830109697
472297902489214976
465839390506618880
472780554425745408
467089293941305344
466512556324954112
467954346878328832
465656428867641345
468850315303735296
466503538445545472
472161525801558016
471273080858234880
469347680507166720
466243003258896384
468167359141007361
465704652432887808
467511329037627392
465779919872884736
472539920305643520
467781016719851523
466370448763412480
472549367283331072
466024319290572802
462026460971409408
466011526282113025
466642029217579009
470929287101423616
468466125723152385
468390630704840704
466048907219197952
471668303060926465
467096646547824641
466008056770220032
466793803722932224
461680134508912642
466597649731575808
464302120993177600
466223637112967168
464452856964481024
463636420243243008
467784135344259072
471203934150082560
472542169597616128
471259850274787328
466014934208643072
466622574051721219
465135510973722624
466229747161522177
465769288867909632
466885471079899136
471943612511424512
467329253630300160
463024761610973184
471662330955436032
465027602495713281
468121238284795905
471173882213191680
470679217286696960
462008472565846016
466257523884826624
468387258501197824
466239190011633665
469293434990104576
466190211106742272
465828184953749504
466676761783443456
466075909447884802
465671613455667200
472760059185725441
465948409082286080
462872917785993216
466446318119157760
472544998903140352
466970762583498753
471188379950780416
467909154871341057
471729535105249280
467611395886825474
472138466730717184
466186147988000768
466435745612566529
466642010766864384
466499158380396544
472873887521579008
461980365717245952
466177685711228928
466523721474523136
462186138682535936
465664548851036161
465777302744231936
467655380231667713
466221709230473217
466195249065254912
465654967240761344
465672850473377792
467425117878759424
465735606782676992
470913391037382657
470096767544209408
465659474653376512
471235690710052864
466233166492356608
465659881630871552
467583418394771456
466216980601528320
466215662025596928
462096029161365504
468696413241503744
469086757300891648
465734856866287616
466196701661769728
462030181750677504
472420976706473984
466226587965612032
466437286570500096
464580105923473409
466240117338689536
466271378170466304
465992032792870912
466255850513104897
466199918390951936
468277787334160384
469701358481059840
469570229576544256
467658237458665472
466374309968347137
466200526791536640
471559833842241536
465707247948279808
469713664786706432
472541291750776832
466193547469672448
467509591883132928
472316550448304129
464044109653901312
469320337079820288
472567969789145089
471852817083154433
464521918214078464
468351154607243264
468143364240449536
465659320747581442
461825529356619777
462027077160402944
472241841169907712
466840500775837696
468016523433361409
462138834269241344
472291360871964672
463928744923525120
468001413935538176
463250065671213056
469110047553748993
471262041408540672
464510281968660480
465677094484447232
469794234698960896
467647628289662977
462979758649651200
467043484587675648
467094429149323264
461671715194408960
467171616992919552
467314525768024064
465695250191618048
472668322874413056
465813187669925888
470885791627890690
466184634531708928
466250123555913729
466807566542962689
471666956840747008
471420648162471936
468673796040577024
466216321601253376
466208125079396352
466611995131662336
467040296648208385
465137686316335104
470285248224186368
465983876804780032
463444459712417792
466243246885052416
472540513665437696
468491364523442176
469503548607037441
471023592440745984
466194050618372096
466195081666375681
471235734565699584
470457088612003840
466465253300371458
467888215740137472
466837961678409729
472885934317248512
465694349863305217
466264347023405056
465747847145476096
463022825516044288
469580479373389824
465707196144033792
465993924318740481
470761040695668736
468096792660566016
470720210870095872
472604361218981889
465911325122498560
466979304220684288
467828859149500416
466195383496892416
472284084182323200
472603803473031168
466206639163318272
471242000193179650
466446073960357889
468140023439949824
471354819794317312
464639946520002561
469852163133300736
463518881802248192
467518418770739201
471421839969746945
471935069053935616
461720430336679936
471403305676328960
468143903749582850
466476859107323905
466156444325130240
462083187338788864
466592596299882497
465682881793515520
471249196226314240
470853042766487553
468100120920469506
466190718466551808
471242980582383616
466453237433126913
462857902307287040
470971644391862272
472504595575758849
466985762190536704
464968929194938368
466050062347665408
465802350632771585
465134239575719937
462003862585765888
467649113803091971
467302253678702593
466023902721101824
468316182597361664
461768615125991424
466513995227463681
469315647928025088
471275291978268672
467613011453018112
471707623814090753
466474070071316480
466222098268958721
471668477712166912
465744639287246848
462114911145820162
472670323016364033
463596080220094464
471769668147884032
466197940441083904
471944521274511362
465671636403101696
466840550423814144
472290891663933440
465770757948047360
461787983616946176
467908885005615104
466193466578325504
469450340782202880
467639775097143296
466360481658437633
465995528141295617
466490587047526400
471256331773411329
468214600023158784
466932268968460288
466194315640066049
466446488797978624
468152975483883523
467975927155027968
466216432254980096
464598079048785921
462735407365357568
468469806048374784
465981191145811969
471985328090136576
468594432460083200
466683696217456640
465757922232770560
466838524025507842
467702354650075136
466762186287628288
466887980070621186
468270741398372352
466213065357131776
467536244683993088
466195982145699840
471933179058614273
465704263922905089
466148149120479233
465990921461325825
465738033132998656
467644991511068672
467960182580862977
465840018192621568
465683631474610176
470839710206529536
466514571520655360
462226440063180800
465743833070710784
466224857537986561
465911135850344448
466843478823948289
472293008994738176
463018044806402048
466555374800089088
469634952313573376
465911314947141632
471055345004326912
461909479270121472
466198332809822208
467651649704448000
467863584215547904
467509449582600192
471502565054504960
470744055396044800
467636147980488705
466181706081665024
466185712753459200
466195437603397632
465661849791254528
465669459332444160
472669226742714368
465704079621373952
462392240963211264
467168780049596416
466398097682497538
466204945083944961
466744891192930305
471698725878759425
468141143692038144
463029285062979584
466239393620312065
468478176641810432
466464049493180416
468153567858425857
468140651607891968
465659222357970946
464539989964247040
462099741816664064
466177463744069632
471262420884017152
461995081986084864
461677248144093184
471600982682378240
470935261312843776
466234930448433152
468390630033743872
467429733458640900
471722565036036097
469210680969531392
472540823158927360
472243185507246080
465674660659482624
465699435222020097
467311468409794561
464943456675061760
466230495232020480
471259705067577344
467632970577108992
465715576430546944
468100143003484161
472541026281086976
466193840064319489
466216527487049728
472314786529550336
466507272395714562
469650631372705793
467311021519278080
466871410091364352
466839247391956992
467982936424194049
466741825097592832
465864982341894144
472603490372440065
468094850173526016
467658385010475008
462004961615040513
472314468123176961
468709906921439232
472709074975350784
468140852175331328
469447374566199297
466243829310304257
466497637886472192
465911323432198144
471258433510203392
465969101622763521
468315131651571712
468366642695909376
472240615967559680
472300363127595008
467088345252638720
466653865677709313
466196255698190336
472287028990971904
472584089657028608
470817460438855680
466875079305875456
471955599001792512
465751496022175745
467354093636177920
466633003192832001
470096431575883776
462026436376023040
466184566064291841
466014479776354305
472284426445926400
468816648523509760
466652229282562048
466193001216110593
468616149903896576
466991443673112576
466838348242624512
467845109459853313
471048950351269888
466346509878177794
469089413259984897
466015385008234496
466522201445785600
470894706747269120
466219225406013440
472543585867272192
470261069575770112
471261795735601152
467611620856705024
464580504583667712
471467196858658816
468315132800819200
471965551938387969
466193491811631104
466208398032109568
465964321143808000
467520767832625154
471945827464663040
465694041133162496
465706064374018048
466005936998342656
467090988142301184
472343380375400448
466839398185578496
465597449412034560
465001225205727233
466198676126175233
466464698360418304
468167402098675712
469579147451580416
469055281616674816
467650177143435264
466506927753928705
467319221790068737
467683944545021952
465732201020411904
467876412834074624
467699915871641600
466838377807888384
466194957204598784
465116064486273024
471836150823256064
471653207752462337
461905664248668160
466846814579068928
470696137028956160
466158345716768768
471725774030901248
466364574388977666
466287676648615936
472205932957425664
471052064739438592
466616471859499008
466102979200704512
471236558776201216
462323648385540098
465749290707472384
462265921256841217
470698808892874752
465706145009897472
467313461626961920
470804668625346561
466208760889741313
471606707219472385
466196628685062145
464175242999377921
469869467648794625
466440797689491457
464668776349179905
467031434977624064
465896665883639808
468307980044480512
466226977519570945
466219488564609024
472486558147575808
471307221331361792
467055872565190656
469316112732008449
461706934127562752
466067628474519552
465752246592884736
466178067963326464
466298396786302978
472554374577651713
466639251543965696
466201361005412352
464260911944192000
467281902458920960
465684284020252672
472542131261689856
467138897311719424
465655348531970048
466189937914937344
463444249678450689
465656048968155137
466193719008301056
466194264028749824
465657298069618689
471354047568809984
471789287181385728
465717479524679680
464176997728800769
466218114389008384
464803572518252544
467611131389829120
472315039429316608
466188793910140928
465727688251301888
463287890953666560
465793267008020480
465970718799167488
466240927208468480
470682275060154369
465888221260681216
472592404139102208
465993139824914432
465001033232445440
465703941297033216
466178470582972416
462028049354350592
469388158329950208
468704319852666880
466521840857255936
467430866822508549
467355838797996032
466228394552614912
462058014196133888
467616467068796928
467890005335998464
461821060782907393
472543333097537537
467617278469492736
466761932997791744
468118295850147840
464564351907938305
466872676334972928
464531297441181696
471286736581320704
467702657159688192
465712374570553344
471253868353822720
471928750998028288
471235319405101056
465655168776683520
465904137457377280
461930054571012096
465850473132462080
466886464429518849
472036915546689536
465668497087803393
461956192823017472
466204813856763904
465719220693917696
466004120113909762
466205144279834627
472332023269711872
466196439459041280
465740115768512512
462137580163584001
465703698736611328
461819771462250496
472563745399386113
471384638485573632
466227438238720001
466099475476676608
466303719848439808
469513807136432129
461827287436886016
466795284895236096
466412344436744192
461766830525534209
466748557911785473
466219824700334080
466178384993976320
467304265061396480
470672612767457280
469374921861107712
466199234572976129
461889949453656064
466161624567795712
467731335457427456
466224986508636160
467513580095430657
471934981237768193
465906313957220352
472553231847919617
471707167704092672
466198513890496512
471826771495501826
468140709036699648
471627244687728640
468214358393110528
466849228312940544
466223733737144320
466838048223662081
470723844034940930
466192974029025280
467259238717198336
466005623495069697
464226970398519296
465657774546755584
467358482896023552
471661646784372737
471398469588897792
466146131752124416
468532947373408256
462921982603173888
466193607993479169
466011724156768256
468144958994526208
472623385860517889
465672492757970944
464199488123715584
465752241320648704
468163681897824257
471788893646626816
463006710441836544
466370859582894080
465757920555433984
466198834477928448
467828186105909248
466470462378483712
464564407386001408
466309798623838210
462578559136305152
468939583464669184
470794324670554113
468146968842100736
466361276109963264
472251662891896832
463729347967610882
466193620123402240
466868496345726976
466186147765702656
464227210291732480
466195763937030144
466192318513811456
472242181181145088
469512909559574528
465944547248197632
466218986401964032
464589610291834881
467352481899347968
467616233437679617
462463383544291328
463273773647425537
466195240710180864
463536987064922112
471258109839552512
466220931220652033
466397566691999744
468867377455964160
466437492825399296
466350057932222464
466839707590995968
472282727807336448
472288876036653056
472303931133947906
466653439427346433
466064665735602176
468266356874289152
472257405603311616
466280045053771777
463836164407824384
466031032308076544
461796092200648704
468088854080020483
466621260345384960
465685333141487616
462582384764801024
466908043074994176
468543500770746369
472317421781389312
470963983885664256
466178953754193920
468509942450638848
466022460865802241
465775892414091264
464174979861327875
462137600904400897
471458778760884224
469391539391954944
468210714130526210
466011460259561475
467779516593496064
466207514854318080
469728644873474048
466177228460818433
467614637232373760
472291035943796736
465910936227045376
465715789450850304
466448440508301313
466497843495460866
468466125576372225
467105991612321792
466300621378043905
466046164992032769
470669997572751361
467031570218369024
466442593963085826
469634453354971137
471295492971065344
472324021322006528
467088183864225792
467330322146000896
472332211186712577
471006028281036801
470940506600382464
464254631850160128
466919633698553857
468527671794622464
466321909521457152
466489992752033792
472312977324916736
470682103462363136
466641926935281666
467681595059478528
468157170765139970
471873642700099584
466422097921966080
466465261663838208
465912352596967426
467582721498173440
471761886342828032
468640626725367809
467515851412082688
466199027340808192
468599037021548544
466838574193598465
466361814683779072
468609575118458881
471942115392372737
471957480021307393
471079450235645952
466852153252802560
466837544517115906
462166189809364993
466871878087610368
466024016474419200
465727124448763905
462718676819795968
467615095095177216
472313638737293313
466197428467548160
472598001756565507
471996693345341440
466177537014370304
465917758916395008
466868857047883776
472561705273536513
471923273110810625
465597372374851584
466242002720264192
466530206568968192
464781375498108928
467975887598530560
465754440365260800
468157130583703552
466376575861395456
470489497973841920
466556780735389697
467218883892346880
471364406493081600
464951073686319105
470741949830291456
461767331895451648
463895241091608577
468585945319473152
471410872460378112
469104138811224065
466189358937042944
470057215454625794
466099572868399104
466195620739305472
465664253278449664
472591576112177152
465654904904622081
471527108896759808
466832895018295296
471606385503776768
461787110820032512
467568818551017472
467558956919844864
470914930065952768
466549808052699136
468230723762388992
469109074244554753
466953742425014272
466274142983970816
466514065234624513
472305182491951104
466482407450083328
466861734704082944
467364973954752512
464563419681947650
465026199354232832
471756631441543170
462329653491810305
467203549198180352
466253438402064384
466188655153786880
463357578136027137
466865615110545408
466043989540343808
465657190427000832
472463415513206784
467803651051122688
465665833608294400
466248836592041984
471254349943820289
467110686472941568
465774394837454848
466193486698385408
466012557506248706
465657213663453184
466244929229180929
467039808867418113
465757918197841920
465677907159830529
472283337059356672
466229683554492417
466514231664197633
470954703161794560
467514243466932224
466371839993061377
466709382571372544
471406491694825472
467559606667857920
469439471495049218
470860076094222336
472346226428375040
467045812367667200
468165152747974656
464453518100013056
464057155981545473
472294187644121088
472550175521517568
466187857645043712
465800731828563968
466504380473421824
467571525558996992
466364452733202433
472543363334279169
465704867227385856
468463977559646214
466892289562779648
461871378170265600
467627802414424064
472626634793549826
471990293316009984
469645249514442752
466044000592351233
466216782974287872
466870908133466112
471993089385828352
472306038880735232
464580386790854657
472332494235111424
471926705217490944
466339410322399232
465685974245474304
463837482266542080
468088844248563712
461690440677199872
472318411947921408
472033136155439104
462280299108663296
466198520668512256
462028052118384640
466200778123010048
472284480292401153
465775776219267072
468466125643456512
466006226153652224
469835740856078337
471797920149151744
466091060800651264
466374411353067520
466840941370671105
461724978459996160
466198844980473856
466200131281252352
462497250329907201
466408620767207424
467042220084690945
466673706891485184
466743431557939201
471691786365456385
462056372276699137
461905086332297216
462138835053580288
466194667973787650
467653497547001856
472540111238746112
471938772859244544
466205096859037696
461966909769273344
465845142528610308
468541622561812480
465699293156745217
465659217735467008
470242343442862081
466195329298071552
466582587277074435
466444463741861889
466418920241766400
466197597472817152
466100157470498816
464683682041978880
467800919422550017
466441622268690432
465998174675427328
466625428010987520
466415183590858754
467720774107668480
