150200889263656960
152542012292341760
150234609517469696
143675477884813312
143529157748465664
142381721311121408
145592533366484992
144565439849168896
152602257236557824
149006033409421313
148976793653755905
148985435874541568
144121323306749953
142782436936400896
152884909852205056
152599110418051072
144106002114031618
143871310081179650
145218066505146368
144107410007654400
146809704302129153
152010160401940480
150200926873980928
150200999779385346
144937079988695040
152500611856867329
150199761780228096
144117897336332288
142297643656286208
143359920463548416
142194223045804032
142778072872128513
143820490228776961
150644220565270528
142592097164337152
151790952988676096
150654397079228416
142275372409556992
150243402913550336
144735122971832320
143668190776541184
144077684606111745
152019731086442496
151706402870657025
150200894758207488
144727410271727616
150239222299758593
150202611499409408
150199590203834368
143351882633580544
152476288131661825
144871328304996352
148902469202751488
150200938567700482
146131213256638464
145852372994895872
144538524593553409
144018081843380225
142080632313479169
142274782048690179
142257798661668864
146888799547441152
152914332731183104
146440542992089088
144873681594757120
144257340676390912
152973002592624640
144173744133373953
146606453690597376
144399481427861505
149038134125002752
143672791886077952
144728680726401024
152526759718420480
144305339200831489
144393698824818688
144923232791830528
144730935324196864
150218904046804995
149963621869424641
144929373089316865
142683795986984960
145757547167612928
149076785508786176
150266700565192704
152909942435753984
150601909978415105
150532226289897473
143872587989127168
142427634536693761
145265140252676097
148636814708719616
142737639160815616
144083920022016000
144360824750866432
150603943943225344
144125720367607810
150835133195370496
144089980527058944
143700436086554624
145094926428942336
142466796568580096
150200975200751616
145187708627730432
150199737038012416
150200882141724672
143725749331963904
148983219969200128
144424426681794560
146950165264203777
142269297987817472
152907113386086400
148447727318077440
144094667280105472
148612282694377472
144187764894732288
142800845942173697
144617646967627776
150207201762488320
144193923949146112
150729522575183872
149906876325306368
142695495951859712
152503981942386689
144433630725414913
143767179135954946
144122433144766464
142252769875738624
144078776022745088
146356407187419136
145228805966020609
152020000478203905
147329984871137280
150346607769038848
142369946406621184
148977387923718145
150470805074083841
142053950047264769
142789504376385537
153151457573605377
143888430449954816
143049207853490176
149932058259636224
142584683832680448
144088450495291392
146135637597241344
150200880883437568
144740052906418176
142782214860578817
143960793816379393
143978044716101632
151006328171663361
144788979278028800
142539719568408576
151458924535615488
150200967206412288
149320535610896384
144842192811331585
144081547631403009
142427049561305089
145034927619059712
142622290373390336
150330222301028352
150200885631393792
150200873912512513
152477028233388032
147265727265636353
152882734283489282
150278144115478528
142904395271647232
152910794735095809
150199800657219586
150834852147625985
144727427699064834
142530771436060672
144793557679611904
150200982087798784
145054189205192704
142053948541517825
150200923975720961
145854325753782273
145599736311840768
144483470138281984
144609136322154496
150250708376104960
144728517337284608
142544391737851904
146161608513683456
144108472785567745
150427697061961728
150235561200861185
150200993617948672
142565556124532736
148880328713453568
150307671080316928
144080411545444352
150200934050435072
150199760404488192
150200888621928449
148680576856104960
150356666410475520
148986753083121664
144995084306362369
150200899057369089
144991587703857152
144774892926156800
144778899941900289
150257766332776448
149455721539448832
144727878716760064
151648556716015616
150514547332096000
144633095461679107
150285644025962496
144426686350508033
150220364352458752
150200875850276864
145640200020832256
150948529018376192
150242600937455617
144017640078323712
144043887349075968
144726850202116097
146130552821526528
144187309603037185
144862067789271040
144080761618833409
150233008518074368
152466446394470400
149970543939035137
150213595140071425
151413254458056704
146155438365356032
144681072049930240
144403282356477954
143723453227339776
148981589869723648
146165442300493824
142508583748243456
142384516533714944
151047907167055872
150200889288835073
142194252405940224
150528923824951298
143882577386815489
142830669226192897
144114897750474752
142462036113227776
150210666387603457
150515650585042944
144131290168442880
153028097715863552
150537718886178816
150200882527617024
142136956367814656
150200892019310592
142687408138362880
149809879303987200
148562691345235969
152010166848593921
144078657156165633
144041502933385216
151560991396724737
147059394734063616
150485886235185154
152175757978898432
152888979014955008
144455489420394496
152651349690028032
150522533580517376
143868156912480256
144852333279444993
143893128032690176
150788613041430528
146567159462637568
147621183582502912
144137592298942464
143498376296665088
144221344924565505
148290869970219009
144937094089945088
144106958138507264
143820370955337728
150200868367630336
151297289900658688
143880881550012417
149437019259539456
149809878049898496
143771916635865088
149014190202425344
152848463867031552
143684363530403841
143664752298704896
149647816065695745
149531311722344450
144728984624705536
150200986613465088
147515646547210240
144148344221073408
143319956178731008
145420713979944960
144106691229777920
148983715148730369
144783809722843136
144991173247909888
150200931974258690
152899345816092673
152885516411482113
150210563107061760
151048236587679745
150247958682669056
153209887940292608
145276288293277698
144451939688644608
142194248249380864
144450692508164096
150234620871446528
143892638989418497
149373165380976640
148908924505030656
142080245326020608
144417533313810432
146785062111821824
144081448440315905
152923196092465152
150280395861147649
143307738926157824
147627802697547776
147176406563037184
142823408089051136
144729539686301697
151710127202897920
145358105507672065
143670531827306496
149134122235867136
152331903196872705
144141836582268929
146142336215289856
142302127883161601
144316294550917120
150252451444953088
144111466646216704
144017934174519296
142266782718242816
143691854817398785
150200532793954304
147178729616052224
152648838400839680
150200976836534272
152432349219536896
142665769992462337
152100931587158016
146334639705952256
145398397355044864
144529782258929665
148982773925949440
143658255967727616
144665684738183168
143046303528648705
148992625284874240
151133565353074688
144428694184787969
146708113586794496
143670539385446402
152543325948354560
153010884380336128
143864419439476736
143353545054363648
144560360341516289
150309356188090370
152630605220290561
144168176178044928
152099145597988864
144438637445120001
145087930665402369
149201613427441664
150197648744394752
147637037669953536
147105498620116992
144727005336846336
143608540022575104
150226938051563520
146273450699395072
146853032750092288
144536292888297472
152898433206853632
152754751581335554
142541096092844032
150200983903944704
150208676282634243
142292091643502593
143388095679705088
142252806697533440
150207117410844672
150200865196744705
142285580036878336
150521975775834112
145180873560571904
143821251880820736
143409208828768256
150829768575688705
152669887427379200
144148290169085952
152542010815954946
152590998063677443
144105200595116032
145880090830585856
150200964551413760
150702930671046656
144079783775567872
148869109122207745
150200884738011137
150204221239734272
144109266947678210
143683633922838529
143331806664601600
145171392256671744
147316227419799552
144622249079619584
143665146856873984
150260498858905601
151734463074807808
150660240038313985
152656216261271552
152932046262648832
152437825114083328
147653519699214336
144525020696293378
143893016007020544
150200874822680577
143260719348060160
150244788426387456
142258438796353536
144738912974274561
147739495297589249
144851402768916480
148983582973640704
147097455811493888
143874271100411905
145231291422482433
143832849441759232
146138251613319168
142610018276098048
150313665835433985
150200887250403328
152891255095959552
150260559093317632
143118835665473536
144114893283532802
150249760194969601
150447624217042944
143667059069419521
144131199105900545
152894816294932480
144848091038744576
150199803006025730
147634091284635649
144029823231205376
150245890462986240
144078282583842816
150387297827815424
149939667905683456
152472980683898880
153090581533433857
150834855184310272
152890567372713985
143684298191548416
143667064320700418
144106970549456898
143747764956827650
151792609373847552
144166270374387712
151791659301081089
150387297408385025
144152074991583232
152684613733584898
152150525759070208
143650433729171456
148542455153827840
152913981458235392
152478633083146241
142277474900905985
144654079833026560
144456417544372224
144181361106890754
144015860485464064
144885221412704257
145140777910149120
151472216746369024
147105509739216896
144899205549395969
146145228154339328
142288007481929728
144487227693604864
147262874396528640
152816229055336448
144715476847693824
150341214296743938
144933062667546624
152313576751775744
150217392310583296
151788832763817986
153072061269557250
150522533794430976
152010161899307010
144392398749974528
151843460389933057
149889514960207872
144734862757212161
150297972373073921
150264655854571521
143719722381357056
143342667592507392
144726969098043392
142650705696653312
144167414135914498
148453214528876544
150200896377208832
146721068235767808
146552060685463552
144899382796500992
152458598323204096
150249208316837888
147406779427471360
144351597139472384
144439401404043264
144118305668595712
148987381826064384
144728396558114816
146215450261454848
150200988890963968
144550751325261825
144077490430808064
144930135743807488
144108579715153920
150237099520573440
143698411244355585
150264132711624704
152160401612738560
144870619127885824
149603871814193152
142278086858256384
142044296982441984
150287891690557440
143319482901860352
147652478819774465
144694299995553792
146135524204220417
143903730511781888
144114452441219072
144083075398238208
145166283606986752
150306075764195328
152756680961163268
144735047629537280
145805543259373568
142680599520481280
150831873390682112
148979252073725952
152713056143679488
152860694260367360
150300334030462976
144736862186110976
144727754598924288
144133774681194497
150219353743298560
143670815026716673
142335283076141056
144451238552027137
144870832886398976
143358325201965058
144110166726549505
152010163639955456
144707295123742720
152828502612246529
152674821581447168
142443906993369088
150662837692403712
150316866055847936
145564641869824001
143882274750988288
144086649310154752
149107111861813248
145171149100302336
148971483199324160
153012673997574144
152649193046024192
144145188456120322
149011651700592640
151793742318280705
142133232178171904
150200869877579776
143351568941580289
150834850222440448
144078028425789440
149036536065818624
144630449011048448
144125472966590464
149529187156369408
152911712507539457
150149096647311360
150213596368998400
150200972369600512
150516728554725376
144030966145486849
143879173486804992
149660487028707329
146146478467977216
143669874479214592
144078614315548672
150199739332308992
149428987477753856
144077783264538624
143901297320542209
150200963456700416
152004265609662465
146832429406097408
147072133191827457
147430264086335488
148986886902382592
142378516003033088
144873294850560003
152966148051308544
151743199378026496
149882151129722880
150426505225310209
142293948818407424
144546594979717120
146551944314499072
150227453472808960
150239612898516993
151490599869091842
152226409736192001
143165364958806016
147666079513182208
152909638436782080
142492713902809088
146888922016923648
151542400312016896
150225966726266882
152434202829271040
144745883676848129
142443898013364225
143741305518956544
150200885975322624
146650828848107520
150205404025065473
150242815744544768
144737550962139137
150200829356421120
152613932585062401
153192594774568960
144445762946867200
144742996640940032
150199596268797952
144112041106485249
151812713197219840
144631071974240256
151790694187548673
144016730967130112
142656790528655361
150213595727269888
146146958254419969
146700635952259072
144727336011571200
143331553798397953
149840392798486528
152829198011076608
143460696250785792
145107335419936768
143379323326431232
147434542658093056
150404926013587457
144082162470232064
144110949727608833
145543561406984193
144780474093539328
144108500186972160
144104827679551490
145219868113903616
150403572192911360
147432489370124289
150218758630293504
150200936827064320
143673192152702976
151425674735927298
143902122889584640
149308573707534336
144914953952956416
149950288286072832
144017078821715968
152010162729783297
143351811032616964
152600656719519745
144296438787080192
153017705987981313
142821585458429952
152542012460109824
