19750816674
18892603433
19898146761
18456228257
18157070764
19662312763
18393804462
19599026106
18350019387
19754250664
19033717641
18217879486
19601088140
19624605213
19897847675
19666257572
18543035795
19626659722
19933723774
19874973250
18484533875
19618249509
19658698837
19623506732
18710366734
18513280055
20017421679
19658700381
19746373753
18482657361
19864431828
19795376084
19647743164
19624115367
17515489407
19692006200
19663588332
18543025539
18478366097
19660654895
19567569401
19636118813
19824085115
19612318832
19608494693
19608137671
19600849200
19597730329
19325567570
18962717841
19603987888
19663582819
18212598127
19856670695
18080118189
18238102540
19318628702
19665254984
19834685793
19673331200
17812136287
17568685366
19561508020
19663743829
18833337014
19652196062
19799018272
19663059655
19663594483
18169687136
18860692923
19684348885
19856671126
19658698975
19603290088
18057610852
19679150571
19637282298
19623320242
19597009078
19406876111
19694504445
19668660011
19665599280
19604106026
18868459366
18217884062
19680063740
19599291057
19648048345
19407720680
18376788200
18005235537
17784262613
19608313912
19604272319
19666529879
19663214487
19606254344
19703669142
18131065362
19633054429
19630710121
19663871446
18543023423
17513478982
19675869705
17700938548
19922430446
18350344051
18812648594
18376783323
19933722807
17515490861
19710808506
19694504581
19799406549
17680764267
19648407736
18222366865
18178305883
19665091834
18005286510
19686655613
19842850469
18559279018
19869930246
18810650071
19909803183
19652050975
19620127426
19687556362
19663391613
19875052936
19664967851
19607192825
19663329267
18348620477
19664874254
19658478535
19676895212
18977434823
19745329812
18736506288
18508680866
19516415941
19099905767
19741242210
19602835517
18710361367
18376778404
19887099364
19664841661
17812135364
19463483582
17708278661
19769800060
19568942839
19669571746
18238050155
19603860332
18691363165
18376779136
18340773515
19941844604
17671758510
19935054660
19856670514
19643907633
19687407059
18454059745
19796992461
17692919087
18478859319
19672882330
19666721457
19604112447
19697812344
19601409468
19856670515
19648772897
19363263479
18940287801
18543021754
19664838693
17947871823
19481803548
18213383122
19606632468
19698452239
19694504416
19684382049
19779960029
19433390545
19620363047
17693110711
19663366822
19614257570
19654643747
19614443752
18057615218
19610046783
19606385433
19099902819
18365321826
19633003683
19753399919
17515488588
19036369516
19663430105
17566802758
18979988236
18352000078
19664889072
19645062904
19627065383
19603793302
19703668229
19664245532
19616950152
19933720732
18483697113
19602876983
17590725886
19627514710
19664863725
19922359604
18790155754
19745730046
19676138462
19716504139
19602251920
19663527902
18312621571
19660346852
18641476896
18979155519
19658699658
19674222611
18517182187
18462550442
19601758181
19672966219
19711115483
18512088414
19824835759
17515494608
19288872792
19664825111
19599259473
19772447169
17715218156
17508275013
18710367839
19241307995
19611176173
18692102342
17723992392
19610677517
17493280301
19918124631
19663351326
18193576676
19663160168
19600241575
19327343581
19635511011
18710358415
18020259474
19608315965
18485224532
19456907819
19683359359
19363267629
17767830635
19743559243
19363262555
18079144394
19658699272
19516410421
19606588193
18170757181
18167291854
18349477039
19573173722
17834134701
19099907465
17833096002
19824920683
19897847464
19671411952
17451729223
17890501394
19667447195
19710836475
18986023942
19480696588
17671757077
19663034372
19652828758
19699396465
19604326582
19621442655
19801910294
18310883809
19678406090
19680082691
18543024748
18183985191
18637490936
18734447960
18168377656
19995325650
19658699405
19688713431
19796765452
19646478836
19612953369
19633467744
19657250077
17812135919
19933726757
19658870039
19603997481
18573606457
19707598465
19638886641
17679371678
18585621076
19608949681
19917713368
19610806856
19680509229
18167167721
19951155103
20007720621
19099903404
19678638703
19633142925
19666188461
19973975340
18413382192
19671240033
19663048653
19649534917
19629207715
19018210118
18225231484
19796517617
17671748386
19835054029
18348748859
19706242205
19609177545
18479669837
19599297574
19670933896
19680505211
17812141229
19616309376
18006490463
19704107691
19661053432
19620317160
19605124742
19746630008
18241706087
19676370050
19664635533
19664601761
18519892264
17720382935
19605408665
18640679880
17710783704
19699076133
19603791949
19783729516
19897847176
18238054928
18349514335
19753401352
17508777182
17834017920
19642574329
19856670187
19680914174
19567188809
18518889508
19664816996
19625545159
19603060449
19897847518
19654031341
19670924931
18520926244
19616808016
19709614418
19649937198
18404981654
19647785383
18751216635
19670795599
19621242399
18020582078
18704928690
19749568132
19786396424
18573028068
19603785009
17994178646
19749457356
18763766594
19657894540
19856670298
19623019460
19848595795
19597447135
19669901917
19658699283
19567080775
18788501585
18410112182
18468000559
18350372240
19658699618
17515500250
18649529259
17671747927
18664017653
18046361490
19897886702
19617339662
18346124121
18663914757
17594854646
19664884375
19702686697
19740827260
19656725554
19612719573
17705956843
19246402381
19661586844
18289368115
17676992325
19033717137
18664358746
19516411360
19663652332
17508335105
19697593946
19663582030
19689329146
19680504561
18803428368
19730045583
18943892001
18480539078
19698137678
19628660028
18684892796
19634338906
18239732631
19663030726
19656209646
18875750827
17515493711
19670354548
19683370504
18971872626
19617347560
19678657334
19610041902
19629792145
19685973081
18218122702
17703561486
19616403372
18164336942
18764181213
18057606043
19664431024
18477559472
19663839122
18637503992
18482658921
19652012379
17678794837
18046257038
20004903054
19795670815
19603144616
19610583357
19597732663
18057615971
19703668849
18385767968
18572929105
18003747329
18003579919
19767518409
19668017163
19604112870
17710905512
17515492663
19764763328
17815315925
19656856771
18078661302
19667126620
19664881842
19703668127
19622452168
18548115805
19690155383
18213642417
19671228241
18345982013
19919126048
19751454161
19625339156
19773941231
19620249396
19747045680
19746674442
18737639149
17568459484
19897847496
19745326720
18357768962
19654760563
19600527983
18214835599
19663882547
19658698988
19650961737
18472267628
18474481404
17671757481
18046257133
18492109993
19599914603
17713191340
18572875612
19528167916
19616497271
19099904228
19656415693
19680505829
19729440928
18150489374
19633092600
18130824471
19567538130
18638857479
19602870733
19363262140
19973592480
19632574993
19680993961
19769761066
19624971953
18163482390
19678749538
17671760680
19602873195
19601779569
19856670821
19595818970
17717544409
19099906116
17715361288
19703668144
19617296745
19697939591
19620287815
19629888110
19619266344
19617773458
17812138093
19672991272
19683363892
19619127844
19622837278
19672928818
19876563379
18479038310
19607052936
19294639691
19639333173
19639109107
18388423583
17698757182
18972132870
19762974399
18350302923
19689329101
19615141620
19604902730
18005275692
17698572103
19644905948
19662822693
19363261478
19659265538
19516409937
18541660661
19607723102
19516410950
19600256579
18262207227
18174039680
19245498136
18376782276
18155252164
19705265316
17671759546
18492838143
19663386204
19663036759
19857975076
19630820387
18191963451
17727395871
19815767651
18359557871
19624447365
19623402349
19597742904
19636471455
18468528860
19678855855
18997964593
19423641196
18985810981
19677421938
19731254617
18710360167
18456618257
19749352777
19703669118
19622924202
18348567855
19705365607
19608065690
18376786960
19917662558
17690235608
19104934611
18816048720
19856670599
19646251432
19604110026
17684695342
19722639582
18226369806
19821681593
19607705990
19636481900
19607178451
19619198986
19516412643
19308408417
17832500326
18376783830
19680504016
18361099176
19610962158
19297786076
19673288561
19668672513
18339360379
19664548905
19403658425
19897847673
19484404733
19602634365
19600037902
19600237663
17936917122
19627063826
19663254631
19918736863
19856670673
19617956790
18543024172
19815770590
18481157842
19603241393
17784637591
19600123904
18988491196
19637935519
19683370416
19623070498
19861756355
18377596163
18057606791
19681852983
18457325123
19694965759
19795052777
18187794838
17717704853
19637932947
19698477976
18710367197
18637500823
19217608878
19677461994
17517932703
18208754959
19597930284
19669804689
18475976603
19613490556
17678472662
19669944587
19680503567
19656609862
19664982420
18495306045
18052038866
19485374932
19664763431
19601246989
19675258518
19099904929
18456575983
18057606560
18736806658
19858074660
19663862206
19614700430
19619269076
19051880204
17690480547
18573489729
18739490658
18637497490
18295603569
19717500713
19784465776
18479733858
18348644597
19675116730
19100238485
19753405082
17560271930
20004929351
19663042388
19644453524
18863920212
19928381203
18046257070
19621315637
18238051322
19897847461
19328220741
19704487419
19382925426
19624235735
19613932288
18359428018
19624449653
19363260966
19664965595
18535053309
19703668199
18015255174
19636643947
18832564823
18643246901
18046278252
17684477508
17679606308
18529542450
18057614610
19670773415
19664327420
19622902687
19664916561
18838281578
19685842429
18712781294
18217880008
19664777991
17708471565
19652933223
18978220539
19679792765
20011641269
19634694453
19811138106
18348288241
19619468371
19683353362
19632873662
19679576881
19641176571
19626538330
19666276666
19622190075
17734656653
18426816219
17754524158
19658209816
18396522947
19703668487
18601222476
19634179691
19623694709
19663481053
18523881687
19680503282
19756906256
19608224477
19634743295
18130868793
19853317228
19605388902
18048991194
19675112380
19664820933
19604829975
17816341409
19602583032
19669357573
19675875259
19856670794
19828735773
19663063083
17705817181
18338392232
19662974990
19825757235
20007486637
19728522717
18056883924
19703668698
18478590325
17511547242
19658699111
19664068618
19685704847
18479110286
19629037564
17679153501
17727643932
19766325687
18710359030
18543036274
17513496619
19664239976
19672898427
19639062558
19363267902
18797907002
19630968315
19700682336
19616834847
17703417543
19670849937
19615695710
18188870188
17723753004
19681223912
19679106161
19099906644
19601273887
19959375471
18217879011
19604109137
18838221780
18360269240
18492106532
19664202303
19091728371
19665709562
18217880538
19663294473
18340000061
19402096535
17740002446
18600103270
19665832331
19897847131
19714725051
19923197698
19636391984
19485423177
19677422403
18292638041
19662930327
17812137664
19933719678
19665756504
19664331559
19604107636
19663177183
18353631366
18348653569
17783300911
19611770036
19622837043
19520142690
19761226240
19662155592
19667113954
19933723166
17688450015
19664874070
19516416736
18359511998
19712423464
18222101134
18821494019
18348922350
19686039612
18296477165
19665080501
19610110122
19897847635
19933721128
17678471829
18141889180
19649024736
19854568737
19665904229
19617297410
19036339105
19602581899
18217884641
17678940673
20003278122
19520172371
19640536846
19663687749
17468819948
19333484295
19897847449
17753698702
17695761539
18338965952
19932381844
19604120845
18350289729
19663689574
19623961994
19933721661
19894835563
18350563228
19690823616
19600234930
19928715043
19675593518
18185406544
18176218660
18386083239
19568806449
19664869307
19743024535
18359864717
19663036261
19625785013
19604038433
18217885072
18672783543
18520692332
19664347636
19600891756
17813409242
19622405749
17651700577
19611124840
19789558386
19603861373
18376787663
19772579154
19670800477
17812141870
18871737978
19791448554
17777212368
18710362126
19618993235
18574382001
19663496491
19856670956
19664912776
19380547168
19675744904
19615538894
19655906690
19727560159
17682222076
19604208688
19664987705
19658701544
19703668217
19608460846
18447891808
19647932889
18340500142
17982055138
17818054723
19620010498
19680513236
19617631420
19496732601
18347496042
19667871343
19665691001
18057605740
19616935964
18163106104
19363261953
18738501925
19703668205
19670125175
19792784434
19666350990
19664827485
18217877294
18478853231
19614555385
19602158174
19664814985
19398846296
19663688450
19897847641
19601247740
