725311067275055104
718129772480577536
717514822997434368
722180806496690176
720971816227844096
726126285064380418
723210017525141504
722900618361212928
720267791731798016
718223806930755585
719440804616527872
724985092695822336
723999726694178817
718486170846543873
726263552684773376
723085505957490688
724755235676127232
726259276390514688
723520071889362945
720408184960081920
719734771417538560
717819193211490304
725296831123623936
725677001839894529
726206329090617344
726177818544082944
718525028598358017
724254674887438338
725980413496283136
724923125046099968
718931280050679809
723983080612974594
720929158277169152
726071259881164801
723223637482999809
720786249158565888
726447294854221825
718211038441648129
725173302361202688
718079144878280704
717351461496221696
720703517346951170
725833188698820608
725827302022475776
720137588158394369
726144036789194754
723196929132376064
723156853711089664
724717172073754625
724963774008938497
723429458154115073
718461054196563969
720786273921667072
722795804264701952
718947711760752640
724572505701122048
720274984631984128
726120235414102017
720206420940034048
716689750967599104
720936772016824320
715876945699930113
717667275168485377
723155631591424000
718420027959939073
726263788631130112
722376336661024768
719846585698500608
724355579528024065
719519947492343808
717324847794270208
723506845747318784
723608675823161344
715931733057748992
726122280200343552
722924801703223296
720553814517026816
720799703621701634
717492040741859328
722794731743375360
718405923333492736
722813491158106112
723514745219911680
722366650700427264
715898434906169344
716987252283297798
724419090270449664
716225793257562112
725200296977272833
720555698866823168
715930957182812160
722766501162455040
725880869894930433
724150822444003328
723252146032898049
723522799793483776
717667706472771585
722883223030595584
725998067200065538
723066673545248768
715995005278674944
720515831277449216
726469315185238016
719835311145148417
719411229773709312
722689415445901313
723550771468492800
715761785643655169
726493148478771200
725800010181398528
716548107518013440
723523049262342146
721424129317085184
726195576442773504
722785501762052096
725997793974882304
717675460239474688
726483608072933376
720996267241967616
720528589251309568
726318722005241856
726134617456173057
725092577519755268
725323807876067328
721516245313576960
723430733637775360
720647016460582912
715895547605884928
723536267531685890
726121307826491392
722244207562260481
715691022915870724
715775932007649280
725339046365532165
720800483347050497
723434880743297025
717493336131682304
716198917352906752
722165919707828224
726142891228176384
724970916103479296
715933880319143936
726023902665826304
722393637280157696
723119958255894528
726331527513145344
723690785942560768
723534698845106176
725035171582476288
717438110972268544
717056273275981824
726120706233241600
726019871146831872
726374315634089984
723063720956416000
723621039935262721
726119833125924864
717290224657760256
723024654076506112
725360727662284800
723546888318926848
723513001576296448
726188581652320256
716808224096124928
716691027432763396
720241786501791745
720415780764946432
720312056340197378
723544488212357122
724438203374010369
721443107514949632
726343603707105280
717290451837935616
718542639046463488
717468456476663808
726142816296927232
718444863650443264
724670323929550848
726284348614266880
723545460837740546
720995801762177026
723935765806366720
722891383279714304
725197870811455488
724424561320665088
720900566868750336
725593276439486464
725262097618104321
723525957601099776
718394084247908352
717459450471194624
725987295208185856
723293689154560000
720981241126715392
726408143635369985
718573071318269953
717437264419139586
716006274215845888
717704865888256001
716722082063769600
726142816884129792
726135663465226240
720641265558253568
718523195733598208
717469251464863745
726183465624936449
725250371690491904
718455887606755328
721519883184381952
719563594010996736
725688624654725120
726186086905475073
725409987602702336
716692307093942272
721453016574889984
719248303880208384
718452166940299264
715981575502958592
722186612239564800
724627447795335168
723038886440509441
720179039428833280
725330265304891393
725972976005308417
723046664399790083
726121323005632516
718500555811864577
726142818071109633
726327612620959744
721057587748323328
720593238617419776
717438367047094273
723856774462218240
726175722876751873
716787350278443008
718492845238325249
726398875557347328
724554048431509504
723428841608208384
726488698238423040
720899730872655872
726204881627963392
723044893493497857
720634717284864001
722139603101200384
725788355393257472
726506597548068864
721007382445367296
722877908360892418
726211997075968000
723038109542146049
715973985977155586
726050158417305600
722769609355563008
726134175053520899
726558055282802688
723638184832339972
717753024936939520
722333172478971904
720987079811866624
719103504455974913
726434606249971713
723940495114813441
721525884390248448
720786245677285376
717449102183641088
725147698727407616
719959732065280001
719822570997030912
718295187416621056
726451847184179200
726416917745934336
726090326532886530
724734582008868865
717433445287235584
721195989617418240
717473035523985408
717038466186493952
726142819585298432
723039303241097216
720800595737763840
716720998943498240
718406876589920256
726205885601570816
720666267368210433
726020815548866560
726068893505216513
717159234576769028
717446282764111872
726406618217218048
719918902092951552
720313155256123392
726381852827639810
716779613364424704
726287699066294272
720786247384367104
722445294852513793
724723219366731776
724364922386300930
723419362225311745
720708863293530113
724000131188678659
726132674587418626
722480082779025413
723589510970232832
724215886098223106
726379259921600513
725311144337006592
722886866358259712
723519314322685952
723079669684293632
720837071028375552
716727734731456512
721393419772391424
724082807929245700
722807112192114689
720190157576617985
720137797408043008
723953824101195781
718433361807687680
726325884710309889
724663150457589762
720805202123575297
726122346147385345
723628912459145216
726458140082851843
716319389969068033
726452054013698048
717898601003757568
717845247930175488
721643990815285249
725667162174709760
724888093677998080
719939554485080066
726441797589827586
726407337582317572
723525093759062020
716700669252489216
717438048577970176
726043801492451328
720515012150894592
716983952905527297
723998097345536001
716102119808507906
725913424757026816
723599576825888768
724965066739572736
718690463364976640
722760655464493057
718200354756669440
718507672518012928
724621185443594240
720514424860229632
724547125871304704
718244173372080133
722881747042639877
724017628281483264
722044962750210049
717465699707265024
722225293096853504
720828864461602818
724116930924318721
720719064918859776
719243968299405312
726232267467702272
722422822442631168
725917777052098560
726127927675502592
723628399541940224
726318686919864321
718178809489580033
720799105123921920
720786253864546305
723066233306796032
726310445456482304
725988621388406784
723516169941057537
722892728082665472
716604147995381760
725793409839960064
720788870619484160
718205100808933376
726209705702510592
726137831610040321
726142824563888128
715954347289366528
723542137313308672
726034513663528960
725271896489644032
724180210095128576
723599545544900608
718245351333982208
721813132646203392
723034173884133376
723999847716663296
718437927571722240
718472412120092672
722516398786740227
721518524599050241
716012618436190208
726403972278284289
726122538049236993
723946397708382208
724252171588362240
726292285042790400
726380213718786048
715923262346231810
726333489172221952
726122091624468480
719197833539158016
717319870791225345
718320869135806464
717797375004246018
720906358690811904
724119881898024962
715836655672885248
726120989113913344
726124551382380544
725413478144593921
725623834431217665
724962948213514240
726034867109134336
719808990750769153
716309246816681984
722866605416456193
723154330396684289
726134787686150144
723534219440459776
723519881979686913
717514042084986880
722981232217202689
717690616864509952
725013110478790656
725269735424798720
726188621783535616
718524820535779328
720675105823715328
724932980716781569
726127600372879361
725868188299321345
726007855543885825
719541522568462336
726488599093497856
720255407550148609
726206394098180096
720018240764686336
725684731363397632
718202499463655424
723568343039508481
717786973231038468
726123684511907840
722898621675364352
726130161905598464
724063626768715776
718078147837763584
719890739744935936
716688009840705536
721516364251406336
726310802538549248
719846962586116098
721606431972200448
723066632348667904
726469842962907136
718965120269811712
721059258255540224
726216571262136320
726281279042404352
725269566675386368
722989108331728896
722960126160707585
719432271435079680
716772994748522496
724485357803327488
720816528988311553
723283057390673920
726304071544672256
726142814317240321
720139055481102336
724504147253334016
726191078785863682
719326218093490176
720869462824472577
717722788065312768
726212458533281792
717570732020989953
724053551899615232
726144133765558272
722752520653770752
724254557388324864
725002538123186176
720786267143671808
726130153164693504
718032126487224320
717785257995591681
722141875105189888
718248382112907274
726189045244522496
724882050294099968
726451753189670912
726233602409680896
726348413437014016
726142810588471296
718297632532246533
722122088660799489
726190910321520642
718903803823722496
717115091410399234
725845677591420929
721007229755924480
718228323239858178
726327514877014017
720786274299170816
726131650699137024
717739428035371008
726252736631693313
722032959411195905
725981443403427840
723089555268706304
726468288599851010
717319504934543360
726255227431604224
724604303806070785
717652346948300800
725792523340398592
721614745128865792
719951528078008320
724961876002639872
723657737226313729
718245682545573888
718769003032739840
718254121556537344
715950641588232193
716543022679400449
721920929148723200
726199091969970178
724412571327963137
722364923230064640
717740653548015616
723526640156872704
716035719404212224
721050818514968576
725970195450318848
720798831189733378
720786249343115265
719440004175540226
718057297465982976
726204421810610176
722400711955361792
716800025532227585
721412437346492418
726120653519245313
717087069420519424
723547471654182917
720991807614619649
726163396744384512
725631368521195520
726161247297769472
723595929316671489
717460469171298305
722464093169299456
726214493680885761
726528462673039360
717718453063274496
718495930010497024
725990144675733505
717468321361297408
715690900177825793
718470351584231424
724169123249442816
717378614375743488
723109404669661185
720259660314378240
718125133236420609
726146471725285376
726123667826954241
719860162794799104
722264939000246272
726176803354763264
726122292116336641
725576510443233281
721641988467109888
717434585206796289
724420481483415557
722894814526636033
726307023785213953
725075670242496513
726271540942262274
716564711173558275
724174605930389504
726340523783557120
723565693027909634
724783479989350400
726187317879181313
723429959088250882
723935533974577152
725365767861080065
720786251377344514
726443792623099904
726427211432103936
726071139336880128
725265580698161152
725660651352248320
723177364939780096
720242675379781632
718884985781035008
723430651739803648
725627129543708672
723562230458028032
726147113713807360
720334149635174401
724961270265303041
716785843994697728
719045104372031488
719555020186726404
715974726171172864
716356458170986499
726356952364670976
717497143943176192
725817155028029440
725702617020661760
723171322302332928
717412212093034496
717436701589671936
718431584974561281
715970771135254528
720159337944084480
723048733093564416
722903278338453504
722829331303563264
715932211845939200
722423551983091712
720806291745153025
720786251821887488
719889586697211904
723423677698592768
724413024665276416
722722006362427392
721000993064820739
726136611625390080
720959545330307072
726209482053787649
717976229538893824
717474028278054913
723520020291137540
721077593324314624
723041037904547840
723111155175034880
720652357785239554
725324641309462529
726446054426681344
726453098969853953
717539647426007040
721017906490916865
722807993260249088
716313064447078402
723870620799229952
722798051384016896
720802860045209600
718948046797729792
722058559454912512
722172215093886976
720753492093247488
724336678538633216
723484980681314304
719526864449114114
726237079101931521
716791942328221696
717434702014115843
724693791723126784
722882749346897921
725833748315430912
718209099775672320
726124340903698432
723596714398113792
718499585459490817
724449452568772608
720627705641873408
716625396909883392
723510852066922497
723072903999160320
716636124190408705
724470172438925312
723525101707137024
725423767967526913
724955825379381248
726452648736509952
717463889244471296
723522701915230208
725180851743420417
723293151046283265
720981378439979008
717034350957690880
723511924512702464
726197239270395905
724616113133379584
718161845484462080
723131132628361216
724664266557652992
725675280593874945
722724441046786048
723438612830773248
721862712888729600
725960955637559296
726120315961675776
726094440436228097
722808219941253121
719540469378772992
726123413979451393
721323127557525504
720538055225044992
717438790902620160
716974597925695488
722825582757552132
724372942402908161
718464930240937985
726486084968931329
722889680002220032
722022472757981185
720786249536000000
721039776439095296
720813423626493953
726379340640980993
723585014936539136
716676318201384960
717434489480151040
717437023682830336
726292282027069440
726394618900676608
726203637123284992
722859512667992068
720254893324386304
726154763360940032
718474130694279168
716404983726534657
723091846516219904
724203155932753920
725793116402405376
722356972058734592
726441719521124357
715909249054838785
717096220179767296
726142857338191872
718192345162887168
723635808868175872
726146055537090561
726079254715326465
723470859323604992
717468381302140928
720884372371451905
723757817157447680
718463171225395200
726265766778040321
721453153955225603
717506673435238401
725294775260307457
718450645762580482
724412509210468352
726102651423830016
723469313307373569
726490786313859072
726395521540186112
722403403234607107
719507139186720768
719102280587481088
720778258128756736
725614504604798977
726561022211936256
715897304801230848
726142843111133184
723540421822013444
722379235638317056
724663677966643201
725677371903324161
717050327980228608
723424932873433088
726242169388822528
717784316810498049
723537174902222848
723583704883404800
725276841829896192
717084450786582529
723512710714003460
717447808400293888
723409729284759552
717480608587448320
723425086804357120
717693824265560064
723540731898527748
721858378042122240
722830954763591680
722888313158283266
721895622593392640
722453849701801984
723422455826518017
719555542730043393
721006133759123456
716691062148972544
718311245988958208
726383359232888832
715893798111461376
720933614893080577
725285567123050496
720175858972012545
724216358901309440
719554370770231296
726043204991213569
719433859138469888
717433762611662848
720242172251865088
717817797636726784
725805375899992064
724125548373364736
719009623798185984
715716156921815040
721627245790552064
715836002674352128
719862858238984193
718325392378085377
715950503000150018
726410240523038720
718493842060783616
726381485926666240
718730034954039296
726220101624696832
721394587831529472
722746727825076224
726121986062213120
721995824855527427
721936535260631040
725512382575833089
718082625974444032
726170858113232896
718692986893295621
725279263650381824
720725270014009344
722368580789121024
720793583788376064
723969220501975040
720159850144116736
726127856267460609
720260189765689344
717210344469475329
716983919707602944
715974864180486145
724619849729626112
720796240284360704
716279621315076096
721359102874664964
726129054596763649
718212315292790784
723986698774798340
718139086377078784
723588518770053120
722910070183370754
726461886590377984
726187470899924994
726405979424739328
719589808704786432
718842304157655040
725280459731521536
721125853074219008
719491782057132032
726127050579279872
718527245862744066
717667032804757504
720268466876362753
725297815602102272
723701289226407941
726424472723591168
721959783884922882
715918941055528962
725840469528178688
718393944929869824
721489973686484993
723985972665409538
719907491203719168
724043771155865601
724977228954636288
726073274132758528
723426496644145152
724805869158830081
725988686731440128
723498196010323969
718465897124470787
716934159567028224
726475906211057664
725783894549757953
718077423439491072
718465881718853632
726233946304974848
723521594069528576
720867278439321600
716452923811581953
726156815822524416
725320066284326912
720786250030907393
725854864325091328
720799486612742145
719842160518914048
720900332277080064
718510706296033280
716720953120710656
717750131831885824
726123333134082048
723129093760282626
717436391072731138
726173466798465024
726193010480816128
725839568575053824
722825843513253888
726141401633681408
715966188937994241
724449623163703296
717602800050552832
726244254155055107
726023537224462336
720799300121264128
726248766051737600
726006900421095424
725820751715127301
719556938019794944
715916495604228096
722891837627695104
717024205284376576
716328184665477122
726142817521668096
726121372636839936
716492941762494464
723002920476635137
723110535944916992
717696765324034049
726124481492733952
726494370170572801
720786250131578881
724694033172406272
715723180141383680
721405595144818688
722223446885801984
722181363261181953
724526743219003393
722811969510637568
718449541935144960
726349533475647488
720137812117479424
726142881551904768
725069009150955521
718497678787747841
726554207176806404
720181342793822208
720008042947870723
723592901905645569
717465089318596608
722598464069062657
723468243621519361
726125061237657600
724562413337612289
719612207823106048
723655895025115138
719364040263217152
722904917573111810
721633533299683328
726144375659614209
723576499371163648
722464314737602560
719012038245163008
721997914386657281
717318101428121601
715918413709836288
726372988384333824
723861010461937667
720786252853719040
717618233868587013
723772018835906560
723520642600042498
726545853004038144
721352437911711744
718461594943021057
717911307614363648
725825990367150080
720646875532144640
726142852577644544
722456104941301761
720933958129754112
717446588394708992
722809464232022017
722780164770381824
716987129671327744
721374004372643840
726242427481120768
724780597407715330
720762709646708737
723644540947718144
716981476408107008
720686741972193281
726193336919461892
717436382214377472
718080953067970561
720333623879168000
726433065170411520
725598604711350274
726142864044892160
726122017024430080
726032324790476801
725196786697146371
716586665347837952
717447770982866944
717484099229757440
715952153614016514
720644174924656640
722879043696259072
719650210717265920
722334279703912448
716300036204658688
717012392882925568
723522716846948353
717668063282388992
723034600772005888
722883226969047041
726124159965663232
725866349336137728
718281461313441793
726102445928026112
723563507698962432
724336793693212673
726379799699054592
719910670456774656
726176701269467137
722880154247106561
724401318727684096
723605622546141184
726464930044588033
716013254150135809
722461837342687232
716031241968041984
718125832951226368
724308512843677696
724519281954832384
722812915473063936
724411930958434305
726142819803385857
726249303698735104
726540295387664386
718709504154726400
717438482784759808
726522305145348097
722878278709731328
722952277737218048
726187767714045952
726093192303546368
720743385804509184
718290121972441090
726124734878883840
720779769227313152
717698911826108417
717877486986596352
715936409324892160
723188884624969728
723562233209323520
725972963921522688
725111138719924224
718975941863739393
725679652669251584
717434382756278273
725797027779624960
722683856537706496
722689363260370944
717158830044524549
721772749555941376
720980778029617153
724673350476419076
725311615533338625
723523313071480834
722805002088132608
723524707815948288
725382628476608512
720615510375862272
726440878953369600
724786221160009729
719528484566142976
724148033307348992
715967357139554306
718216423475146754
724893038791806976
717447765047922688
723429638475640832
718394848085221376
715777579047862272
724449739614375937
720312671875125248
716654891939139585
719992437762973696
726221833800835072
725623010359672832
725794531636068353
723537402103361537
723145251733405696
720048062769463296
725322886106349568
724970807416393728
717332043231789056
726107175827832833
726145301342466048
726482072064380928
715987190795411457
724659349629636608
723519792070561792
722418346961014784
726469486023335936
721069377492267008
720954752503259136
720786247996694528
722332364924461056
717475766552944640
724383763237580800
722902093044953089
726122482441289729
719280585324138496
716291562402136064
724032459164123137
722674445597483009
726121472691961857
720240536959864834
723149377154473984
722775347305951232
726131554234318848
717546244831256580
720031842775207936
725674811767189504
722881979692290048
725679296774197248
723520480926392321
722781588904402944
717442101663764480
724525104672169984
718403166807703553
726249494011105280
716996403516432384
723530312500781056
716685288836300801
724921505914707969
723260390298230784
724119987795951616
723523973091205121
726121647930019840
724285375561228288
725633500825542656
718244136135081984
722908284546486272
719917480605450240
715948326185730048
718393223081824256
717470022302621698
726088678091677699
726485813953990657
721790075433054208
717023590198149120
715920681326673920
726136210050154500
717451090581540864
723410262078808064
726194409889390592
726111098722734080
726104869153722370
726130533571399680
725075277492056064
716983966469857280
718310477407907840
724219006404706304
726375902679040000
726248497675177985
726122646098837504
724096385566560256
721257863944003584
724700588404031488
726158342570315780
717791665252118534
721182577445371905
724119598602162176
720786259640123392
720786256221773824
716686279132491776
724658829728866305
723547355350441984
725324641191997441
717455221388152832
723425249539198977
724004017009881089
726176800452268036
718112757128630272
723515215489458176
722650622869315584
722746547637764096
726025916829327360
717735297149181953
717445595137499138
726252697796501504
724151139202027524
720652116738478080
726111271075065856
726406297999020032
726112509174927360
726492000615198720
724585229608992768
720637401417261056
726120806212841472
718090322652188672
718633542050308097
726112144903659520
726492579710271488
722265944433803264
722956747904827392
726007707728109568
726145058571849728
717622812282920961
726266101676519424
726129561990127617
726064996862537729
715969886879555585
723511947874979841
723498118780583942
719886968130297858
722685042380705792
726144643197448193
726173430060457984
722985445609476096
717530643261964288
723991824629641216
717484919723700225
726175069836185601
724361212583141376
720788307387490304
726559004223279105
723552028979552256
722843915250900992
721835144592515072
718576229213958144
720300074400526337
718530946811719680
718468853647413248
718193085969272832
720652873391087617
718454280655605760
724011539401990144
719559881225854976
722045079817334784
716748159565869056
718191417625948160
726415718846074880
724489691647643648
722731394405896192
718471409287172096
721093464620941312
725794050519891968
723481392668106752
724255484778295297
720786248613236736
720900016882192384
726119309345443841
717785424941330432
717698906360950784
724413829933723648
726333140525047808
726190156584112128
725391265987219456
720786251259883520
718464940517023744
720663350837972994
725257463805530112
718877302306836485
726124667187027968
726197300037582852
717478784383909888
722777122482364416
716279590813982720
722914190059397120
723523870896984064
723898374991175681
724961585920380928
717620691093168128
718069013943685121
720786255890370560
715742613656080384
726330252515921920
723116186636951552
726135945905496064
726264502220517378
726288781842735104
726285237270007808
726386887536074752
726126191510331392
724024810066448384
726003750238707712
720852782354305024
718569172666462208
725816737267093504
726135110366453760
718210732224024576
722538802665910272
721216449419747329
725277287638286336
726500763736764416
720720982927773696
726124286117838848
720186451959357440
726395713156997120
724399871159996417
725384194055090176
726129479240683520
726234043654631425
719934479070928897
722883552891658241
725274572044427265
722773601091325952
720316691314442240
720801357175791617
726290768206389248
726336044761780224
721285145211334656
721366549383106560
715953152462196738
719934804788060160
720586262751543296
718458037867016193
726142836588994560
716308924778029056
720638648782168065
715882522219913216
726120704794611713
726026418640048129
726518664619515905
725591309289922560
722903343509540865
726257171801989124
726406407579439104
718546998043869185
723304879742013440
717773069243297793
718490647632703488
723533079738904576
720399388913217536
722683383474741249
723554588813590528
724318461321564160
726181780068405248
720733438689591296
720257045178499072
726159950276386816
720786256146268161
718173931560157185
721006390689574913
722913904116916224
720786246461620224
725118781228498946
720036513283760128
716019757582036995
717508586683768833
717241648053362688
725792153721552896
720515374932959234
725080618292404224
723608465847906304
724534421035094016
717445653023039488
717003230471786497
715931379377315841
723192255624814594
722959441717391360
722800971638812672
726406940545437696
717903468929748992
725253766027436032
726142834676396032
718456668246437889
717100808492486662
715985668166533121
723336075473645568
718400759847632898
724288617812779008
723161176033615877
719812765712576512
720568605893652481
722970494631174144
722877989009104898
726480024010776576
724543933959802880
723564830012137474
717518817962934272
717652127267561472
726176801651875840
723598907188645889
716086105926418432
726168326481821697
726123685703098368
726264084019089408
722881931419844608
722769098829115392
720786249301164032
716932624673935360
722773855345848321
726310983782797312
717329151926079488
722900986944102401
723482096187117570
726278818999226368
725362386736152580
717458849071042565
719556087859404800
723626247088168960
720212735330557953
725030322472116224
720786254866939904
716640532588601344
726200987686461440
723443570976288768
722104427067211776
719554761087967232
723512476873166848
717743888014905344
723715288236052480
717698692061523968
726123808512417792
725291475882250240
718422402980519937
725112211887251456
720802020211294208
722304224353067008
724064416220602368
725455984525627392
715960711629791232
720786260713820161
719527254158667777
726169540393095169
725818675685670914
718397603109593088
726159640581562369
726325118469808128
722077600802336768
717437783107899393
726104911902023680
724292303431589889
722605893343383553
722718709974863872
717448408773083137
725950006520254464
723578133241171968
718317072485388289
720801653532848129
726124118131761154
726142820138909696
720691223070175232
716293645930991616
719133017898356737
719535613234417665
726194993778532352
724985991484813312
725746367809753088
725317304620216321
722121784653262849
717739349228519424
719892496885686272
717519235774177281
726178281939189760
716417637253824512
715933912359284736
725791955402240005
724482021435662336
720341265942884352
726302818446000128
720786245954068481
717328327011381248
723384119334297600
723780488276639744
726325753789448193
724631802330124288
726120235284238336
724178060904411137
725987056871153664
719308066403954689
720786254883717120
716876333775630336
717667337042731008
726305215603945472
718775692322873344
726123684188983296
726120622829502465
723513242639839232
722358564107501568
724530748187799552
722368349859090432
726162646509088768
718434040685203456
723373740499685376
720582261364555776
726357779225567232
722380138151686145
718189372223295491
726143468817534976
718567904896290817
717918852093325313
726127344872611840
716033740762316800
718492418300112900
718366112350629889
716694443454304256
722901532149088257
720865785921404928
720325517082288128
717587998225764352
726136533594562562
720625181518077952
718202359533461504
720514377246490624
716677912691400704
725566732966862849
715843713545670656
716223398708396032
726147011821588480
719251367471112192
716687238583689219
725050812951453696
726513774354538497
726123694741921793
726005199765012480
726120145291104262
726152022639169537
724988717836984322
717166676148625408
723942722713702400
720840908514562048
723862392636080128
720799234996305920
722807046119276545
719259494434410496
722394534076932096
724166050464432128
725683557956382721
719543970024550400
726182820821884930
720684573441400833
726132849464717312
717785223061221376
726337807648743424
720708146554093568
723520129632493568
717445788448600064
715892500095873024
726196665036595201
725439891748884481
720596626067341313
722281228611756032
718507141909344256
718785138268590084
717448776651116544
721756393288691712
724294694147121153
718298357463179265
717436524229369856
722759363866169345
717448336584736768
717548052051918850
719665805277855744
717436277906350080
722742675087171584
725584093610696704
719836509189312513
723292651081089028
724446967217135616
723759908877963265
720512760556208128
716723290199441408
715716796951605250
726353411524845568
717478898984833024
718196046288011264
724054004213252096
720255819686797313
715724383873069056
717904479241117696
718497983076048896
723467691223343105
722814619392184322
717734153870041088
716299749389787136
717724563572965376
725291644841512961
718468112258056194
726154399500914688
720637838153379841
722822818207899648
717170500250652673
724558675487006720
718491019906396160
717002358484504576
724031724233969664
725112302035427328
722987402751410176
717338555681366016
722640853924212737
718346444244197376
725571423134044160
720255388424278018
723041130481246208
721629484986798080
718224717870678018
726123378835374089
725807392710086656
722360891715530753
726175883715813376
725774410771099649
724945848455581697
723063641486970880
716262298973822976
724853586576945154
726101199305478144
722883683003158528
726142821606912000
718551201281929216
720066356469637124
725839334843146241
718461025826258944
720812677782773762
725993071188402176
719933833366208513
723276859274743808
725300111845249024
726442497052925952
720590837839765504
718078698252017664
717456898585288704
722046101738553344
716114543596974082
719585248770588672
725821929454637056
725267645801586688
718890316594548736
716063555737501697
723776416114982913
725715702552911873
717786394052009984
726335300432236544
723538526210543616
720316821706899456
722441657438892032
725459892761444352
726203356251873280
722332399305125888
726351500151275520
726175178087124992
726154705387315200
726206481305980928
723250827331141634
722394117574172672
719834028300496897
719988005637730304
722411338534887424
720225261766184960
718189491731701762
723657747049275392
718465786709426176
717604800687263744
723266343408001024
717998274066690048
724142708286087168
717583765938290688
724664583735005185
726326502636294144
726146121563693057
726121278327902209
725630501256450048
718493589756633089
722322517751369729
719790183969726464
721952975065890816
717698613963530240
718256906012385282
725309551264841728
726130170923372544
725537303989358592
723173563159601152
724039965244592128
717712623454855168
726357456356540416
724678291068715009
725108961058369538
718086961328553984
719880085927497728
726289109694615554
719477229563027456
718397039718068224
726142825578942464
720705104932958208
717467648532037633
723954280152064004
726499503411322880
725995125189410817
723150250165174275
721191193577660417
720983824503586817
717459727177756672
717808121754746880
720368651828748288
726078839038857219
723777605506310144
718471076704075776
726159413665476608
720044709796831232
717155007032868865
722694870117302273
726316364948987904
723520490476724224
726551217736945667
719971828488384514
726472960991703040
723239843476574208
725014643706580992
724091907400458240
726435353599565825
723941675731693568
726162419140030465
715714129969995776
726225960824086528
724139014694031360
719075468356558848
724573560308518914
725315569013149696
723545532136841216
718127538665562112
716558401883414528
717459384293466112
717919210593062913
716414140454047746
721075078176358404
717592937052377088
718406985776001024
724409788717780996
720796340045742081
726142825033654272
718403806380175363
720786248764235777
722745092042141697
725892068351070208
723934765364158464
725662804393492480
721435730438975491
717451259998048260
717435414424846336
723535065725063169
722155262400995333
723555084601331712
719830518318010368
726376583871737856
725882592835203073
721513185359065091
720138177974050816
726186567480430592
723223577315688449
720024668414033920
725075277655728129
723144244156874756
723424210970771456
718473193778974720
721436121796780032
717668889627205632
720786253948452864
726517601455714304
722186803369783296
720827809392758784
716412545721049088
715778346248966145
718507932632031232
719812535550128133
726073774571950080
726274836834574336
726390958938578944
725799556340965376
723637896629116928
720312160958566400
719897536178159616
719453565773856768
725367837900988417
718444796411404288
726307217423654912
726500751166607360
722995565512941568
722774182342303744
726396933422612484
724243884889485312
720163960973103104
722402313407696896
725420847020781569
720786253130522625
715991293743251456
726123855144714240
724127282101506048
722414735463989248
724211719304806400
720164440126189569
724719464869040128
726409713286438913
716470260900212736
722939716631277568
726122606131183616
726329682052960257
725816611060498432
718482251470794752
726426667204251651
723537126411907074
723526366218575872
726176118038876160
719905036130770944
726121604095291392
722018599515238401
721952830165225472
721831719200919552
721026166434344960
718257559921127427
725280900162961408
726122029196283904
722032978159878144
717898807166562304
717498912874045440
716030139671441408
721005078522544128
723524313635237888
726211838707261440
726153989713174528
718777717878034432
717798872894951424
724161049692229632
721627628407492608
723208244827684864
725800898430156800
723305309356191744
721691762172014598
724780863133618178
721668336401125376
717436570765099008
724474714370928640
715862551632814082
720836453316452353
726487233419726848
726128922761404416
717315086449262593
720237795990708225
719869496626798594
725343781382311936
718329200676052992
720173039170752512
722656386602156034
723388916695371776
723532243759562752
715901056127991809
723104198431133697
721572843335589888
720788560211795968
718486414267170817
725728894100320256
725079907466895365
723524862736760832
722162095656054784
726142817236488192
717740889771212800
715974229989199872
718317804705943553
719527892812738560
716982436823838721
717445712959504384
721400034583904258
717232620120252416
717876489690226690
722190415676313600
725956237888610305
723372976133926913
721990760065699840
723169102504714240
717439802279378946
715792062919143425
725900817660702720
723940786375634944
723065005206204416
725800357851484160
726039758678315008
722778657199030272
723420338453811200
720911546772242433
723675742224011264
720597612471128064
717715821556969472
723642267475566592
720812718408732672
720127982669533184
717940021462966272
723521742887608320
717787717078224896
726142828246536192
717493848319111168
725587939175071744
722912375716720641
718490890365493248
716736005999435776
718559133549469696
718513710021681152
717558448750071808
726071937240301568
719546854011248640
720323063036919808
717822286112239616
722747724035133440
719778190181335040
725313782315098112
726120187196542976
726183799936159744
715950574420803584
719813063143256064
724163813138915328
715936854567219200
724551320422649857
717755620951199745
721841188395991040
718300749877420033
717003553806495745
725071103471849475
718495531094437888
720994672043286528
725731569399402496
720031448896577537
715921349403803649
722750024875171840
726353831592775680
723652376209412096
717666015610478592
726453266138144768
721605274017075200
722837343456096256
726120872113745922
720906919469256704
722712534579548160
720875922715316224
718956613189640192
718080699220279297
726197008692817921
721516564827086848
717897892523085824
717834552614526976
722515504234037248
720167796496146432
726410434601836545
725776837947842561
726142043433537536
722825259020324864
722443928918630400
726142847288627200
721971850822029312
724357205026283520
726220632204013568
725065579036463104
725289786408210432
723568929533124609
723537501424640000
723757291917434881
722880763868409857
726171693027201025
721743471560634368
724678561920102400
720786249947029504
718444827608813568
718314885940146176
722192401217916929
726142863352852480
725578385318121472
718197426335715328
723082314130006016
724636636676546565
717157540757372928
726121326302261248
722873354680680448
723615185806577664
722176278845992960
718492975865729025
724310054720143361
717211077059223554
724620018671972356
719810302481723392
718400380451860482
726142821233651714
726120775019843584
726455243140157441
723609073380397057
726258908709294080
726209367742156800
724397628071514113
722832326183374849
717735232837799936
722495773426855936
726127647135129600
720531539264716801
717002064660815872
722338980486909952
724139983175450624
722155269665390592
716721378939039744
722126650905923585
726536241089388544
723167006808219648
721785737310564357
726120608971526145
715724286833598465
719512874708819968
717897442377744384
717672227517423618
718246064432812034
722843627886624768
716681605650190340
716424384022515712
726271839945789440
723519709681967104
720677523680415744
723486834140020736
722503820325085184
715736473421619200
723515811994935296
723259415156133889
719256631486386177
723974415088803840
726211916582940672
726142814073950209
718495884850368512
726186456444731394
723712440060387329
722893181881180161
726211024202784768
717465007982788608
723297091418615808
726226179426934786
725125222869962754
723154541022208000
723500317690617856
726142818742210560
717794656965120000
716405521503404032
726142812052295681
726166243816968192
725749315679952896
723102153963753472
719008846191005697
718758021388705792
723524960984006657
716823883081318400
723535517678219264
720988973758291969
718461694759071744
723093333313089536
723934911133016065
726142834500206592
725946230245744640
720514939929149440
718125256532045824
723147081918111744
719827589053943808
723938808480190465
723181611307524096
726272067763499008
726120743818387456
725795711229562880
724941096770478080
723958640038830080
723986996977348608
726174692478832640
724555861272702976
720801799536513025
718107568812507136
717871730694311936
725987156024393728
720786252488794114
726315746024894464
715840531566301185
724030687087595521
726191611990822913
721491113287290880
726142833304858624
723583411865178112
726146705826127874
726311048119099393
723427490677448704
726142827042762752
724285369974329345
720686057373700098
717133960375980032
726231471724191744
717822193846108160
717166548465549312
720027697645285376
723113239869972481
725798842935844865
726445046963249152
722891818078081024
726144285838598144
725347856463355904
723194101714186241
720315143901450240
717734809892589568
715807359566749697
720786248671965184
726162921877725184
723038080714706944
718258742018580481
718497171683860480
723632078491922432
721693547959885825
720864892119420928
725991311602532352
725435438861832193
723128198448451585
722901395641225218
718305129124990976
715951244695756801
726121397068652544
716577172778041344
725971012148416512
720048931883888642
716413617256710144
719160589763899392
717637731598405633
720624429672329216
719418234840211456
717810174677766144
722633191668989953
722239272061784065
726120697630736385
722758718690095105
721767475285725184
717370834298527744
718078796570763264
718085002966253569
717742378262654978
725383041930153984
723160723061264385
726365615326412800
718446549924126720
726267183706329088
725820097793810432
717786344198684672
726142829672558594
726135983985418240
726142819031609344
723435809156689920
722882230020939776
719850172612653056
719780438588465152
726067753627582464
723941994251182081
722522041270673408
718126365845925888
722352446203392002
722364828963057665
723112808565510144
715927363435913216
717835478544678912
720229941867098112
717433458889506816
719095642690297856
720801019693629441
715836448746954752
717681767080177668
720643737970282497
726204960518492160
718076001058689025
722845313619197954
726073195837673473
726560541184016384
726015874595954688
724339158299348997
726508139118510080
726061812341460993
723598056462098436
721517259366076416
726042389639520256
715888827869560832
726019819695267840
725291945480740864
723643926985486336
718569482097201157
726192505683906561
726068535500349440
723521012575383553
724396663616368642
717729199838986240
726320083060936704
722334693643972609
719281509035864064
726327435956903936
723939573995311105
719459684692992000
722689617980473344
719553713694707712
723471968255770625
721526493856161794
726135332589178880
718483312906518528
726173557152092161
716197059745955840
719910625258901512
720980048132620288
721576731191197696
717039828320260096
726353651367817217
722877634414321664
726209651537252352
723387143880482817
723991851519217664
723028885370232832
718151513248391169
716899559566348288
720996443201413120
718197112329134081
717962909968703488
725791822031638528
722957982397530112
718454205921521665
717467159006474242
726186253658394624
725096894758670336
726067791057567745
726175627284353024
721079409600376832
725370663532384256
723210179597185025
724915786666663936
723520204194648064
723517420468600832
720786255018000384
717850698931683328
717449488374308865
722880946291216384
719612394285199360
722175388722417664
717416633115889666
726457739526852608
718082182301003777
725794159274110976
719568387391643649
716780484731142144
723414520345948160
723524569093574656
723169755822051328
726431394126131200
723623565539553280
720810559973695488
726442656289554433
717450273375956992
725195903276056576
723523565467906048
723229285809422337
723781318501388288
723913083228282883
717438203922219008
719638298164129793
726258527761633281
724752643403325441
717773052113649664
723034359209549824
722694494597083136
726299488097280000
726356545349505024
725413138233856000
725780548770213888
722955211493507072
724947870009462785
726142843631230976
716725068651499520
726442225576587264
726177875007655936
724227874060943362
723574416295104513
715934736791678976
716888217790857216
719909585486790660
715712161381818368
726135135716921345
717052479339245568
723149081057488896
725625856157192192
724156700022837248
726544339044806656
724961575455567876
726152486466281472
724577639508402176
717433508201795584
724449452572987392
722427952437334016
726121664736583681
726185998699237376
726122924248281088
726121001336053761
726106309393833984
723591444821381121
726160928270602240
724320972858265600
723524826460217344
721022249600462849
721629651341348864
718133577616134144
722852918089629696
718732114494152704
717021067295002625
716306562298449921
726331708384116737
720884993979863042
725795088853409792
722108955443523584
726075555750141952
717448148264886273
720221492026466304
720235027108360193
719874721387569153
726484023384637440
722367014887497728
718296372240347136
722600158966452224
720787615717396480
725990385793654784
716003396319371264
716019569198895104
717785055129632769
723634883051032578
717129777321259008
723603724585844736
723522404048375808
723521562926784512
722798459992997888
718444806880436224
726359803761676289
717759890249351168
715745154250899457
717735812629008384
726127386635460609
719569094329110528
716798891207733249
725338570966241280
716075622871605248
725327597853364225
720124813684121600
726062332909084673
717737997752537088
717689626261991424
726097078481473536
715967280899706881
717433856081702912
725820560794476545
720801705600905216
726227821576654849
723543542694440960
726148096732848128
725435372969168896
723159275124744192
719977233906053121
718838853797150720
721013870282674176
717492077500694530
716298658606657536
723941972482887680
723396807074570240
726146226396250112
724615696999657475
720641166862127104
722682855248277504
717605260450074629
717095040150020098
726016888384286720
720786250513264640
722768291664633856
725589247416225792
720043370962427904
722886074914050048
724797040069210113
718621702352031747
724449452585553921
725415757673336832
726451466865528832
717683603660931072
716329280259678209
723447056405164032
726249140682788864
715913629703344128
725919512948666369
723522545534832641
723365628371849216
716462627140947969
717105753476038658
726133807934394368
716325587221159936
718106969811320832
725979601567027202
726319987837673472
726205181948514304
722559387856822272
716043332036595712
716022901963669504
717768618570878976
716984324982071296
726441526084034560
717075226664824832
722363387494199296
723081759445803008
716948557857759233
718470313676259328
724725135874228224
723293668342263809
716566965528055808
723441890557726721
720647006272663552
725397942241234944
722836957106188292
719475140602564609
724556565538213888
726055383060480000
720351764701011968
725326406520066048
726266504837259264
726369163762085888
726220256004460544
723489078788927488
716740658401296384
723080674329010176
715917448919166976
718143277199921152
726130005294628865
717585847835500544
725803128323465218
724573192858169344
720544865646440449
726253679221710849
725825542436585472
719560704416686080
717571855880732672
719828687844196353
717435867371974656
723906733983301633
719912129520877568
726471229448839168
726282858369716225
720051678708281344
723719257863782400
719878470910787584
718464416371576832
723948111350083584
723461322667491328
726142824064806914
723538972648058880
718456313089499136
719166303924305920
720668790648909824
721119862047825920
718393723479044096
726048453638410240
720367076850802690
720601276355059712
722718066115784704
717381249145380864
715784781976440832
718715275802230784
724620957642579968
722877769961484289
718395964550160385
723543679604936704
722879823748718594
726006198244392960
726451321037967361
717028739641708544
720145216016031744
718459603005140992
723600579952558080
721437006656442368
726538826039054336
716693553708154882
723521627242283008
717852423428116480
726161463979692033
717589190775414784
719491797311815680
723583120553967616
715933786098241536
719152330235633664
721813093190393856
726152281855418368
723564080351612928
725054983591333888
724987815004622849
718244996294537217
719914730614169600
715900445462368256
726277074000846849
725628226781995008
722183789355474946
720120044471087104
726209374897594368
722861650584420352
726371150352150528
726338410336514049
726404786522738688
726142826350665728
723547093202165760
722651343006089216
716343867335770112
723313079547629568
722941479921061888
722498089261604864
719208436290953216
718494417846472704
718427707294539776
717898130243526660
717450106274975744
723637899225235456
725128553675804673
724369630911815680
726023325739192321
717496080561115136
726002866951966720
718258532584398848
725417433989685248
719901359361957889
716687063907753984
724629040569540608
719554840041422850
723550885595492352
726328146446946304
718774693331865600
716500172209922048
721523786466660352
726383682638991360
723947117278941184
718287243111186433
720950761736290304
723029589803438081
717476662246395904
717645560816254976
723443958349737984
722114661307383812
723213022005714944
726146896948002816
725859015197102081
724765084833185797
726004971011870720
723239473119514624
719527307212402688
726153229847937024
724323285203193856
717050270832857093
726142821489504256
718474138143354880
716720825337044992
721054054705729537
726375079395745793
718546994344632320
720678668142567424
726352930840825856
726398875645386752
717511428182151168
720139389481914368
726130953899282433
722879009365864448
719029495395655680
716757534615277568
725259392791121924
726464140974288897
716333601676091392
726338235320782848
724371336483598336
720362527457042440
719525730900688896
716331443916574720
717435328798261248
720937300033740801
720298902784618497
724234007961952257
715903345278320641
726380851819225088
719643088965214208
722143546568867840
720159803994202112
725791156919889920
726250756588863489
716021485228285957
719523091391623168
721087128151535616
718221754288717824
717738512850796545
718449071145357312
726309008777207808
723933372171456512
718458086218952704
723265567042375680
720832943107629058
716095474885730304
718645972532903937
722750208782823424
725672068340191232
722749303156920320
723431570435010560
720952045138796544
715925793054916608
718147111519268864
726153221123805187
723741188017147904
726130524457050112
726121701206007808
723542449604419585
723147993298264064
718457641807306753
718256274060742656
723942804662046720
724682863573082112
718077548186329088
717043969780162560
726108691468980224
723566991752224768
716966579649515524
722748351179935745
722557403514957824
726435419714260992
720350345428385792
718292587510173697
725333867251523584
717436289386209280
717772319737798656
724799734037266433
720708512360345601
726176165124145152
724763522719059968
723524460859420672
718125182167212032
725698745803767808
723475391751569408
720654153463283713
722651995425910784
725619672490504192
717557519481090048
718444806855270402
726365753558048768
726224034648592384
722922377546506240
722352444601184256
717456972606345217
726036192886685696
726026037558140928
722770780174430209
720585409214808066
719010609329668096
718196188042956800
723536252910338048
726348655054196737
717698911348006916
721193636453453824
716279970960646145
724239122223734785
723584200251707393
716976029902868480
724550583298961408
726187000735260672
722857454782910464
716691953153343490
715944854753308672
716969296014942209
720132465440894976
717437491872014337
719798350925668352
725685895408406528
717310546937139200
722879775656779776
726472041751306242
723047902810112000
722910794774491136
717450624908955648
715877264987185152
716721097325027328
715709780325765120
722047495422025728
718427370424791040
725313489951031296
726142415174770693
726295760346685440
717348988593147905
726142830213636097
720747243830173699
717162452694274048
716682948246802432
718462161245380608
717436812247982081
726391128786898945
716785372127055873
723064885769166849
720812192002609152
720242770661670912
726033110886961152
717915885210501122
722889568240816128
715908520152006656
718712964782624768
726552490972450816
719293044831354880
726454354975191040
726142849004146688
725881016318091264
725253704568438785
720514542200090624
715908332251443201
722881302093910016
722811572494737408
726187841819168768
726122079855190017
723941581586350080
721519857636741121
726500878367133696
725445796154343424
718244080648630272
726192828120883200
723219442214150145
715894627082104832
725653623636561920
726462874244231168
726142821548183552
722723190963888128
723779811836071936
717465683110535172
726212822011535360
723471474275790848
726247690292482048
722827042299846656
724450320009572352
723903122544840704
726402017145532416
722495171968036864
719533179208671232
726254086597677056
715717122027044865
717365638147125248
726329066463227904
725897714706223104
722809157464801281
723540041604206597
722773347273052161
716425535778267137
722570201934512128
719142395888201728
723449991906398209
726122015287996416
715952337597104129
723449525898113024
723484428316631042
723479890994057217
723012614557593600
722935311911690240
720992713542406145
720786263112945664
723526448028504064
726121694310600704
726001137158082561
718353767817723904
716776309892841473
716286306989510656
722304070459887616
723745143963136000
726020388048633856
725811819068198913
723515595786993668
723616119903399936
723529280592945152
726133810883121152
720883405412405248
725434734856294400
726216235650686976
725264573364768769
726127487277760514
726142854888738816
726204780775796736
723873978826280961
723617681144987651
722657961030631424
716069622739390464
715929024250388482
723303536897851392
718825517558792192
720869868895997952
717495622534897664
719565754014834689
722998009869393920
718568900376596481
716003140781387776
726110099182329857
718410234415476736
720587334186627072
719504490844590080
717911137816158208
718931478436978688
726120848097169408
726484484107960320
715696232933552128
717311420715700224
717447815899709442
717450727971368960
726177143730774016
717461508385599490
717919882214383617
717426573977247744
717326266651660288
720800766022135809
721006636710641664
718199484195340290
726244630858108928
717052889622044673
726318447056003072
719553784804962304
718473317334781952
723500066770538496
725609043440603136
723519864145588224
725971627620634624
718078879580209152
718461395910672384
724418892387377152
722880113386328064
725719619638534144
718211965709979650
724255118502166528
726455471662632960
718034978089607168
725922647586926593
717442712383807488
726102993444200449
724171133600325632
720789649648517120
716962991892258816
718134555652153344
726142851554283521
723113416374771712
723592878614683648
725611705917644800
719837512148115456
723445018002739200
715925359066288128
717373762677526528
724411116470693888
720705497528074240
726269745696120832
724142901358264320
718427051217301505
716539408569278465
721087709872287748
719652593509601280
725729902708854785
726123682175672320
716727736430100480
722889449294553089
725279440595484673
726122032451088384
723773786290421761
715922648086216705
717441267173625857
717292313551048704
725982287934935040
726253797631119360
724093332184428544
719836539350577152
717492838603362304
717475273223106560
720674498433802240
715787505409400837
724053558669135872
718454373081161728
725670677517373440
716023125406826496
726175835963662336
722843304648310784
724411533543886848
717331821243928576
720266854787231744
723522577948381185
721773966860259328
716084269874065408
717379862999207937
716995078196183041
718023025795399680
722105717256232961
722700639420182528
723784813249961984
722142164478603267
725856933811523585
719265527173160961
723628713548509184
722984756841865216
723934281643466753
726183655475912710
722926494478110720
725800515376816128
723584665945141248
722299798150344708
717603167693774849
717821072503136256
725603973416292352
726395047185240064
726330335303184384
717324756131966980
724284959351955456
722349775824240640
723941362203287554
720786254426562561
720343426814750720
717779951223746561
719895231647195136
717668855984873474
726134131789303808
724215740849655808
725884474836148226
724066816364924929
715734143556976640
725917507412852736
723520436701679617
723493004229677056
722857306614996992
725400501278400512
720431627411660801
724185254702010369
722616407175901184
726147072752271360
717605681143091200
716549926168240128
726336110406844416
721181557172477953
716264571103674368
724419530512949248
720159568744083457
719520936731545600
717721346734743553
723562911839318017
723238960609300480
722763504999141376
715920916186681344
725510256965492736
723520489075908608
726236910985854976
720786257387737088
726120723505360896
725365721803280384
726309089790169089
720497169636147200
720193937827192832
716384849766944768
722645659342532609
720316806997475329
723772856006373378
722904371340509184
726020005028974592
719375044661678080
715714079650889728
724894072192815108
717419550992687104
723513411456237571
718255280736374785
726327222697611264
724788798161326080
722531320484794368
723155351873277952
725986403901800448
719934395453411328
718504659648950272
723419485281996800
719575407666671618
717449779429642245
724411378086211585
724514946482987008
722802234505887744
725294194592370689
720585187768287236
720592057388011520
723551723525169153
722054615261388800
723466506114351104
725913545490100224
724018605789073408
725895726694191104
724593376478142465
726272342519730176
726142819195228160
725883118624735234
723562874304516096
726415564483235840
724988281989947392
722883293310377987
723520267516043265
718126852506824704
715808128139468800
716704506365493248
722096777202020352
722808548288114691
726183793330118656
717194004660621318
720786249372426240
717681807869796352
717744933927460864
723175682512150528
722765383204265984
717088210698899456
726420202318008321
726123584477888514
721505336767569921
722726142231203840
726189445200883713
725994660418621440
723512229161762817
720786249791877120
715897495612686336
724419489060786176
723520697675440128
722335875858829312
721076648964071424
723945104298381314
715895433692839936
716408072068075521
723276227327352832
719308860176146432
717668137806598144
719927526429208576
717710446136991744
724392275724361729
721685007887179778
724030671375626244
720990738771787776
724660004746190848
719399611685871616
716275622163533824
722409433628819456
725985779802058753
721517124825575424
716720814591188993
722885038711255040
720612750020489216
726015946004021248
724186473839255553
718518583949561856
717453375986470912
726302054784720896
726218002941644800
726091592508030976
724185493571674114
723041837469020160
719565219463307265
726498409167884290
723529342211387392
723126125002678272
720728154055139328
716284253034700801
721203704876113921
723935252884951040
720160291326181376
720786255617785856
720315749332598785
718363030254329856
724520315737485312
726211054766714880
724449643363340288
718903965128265729
723470638778732544
725252837588901888
722900506813726720
726303785983827968
720881368708702208
723110354721501184
716893042628804608
724271994632445953
720327753770364928
717459470926753794
726516555635253252
722192683825913856
723935856885661696
723294459492859904
717444569604816897
720786258629251073
717514330057678849
726220924031258624
720986072763797504
725919327786950656
725315237239357442
718507515684589568
723022737334132736
724361761114091524
724067813158166528
724733634092122113
719933944158896128
719440622214512640
719216488440274944
723254873534259200
719475844897447936
722779097978372096
717618896526774272
721392840840978433
720408646551605250
722877522522804226
719505203964325889
721816366098026496
718472206523752448
726293443287330816
724894422958247936
725581617935294464
723593924653244416
722713407653355520
721972573253177345
718451456739827713
724350877755043840
721682417128374272
721058664140914688
718406380458270724
726316040200814592
723811550511939584
718128240364228609
722109199203696641
723697610284883969
715971741227597826
720349961922224128
719822841529679873
720622091108761600
726155314953895938
720937322628440064
718124906794369025
717699858921046018
724837886068150272
717636339970125828
715908971207340033
722198099263815680
721035727962841088
726355168141434880
726238562295775232
724127123116412928
722736515759996928
716724225978015748
723060145299693568
715954051544776706
717109303795195904
724651216391790592
717436261602975744
725091807453929473
720705746715963393
726382069815738368
726089092547633152
726077612834041856
717841595001745408
722319295061970944
718261679935590402
716988986640769024
726153485486555137
722037529671675905
720786252732039169
726330467432157188
720636126818603008
726547172708208641
724555403955032064
723520529865555968
724254132547280897
719581998264750080
726147906638516224
720786256435621889
718398614872199168
716311847738015744
718526404359491584
723773813335404544
724779191544082434
717802397939212291
726006822465843208
722766683438354433
720126990989336577
720228725070118912
723535394617217024
722330575886032896
718125088550232064
716009573832908801
720134555945017344
717436529027760128
726275197863518208
722930654380298240
724611510169931778
723198244096868352
720699396812353536
718196217214332929
720685269192687619
726309936905392129
726271532381523968
724484099222564864
724638768532185088
723513456448536576
726441352028811264
725848974679142400
724985822609551360
722879780845170688
723864727588331521
718468720050483201
720351779544674304
723269605813166081
717715526986784770
722251271822905344
717761420595736577
724142427951374337
718502176100720640
725994412971413506
723088733751246849
724123358279815168
726433729107922944
726304689462087680
726234523508183040
716731697161699335
720524182161924096
720173095324119040
716013169638920192
726140113730846720
717464857503735808
723891114185502723
723527363401777152
722792346392375296
719999793079140353
718254981011357698
721539208385433601
726268513137123328
717455404779839489
723175667748106241
717456351673208833
726186170196054016
723935565926690816
716026803048079370
725630518948044800
726179950945026048
721971585486168064
716291460895641600
722699837213433856
726003237711654912
726302694806155264
726204984040247296
718447864884674560
725920431740358657
717397207536832512
725795858105683968
725371777606647809
723125408611225600
722264765888798720
718433588543361024
723002505429311488
722630985343369217
726408941987618816
720786252174262272
726190201119203329
718213770036678657
717476947614257153
716549531899441152
719831452175704064
726122237946945536
725210663182716928
717481310311358464
722811276569812992
716689991280246784
721979733903220736
724743615533187074
725549381575970816
724448348481032192
715893161420132353
726460582962982912
724123062401007616
718867755492052993
725278080089071616
718103744810864640
726224114269061120
716542956333887491
725022223220637696
723536375899893760
725296736600612869
719880398327693312
716342502098386945
718244765326786560
726143389926850563
722906679109529601
720997224835129344
726238557166252032
722900631799738368
718204012538044416
716221899496415232
723470984418717697
718457452606406657
726122137271058432
718461912921567232
718099494324334593
717391224814985216
717762752392138752
725658488492285952
722778445772525568
718470313764331520
717742955600064512
722052435800420352
725051231865991168
726123180117622784
722880701507485700
724234906147033088
726400739317141505
722881172452171776
720714957202042884
720786254942502912
718331795792662529
723679491692752896
718560282512072704
715709082829778944
719901646176808964
723085259110146048
717596870462283776
726189347330879488
723723722150940673
720786270775955456
718752004395442176
722883454270976002
723568601693704192
717750920700829696
718507412446121984
726206143605919745
722347527090020352
717697711022194689
718462804517326849
717402434595753988
720891060772167680
720167330181955584
717129596391579652
717699569115463680
724748583317065728
726154208735584261
725000576908578817
723482157742579712
723058840133054464
722856485248565249
722939542047567872
722464446996733952
720786249418612736
726129569938300928
719358183421050881
718465181634990081
715989649995399168
726125370949406720
720995498321133568
722780145321385984
717452884066050049
722968941820178433
726380875194191872
724155730996137984
723400010067374080
723004381948313602
718245211722412032
722899716166397952
715716065343381504
716022358331379712
725816440503283712
726228968597278720
723528514943721474
726311456946311169
721408928261750785
723980046420066304
725183599088013312
717665415946698752
717620645287186432
721703605074542592
718460604122537985
722363697927094272
720822480697442304
726270378914377728
726142819778199552
716364664087687169
725845593076031488
724938091413291009
725814912988110848
721025468690997249
718831008083103748
723463292488941568
719868512009752579
725927001110908930
720786249515016192
726375179845275648
718194765603311617
726157721804918785
723552586364669952
720070091031855104
716973937859686400
726134262181797888
723529950221852672
717442316110327810
726153069545852928
717433594864488449
720664835692851200
726154742246838272
720623243149717509
723934125535555584
717785185828401153
726451938057805825
724963321993150464
722632670681767936
716875218094927872
725794307274317824
723145760515219456
726443794816720900
726120856200613888
724449452547805184
726275181786750976
724382006352584705
718473291367714816
715852918201655297
723227221742227456
725823714797838337
717489029718142976
715948891112402944
725309763240792064
726124070077620232
726122971543248896
723285772095217664
726123826656989186
726001288874319873
725327469407047680
716677150686978048
723943618499596288
723511923749326849
718574390288506880
722689204443025408
725969219951665152
722046146076622848
726311438000648192
723380086280327168
726268271201271808
726276821428359168
717821673806962689
718636008435269632
716365114606231553
718248787106533376
724546262863732736
720393155481182208
721196013285801984
720260423543447553
726122020237254656
726067062053851137
724474467498385409
719640362420199426
722455914184355840
717157840587128832
722808494559260673
718221617600598017
726172493707247616
726463586097332226
718198485938487296
717649184518750208
717331121344647168
726183281947987969
726211085271863299
722696002885533696
722365220463779840
723246033971470337
726122039023681540
725601876582883328
726172809613942786
718201611030364160
715951803863588865
723512322430492673
723427830130872321
721972452583018496
716387993536241664
722106794034786306
725338949745520640
719565298337202176
719849672077152256
722428653582180352
724347930765750273
717277540130238465
723535440817446912
726418978248208386
726132102526197760
723081912139558912
716388035768688640
723126660732579841
726121719505780736
722223859131256832
719891470044569604
726199471172784128
722998215885213696
717558355116449792
726124096975691776
725364253033676801
723116483908382720
723512272744787968
726206641276895233
726505456584278019
726180679915036672
726154012064620544
726123191421251584
716005638757871616
725527024413106177
723523329081020418
722923007505756160
720902265834442752
725798282308415488
723429440613576706
726310958252089344
723894377458765825
717472814941515777
716727937484079104
726506968047706112
726119720756367360
719918088582479872
720172605748224000
726142869606567936
723523741251153920
717779101331890176
724463318233169920
717300677005807616
726370699166646272
722686136565555200
717785604122099713
722944991740334082
723534392459681796
726192788669358080
723532949937860608
717186101597720577
717615676664516608
724883602266279936
716299170383077377
722885961743409152
716690861598310400
718445017975627776
722411651727659008
726483814218891267
724790545994887168
715907202855342081
726309923634585600
726521013983289344
726290637109256192
726133737767972865
724557970575634432
716011661719695361
724832057705267200
722860689493225473
716018520287477762
722025144781316096
720849385140019201
717920619342356480
725680827355521024
722379124447318016
717617312594075648
725992962908258304
724430196011454464
721517983684804608
723519813482647552
717509472520900608
726454531081527296
725475880818999296
724338529963114496
723525784430862336
717459101123346433
725871757442318348
717785415705575425
723888776745869312
726120612595376128
723540876950147072
724083826926989312
717442215170015232
717046103716200449
721044821540864000
726374936806318080
719214847536160768
726308610209251329
725286460811673600
715718009491329026
718214477406191616
719508451949428740
725365185649717248
726142818905788416
726120771790082048
722764779815702529
726120608900255744
726523250705076228
725238586065317889
722885257674919938
724036558026842112
723578552134684672
715915857302523904
720786252945969154
726123850811977728
722900310847401986
726365079382441984
718560588406906881
717443477139619840
725402072544210944
726214615307288576
725655232814813184
726069043992502272
716773055414947840
726161597501194241
725551206685274112
722973406413492226
719908888913539073
722888986830643200
718435123314581504
722910670736326656
722926659226062848
716031767568723972
723074415961870336
722116508042657793
715872987346509824
719827756620623873
720619929049784320
723381733144428544
723951639187591168
716786644100259841
715959403283935235
718540880894820355
720759847768068097
726195043086819328
720583593475616769
726140702028128256
716401684822560768
719451473474633728
717878814718746625
717259649049890816
726146435192745984
723528247913242624
726213595520847872
726122075505721345
723324358131900417
726382030582341632
723569467347759104
717824400569946113
720522332809334788
723014367998935041
726139240153755648
717659013626724352
726120720439238656
724125712928509952
718127733297950720
715948558705364992
726106288514420736
724944821589295108
725108901595766784
722880443037663232
723888326344765441
717722989719105539
726272317127413761
722643455629991937
720797448583548929
726121533895135232
718448469673975808
726264544042061824
718090004581355520
723429890574307328
716788131282812928
716709087128387584
726243964659982336
716724226384912384
724218685527871488
724784062653693952
723109122434945025
721835488525418497
723241707051978752
725483927587065857
726181628289011712
725348161989033984
716692516402110464
718456235167760384
715954809912868865
724437531060740096
718427467694895104
724427605697388544
723498743635562497
723062498396524544
724043418448629761
724193105763794944
723131128408903680
720749140041404421
716655867534254080
716493365592920065
721057526813442049
726459373673959424
726310436543438849
718484669222764544
726142833673949184
720833623906058240
718136897151897600
717423663092473856
715892996038922240
717354174703353857
723640208697249795
724961471931752448
726271851865972740
719540827874291712
724788856424398850
720810155726782466
723271193667629057
716988708289794050
725627861076303872
718504046483476480
722914441696645120
726388628218236928
724343230372831232
715989751787036673
726191448673103872
723519766539939841
723037219515027456
724145726960209921
726484026920296448
722881645070655488
722307941337014272
720786251599577088
720786248940425216
719511109984608256
716132969639882752
720173397913808897
722299428917362688
725833593663176704
726461035775819776
726004896776871939
726242836207656960
725364299888254976
717413330160320515
723582821055508482
717706661985718272
724355197695217664
726127092073635840
718394807421415424
726219576975872000
718467122150694912
723534943507361792
718610365253349380
716698264423243776
726020359141621760
719876860667129856
725321467110502401
726180088539176960
717818333135921153
726071431432282112
725791189878845441
723310635564433408
717560935448088576
722836957076832257
717434536540446720
717107879107497984
726253135497408512
720755484056297472
726128458607251456
725352889791582209
726188080995000320
725835287654465537
719559983776403456
717325092586434560
717119869691408384
717542623670444033
721252211313889281
717434206125756416
726132411143184385
718442370870566913
715732499817701376
720533399853785088
726364257617502209
726130782583021569
725722581706379264
723538064165892098
716980530680569856
725100655556329477
723579058022391809
722756024738848768
720786249716408320
726226093871644672
717358157840842754
716726581457199104
724412241257230337
725271099425054720
720515328678215680
726208309271764992
717470502512685056
715935221351378945
726189336035610625
726313353291911169
725659599504723968
718863238373490688
723543790896709632
720646540088492033
722883885172789249
717470087150706690
723990170639458305
724444655723532289
723411728650752001
726367208184619008
722808393786912768
721354060566102016
720485115768520704
719661046366081025
726277011543494657
717438620748136449
719895011035385857
718141839279153153
715920088868773888
723934047165140993
720147998630612992
726386493871124480
720630630351024129
723172412355805186
726124667476533249
726005533317206016
717528239489462272
725124807721885697
717101620950134787
723064876164374528
723414929705865216
721182035948150785
724432769422512128
723173939766276096
719553315126816770
726043577105715200
718202798895165445
717163774474457089
717573836917460992
723539832710950912
717377789767389184
718621067338645504
718229587952590850
717159349118828546
718786024600547328
718553707311427585
717785420327698432
724551622890807302
717439892586893312
726452202940682241
717184310982348800
717851567857098752
726334658716258306
726177424111624196
722689404993671170
717435167908868097
723522676644417537
724091454860214272
726178181452075008
725621659940483072
725794476535377920
723609871514374146
720520278787416064
725318159796985856
717741336615657472
726142828208775168
717165300395978752
716011033668616192
726140439103983616
723774777815654400
725089816380055552
718304502881849344
725266529047076864
716073257191886848
723520355105693696
720918985844334592
718506684134592512
717585100267995136
726456293066678273
722160041294307329
722337336944693248
722356826696761344
717467724314583040
726210977956433920
719997472672718848
726375549002731520
725885549626580992
726215210063650816
721130500799115265
724123398394249216
719375046079299584
724664665209462788
725270920819052544
726268136551493632
723941998797950976
726104787842830337
723646697407188992
725262562665721856
722678009224916993
725297233688588291
717474205269229568
723651859332763654
726153195966222338
724946144846028800
717482252939214848
718055499560849408
724995310121005056
724144413455179777
723098863305805825
726142823150419968
726129183953436673
726121655357988864
725994009047388160
718189986449924100
726024896728297473
715911350493388800
715930650767859712
723524594297110528
722886150659018752
720827814262349825
718358911523426304
726112322389987328
726330004724928512
720166904023891968
724255442390523904
716689959420358656
720335399889940480
725423020081180672
724173386344206336
723058930985873408
717464473167073280
726329702982385664
725280845272125440
715910136989159426
726070785555701762
726542870988120065
723623193877966849
726122514271838209
726120868355661824
725394206013952000
718493659436617729
726506599163019264
723527249572577280
725323677928148992
719241104613191681
718452789056290816
724531303937249280
726146135790882820
723431532904357888
723627399854866432
726351739314688001
723130404316712960
720980786028142592
720172809100607488
718098802675171328
724126437255553024
726249053659394048
720786253013057537
717465602755956736
720284401498599424
725824425287909376
724056791835791360
717178339547422720
726123673581555713
716800597194706944
723541674933129216
721364881463713793
725297325988536321
716054434053283840
716489555860258816
717159363576725504
726514119923343360
726194989156425728
716686077239640065
723599823744696321
726384892053848065
722886409661521920
726487246711353345
725793708902350848
723375934506573824
720786262408298496
725021791056449538
717818571229769728
720525222974255104
724826132248428544
718471734429687808
722933898619949057
718955222073241601
717859934277394432
717692947551006720
721598132178423808
717325201050972160
724560149101326337
723421768937951232
725211274410233856
726142053944537089
720595109344120834
720241392522362883
720727072503631874
719574601630670848
726463990981906432
724182484766826496
726120917856870402
725676928032641024
720810133157257222
719913654582452224
717742272075403265
726137430882045953
726142829500588032
717737547481411584
726210275242696704
725960527600488449
717695250832179200
723243876174065664
720349805977956353
720126934248787968
722998689715892224
726406685091237888
722927001716133889
716287399685398528
720175099429707776
723746690658906112
723392358654447616
726442981427802112
723590534661435393
726176568876404737
724233662267547648
717156120616439808
722924291713409027
725872413230157824
719860484720078848
725800991321255936
718913733532102656
723431557663350784
722954448008417280
718387944587968514
726460645982371840
724172891516887040
720831933760974848
716773573692690432
722746914962145284
726181555585044481
723512428735139841
722571835800363009
715969853618655232
720799990386450433
726390812695781377
717588018643800064
723519999659368448
722934427945295876
726501209746497536
725973170960879616
723310061661999104
724266908300660736
720358823970471936
717095378349268992
723520636971143169
726099649854070785
718451261079699456
721630073325944832
717447766222327808
726143039266250753
717447795444043777
716705611266842624
721140154404999171
726142869803700225
723291077696991232
715910516837842944
718453530940608512
726343202131828736
720087328723767297
720551963448995840
720727733580492801
720540168416018434
720802143230435328
719820927127519232
718393600338432000
723532894283685888
718223853584019461
722098063960051712
726020388073803777
722410086119792640
724582979272499204
720516384980123648
724153948916031488
722881392921579520
716871435176833024
726165662968729601
718104112819212288
718078737502355456
723782481959231488
723952158333390848
726176087508705280
722891820640808960
726468631324811264
723081095701520384
723601861937242112
720638122426515456
723936667569119233
722936058535489537
725744865292607488
717734628187115520
725843630582337536
723943794966667265
723940842386370560
720515835442380800
722749845929357313
716990497101709312
725903096019210242
722767256862777348
719789418400231424
726391770611863552
717734332446674948
724449694596755457
716892518458212352
722888001508904960
718130909535404033
725018100584820736
715791772220334081
723762557652217856
717404614501523456
717930669985255429
724088792890675200
723521585521397761
724973022331936769
724448180411097089
717785428187865092
726141738000220160
725017128940781568
726248740466626560
720391538937704452
726410089800863744
717632716418715648
717082499961196545
722631095183925248
717442712866201600
724685346978426880
723355329765904385
723034000512577536
726125032716521472
717022826239229954
725331835811684352
725342173160456192
716232064601890817
725786493097250816
722553037357772800
720255164553166848
726129277381439488
721152961695514624
726153102533996544
726313660847640577
723438674407383040
722411458949181441
725668205214191616
726142818276638721
726466532537147392
722365700132773888
719553473512124416
716725895709519872
726142815453900800
725365918327513088
719525189831299073
717434347695898624
723001520862564354
726334233824780288
723941185056833536
723090100087742464
719622383888273408
720685282761248769
724677527873134592
726517300568985600
725996344872161280
718077235069108224
720869318972407809
725867203715686401
720814502258671617
726340969478643712
726432928771657728
726314907633893377
726128629332103168
717165270956175361
722877687539351552
717573767560503298
718547432355835904
725884582063562752
718375521986457602
722920500507181058
717434574159159297
722897232924532740
720803982688432128
721010349223387136
722827994817908736
721052772444028928
718251433729122306
716308234336755713
722696468814032896
722254701979312130
726422293686136833
726145983017541633
725847905865584640
722397231052124160
726123682112786432
721055672482316289
723615457618628608
722903672456224768
717433693816692740
722914638824894464
723520518557700098
718481663978774528
715785926480424961
715742757667545088
726290770316169216
726242669744164864
715929384104800256
726147032222720000
722361615551561728
718454344568455168
725330939346198528
721849637615697920
723290278128279553
725986664590413824
723170723448033280
718400831893204993
722880823955963904
717011613463674880
726184545993641985
724586858429190144
726175263516565504
726009129848950784
720894115613835264
722881047432548352
718450561465638912
719548470823120896
716739054763683840
725325759905144832
724309048074498049
722916271247851520
726173997830828032
724225253333815296
722783494347173890
722369992436494336
717610443775352832
726414228588908544
722424970463289345
721236321017012224
721012402607628288
718471483350196224
726539490018230272
725811987133779969
718504884576919552
722878120710123520
719166789976895488
723945559816581120
723603345257037824
725413400960864256
725819738308239361
723530760272007169
726309531358101504
724955416438906886
722093709639213056
725118826917023746
717451138812022788
724534961152376832
726144167752118274
719088049842438144
723054983613030401
722503952777003008
718127095243743232
724734007091437568
718212524315779072
715774015999229953
722929127792115712
718264455243657216
726142818708680705
725108535915241473
726355739799855104
726130427249975296
722700979896983552
726136122573639680
723502421117272065
726142815634214913
720864929088049160
723503082840162304
716519681323102208
717435114716860416
725730128219787265
724627271898791937
718080886441451520
725270053722066944
722485890958929920
720253011403128832
722349116454375424
724166112582103045
723222644573786112
726122319651966977
726048167557373952
716569746230145024
726369695889235969
717893688970649600
726231960914292738
717772667122753537
722913495658950656
726074335744671744
724435931508277248
720519450492071937
720374743967227904
715927670270373888
717407591102480384
725356812170616832
724198785203736577
719259856327147520
718469162499121152
715805923067830272
720993283992752128
726309802998009857
722367557479579648
717158811232894977
717110585872101376
721005927080554496
718245834488475651
725270633052000256
726122161182785536
722877764328677376
718197139218763777
717667181580984322
723523075145265152
715897525874589696
716621450904539136
719865321906180096
716961145094074368
723433044162404352
726080563715534848
725983418601902082
726121358275518465
723439719678357504
721361556664004608
718393445765804033
723249104411742209
726481705658241024
725631794884784128
723104796266233856
718307549964079104
720790954492436485
716299598071865344
725272383456579585
723617482452377601
720304248819322881
722991279794061312
726147905921241088
726343152332759042
726014415275958272
720284650606690305
724407975272542208
723190661646671874
720621710412787712
720525448145453056
720179158383521792
723421312341807104
726171129275027456
720239403554205696
719577459650379780
726293243521028096
726134703489736704
718252112866648064
726467732636454912
723614338850938881
715796755003088896
719880023461769216
720242562561277953
721860261099888640
721681711449391104
717434857379336192
722531307792642049
717570172022890496
726263178334588928
726123316398804992
721109642051457025
725766316917968896
717096117951864833
726175453103321088
723520578951495680
722737603120902144
719497408946671616
718192741318926336
717434566810722305
726343241877086208
722787499467255808
719790207818678272
726172485457043456
717696465628504064
726302712430780416
718496603158487040
720209607570931712
724335523351785475
726147547685855232
726503612638175233
723154373723840512
726071706108841985
726215431229300736
723157064755728384
720935745377083393
717455798067191808
722364738383044608
718189963817267200
724013511764910080
717311758847881217
720949296925769728
715694031020359680
725618431697948672
724625066403586049
726005435170316290
723520507199512577
726087841713790977
716702414766628864
726448897854443520
723486955409936384
726107002431115266
725853742151639041
725668032866078720
723186165457817600
722364406701637636
718148905821581312
726122614620585984
717434460954763264
724066197977755648
722425709042540545
718391121756438528
717132444466561024
726190148677824512
722223449503043584
716669004241362947
716630916236488704
725299401837699072
723524492966957056
720827515757965312
725301600433102848
726327467951181824
720795670777565190
717435305746243584
718464926268989440
716430106885902336
715928795824406528
718901449552474112
723065544426020864
720183807760961536
722802402605137920
717436338266476544
716012023499198464
722803732316991489
717253315097133056
723622406317731840
724351318979174400
725814533336489989
719978393953902593
718462268921536516
726303902782640128
719475305434492928
723520223710724096
720629774188724225
722672068505034753
723864871935201280
719908682738237440
726155249266900992
723037551380975616
720727073392881664
724673909572784128
726169511716618240
725843774698491908
716341006174666753
722765169873580032
726249249709543426
723586874590158849
718023028697907200
724508103073476609
720899586555035648
726455653800108032
726346481561681920
723777633805295616
726398875498627072
721110962326122496
716996105091878912
716720720580055040
723532502430674945
726240489649790978
724357255920013321
722812162872328192
716027690248069120
726219380300767233
726210126235881472
723137631224127488
722100896188903424
725803500051943424
722711290469314560
723487327377580032
726196524305125377
720786266002837505
717224568201592832
715743091580219392
716928853076271104
723941436169830400
717825936448626688
724571506391564288
720490802334535680
723540089276608512
720371532342685697
726205230497566720
723058754850185216
726458739511967747
717443488078438400
722844282122407936
718296024616464384
722693687860465666
725842367643828224
720786249909317632
716691980407988225
726124054692941825
717077456402964481
720786254393049088
725865597347618816
726129671868321792
720200788757319680
718224961706573827
716012655152996352
725799276387942400
717435979569750017
717087983946444800
718609578397597696
724312368453423104
717474064105922561
717457417638965248
725762472720928769
718413539543748608
724370246195236865
726024200096501760
718455450765643777
724036573549858816
718444809518624769
719894990286000128
726445591874658304
723054060757221376
719517893239578625
724260953919987713
722576620091879424
718192028207546368
717615677213974528
720875876292767744
717611482226290688
726174537688178688
723617875798429696
717389244608679936
725045689252745217
726457273065693184
721521087041912832
723617156211085312
718191377675227136
717457949333925888
718277063866716162
718365843688714243
726197557546901504
722500376587583489
723548394275385344
717275911096283136
725791158807326720
723453573263138816
716575723331436545
716740507230015488
722358653911752708
725452064512430080
726122026172178432
716721045412118529
722187281080004608
717449879761498112
716364522513178624
724888017966620672
726320547508924416
724130320983855104
716713629312294912
726121243699728384
726120735534551041
717764723467493376
723525871252963329
720673369700610048
726120792371527680
725619485336428544
726515928343654401
726121426315579392
726556098837106689
716279145425035264
715764257170829312
721507555730681857
720775061985169410
717464115438944256
722037227027468289
726178225878085632
726154789525032960
725913878375223296
722910842681843712
716205239943168000
719076867903516672
726078658780209152
719911992866111488
726142823238496256
717589162136702976
726331153322364929
718027929347690497
725364115737313282
717447775575617537
722826786694946817
717855617675825152
722823781056524289
715986500043673600
718567900576157696
718478741077266432
726552523352346624
717443196515528704
718240602123583488
717611125202952193
726142832444989440
720343417260101633
718243887534501892
717499575582339074
715908800348299264
716285418023419904
723550263240450048
723619363136372736
726123683270385665
720746580001689600
726166717748142080
724038968082223104
723546722081841152
725233375234105344
722765484639330304
720623579910565888
719326952352382980
726422447348715523
717648874467368961
716370797250543616
726465791143481344
725644738574057472
720541125421961216
720788961409544192
726070039741386752
725921091814739968
725593682871771136
716717612475019264
722832482060533760
717844382448128000
717465197208846336
721537468038823936
715943926214094848
722592112731156480
718470748721979392
715917013806239744
720839595999408129
726122428842184704
719367008958210048
726503812152729601
723144253774266369
719706657345830912
725640340535795712
717636448896176128
720786249544388608
726381452389191680
723041934101504000
717818667543564288
716308897955389440
721661392084795392
726548057332977665
725416087970451456
721514397810737152
723521142456238080
722251370221318145
723760751131930624
726125432534237184
725288578461372416
725278415151095809
726317045248352256
718067289858310145
724782363973017601
722750298071011328
716739506246959104
717739187424870400
716638089104531460
726508866758934529
717694624203214849
718124221533126656
721136413685624832
717453501840797697
716356554950311940
726123682477674500
715971529469612032
715927800302215168
717434711514157056
726121764917403648
720201694756413440
718493706232287232
720227543182249985
718193347542646784
726178260552404993
719926701921333248
716222038403379201
717445872292864003
723063629289902084
723600575154294784
725958199820460037
723941869323882496
726465068192378880
726168828468588544
726358546363731970
722910642055675904
722848245127380994
726518016658182144
725291421985574912
726454764431544322
724618889951363072
724717765102166016
724928106704834560
717128459420573696
721181621286625280
719865668024299520
722172245733302274
726327698029568001
726143093636915201
717108483636797445
717130879336910848
716986535271239680
725130929614802944
726123684037988352
718835387397898240
720912876026912768
722840425426497536
723536518741008385
717010828571058176
721487802433695744
720877686541815808
723524321101131776
725791728557559808
723041272865247233
717105728184520704
725421994192343040
717846876763078656
716621654823141378
720777417330044928
724286396106571776
719493090206027776
726329341391544324
724637397535830016
720252194595872768
723843664267583489
718496082150432768
716011552407576577
718484010020794368
723521733291073537
720974301172772864
726262522240606212
725271936742338560
726059343783677954
726311254860648452
722939871044575232
