245879211460550657
242737004327088128
242504619786391552
248012684056989696
241772834379161600
242576884498575362
243791945992912896
243847297417494528
243513479741452288
248942602257321984
251524223493885952
242635305730060288
242508611690037249
248957602715820032
243715559752073216
250884529198342144
243793155613396992
242937669892575233
244022006406844416
243549380035112962
243533310452723712
248326201079390208
250777420683149312
242513137016918016
246584001601626112
242501979618828289
248577409941643264
250637623788441601
243303487667044353
244542580023500800
251575980311842816
242559365016608769
248632254870458369
250995050396389377
243664523788169216
250617653939535872
250316993381683200
249255322399682562
250175584993435648
243545721742192640
244018084644532224
250581035765616641
248560729848967168
250602649748127745
250080293107662850
251479097216204800
249225199722053632
243513365903835136
248893819305725954
243158591614361600
245864139887628289
244119526109745152
243130749606305793
242501539263021056
242245659607048193
242509071171858432
243595574543253505
243511662299185152
251521330661453824
245812874440753152
243764030005727232
248095789182767104
243537290041901056
242757775464202240
243664534366208000
250367555544436738
248018310011187200
248558549662306304
248372251106357248
241750255748661248
248778195321647104
250555318721998848
249299414714314754
243507788951740416
243536770594131968
251147227068772353
242507402480611328
243723985962029056
249657671291133952
241740914404495360
250334238371622913
250540116391645184
242743290993192960
242505721869115393
242827786375548928
244638118630801409
247774720722882560
243816353356738560
242600189163102208
248473806979624960
246340824487563264
249959723296780289
243537530673303552
251625953195868160
251409082605506560
246497596208713728
248441165135900672
242499052099473408
251092213130477568
243206670245851138
243689608024584192
250699658198913025
242587504170115072
251528021494857730
251982535096164352
243650364748992513
247184307024711680
242501978117263361
243260538568724480
245978701353869312
251001543539687425
251401216968519680
248315649544294401
243819664629694465
242813347018452993
245884743827214337
242737160569098240
251710423605313536
248065210227769344
243664528351580160
243513606610776064
249232964729327616
245125961547395072
249176299464163329
248720734690623488
247327076871450627
248694658023174145
248456873873920000
243637551624228864
250569051863126016
249175716887920640
242591917609738242
248107821223272448
251340303359942659
248104035712913408
246396327196508160
250806907261042689
243551339681042432
251046200357314560
243633408524292097
243520902871011328
250872479596302336
241818825446813696
248374304511770624
251984439901560832
251843741512507392
248558526920810496
243664527516921856
249290980325462016
245477439176835073
243654793225179136
250700024437166080
250411770471137281
248667536151937024
242867249004830720
244036587736932352
246372439787986944
250091046879510528
248492345673277440
250569836206387200
244027550978936832
249226328728035328
248057799815344128
248387580532490241
248581939223732224
242502447220789248
248558527675777024
243842793603203074
244095282923589633
243575679420092417
250588636234526720
242749512492404736
249657409172291584
243709661327552512
243679590067867651
251667814220431360
243005580233568256
243638486303916032
246553713823588354
251594062312910848
242771159014322176
248405924513980416
249206482636242944
247847253778235392
245825091504574465
248399637520715776
243328448792236032
250584848123715584
250569406311198720
250744794542927872
249205680295256065
244096077987475458
251593598129303552
246195296147746816
243509198053339137
244421016594567168
242732530967650304
250186313716871168
247528314007351297
248518613185724416
247851809102757888
251918555296190464
242733637643141120
248373891595128833
248739215431585792
250425905405636608
250574294650867712
246278724000030720
249074275267522560
251625951794974721
243361307783487488
251021763738206208
251508419633242113
249257981424857088
248382187710316544
251655001376690176
242737995726344194
246604010969235457
246692799024619520
245883225279438848
243662379588653056
252444110756118529
242741512239210497
243534976681930753
248569408925073408
250569876450713600
251508106599739392
250613967242792960
248169568235823104
246685529582743553
250847062042750978
246432143453081600
246340563224387584
250548810915381249
248914214033424385
251052989710729216
248460438088601600
248566441090097152
250849804018655232
251555836525162496
246527962034364417
250607329433763840
250232457234903040
243431175757123584
243511118893568001
243702363779633152
245851071837265920
248064968182861824
243649763441000448
248561574363672576
242998299198631940
243664530297733122
250575175593127936
251729765357207552
246709280835780609
250768017208795136
246375625215053824
245865444697841664
245753167906758656
248378005225873408
249968458815655938
250346700563156992
244513941319979009
250356134085537792
244701899599802368
249432787575250944
248067525168992258
243023517585645568
246311277549477889
245071398802976768
246279381813719040
249899540424040448
248020364632920064
250405042895589376
243532648729964545
243713984837087232
251306190540271617
248066511464448000
248383051535626240
243797583082971136
249296422896287744
248842696305831936
245926212738879489
242689432292061185
245538653881909248
251585894757310464
251199785481154560
243639199864082433
243706976087965697
242600608987766785
249124045990285312
245260123075932160
249286856678707200
248372140628389888
251177796406239232
248240425775792128
243511660076232704
243509186971959296
243664529328836608
248064146703253505
250939065267007488
248157113136852995
242867783900200960
250607842330025984
250359535905153025
244096590619492352
242258296772378625
248715428325642240
241747630307287040
248102262906433536
243768038736945152
243516124774404096
251613294643777536
251551692863180800
242732605353635840
244110631333142528
251321080512385024
248870068828635136
243671899048124416
248738795128778753
251284895840739331
248809144461717506
247324056519598081
250709940140900352
251697863963340800
242945606342045696
250862385089372160
242938184491741184
249227530127671296
248421621818347520
251617130372550657
248374867051827200
244441409703251969
250574296131461120
246957536429891584
243514487850823681
250145495383695360
248913879378313216
248737322001129472
247603647213621249
248133983429341184
250577066339229696
243725821620129795
247682843524866049
251479098772299776
246957292040380416
243810305598173184
251529006409719808
248365669006057472
248818780812234753
250825400358412288
243636325926981633
248070203823517696
246395968700968960
245669893293350912
243535822643679232
250542830915825664
243658676873854976
242407007825571842
249276083281731584
248387817649098752
250199542887235584
244679725958721536
247326656480550912
248013829290749952
250386227008794625
250877705233526784
247029148277686272
243519124960067584
248467605587910657
241968901892759552
245851393078996992
250818670111113217
242514082622734336
246279207578132480
242503395729084417
243656226938966016
248095969726586880
251322658355027968
251028287793549313
242934828398440449
245468234642501633
251671295069134848
242914156762775553
250307843071283200
250286508861440000
243710470446514176
248097664317661184
245926764629610496
249307364363214849
245271905806987264
249281148197429249
243361971603378176
248814155866468352
249098570035240960
248561873929248769
241761146456117249
250760101370163200
243532734369243137
248558580918259712
249054743912136705
242897862353108993
244845999854608384
249221802356768768
250853704893345792
251632475481198592
247704340981231616
249339063184814080
243501940296798208
244896461643448322
248852940041908224
243714125694386177
250611722652618753
243523305884229634
251482102724448257
249300699345715200
249330630993797121
243635519710433280
251023588453388288
250356668351799297
244100978457063425
243507788289019904
243023516587397121
243794041383292928
247925614387023873
248715712435208192
250267745369870336
246279293473271809
243507787588583424
241750763456573440
251199708842844160
251616294573600768
248240154861502465
243793022633005056
248784774871789569
250407111014637568
249312358642614274
248914008340574208
248428736796569600
245402902368239617
246685519898112000
246124476176138240
246619319113490432
247123706709700608
249202167444033537
242816472341155842
243664536018747392
249172541866913793
247125188943159296
248792404604383232
244953965811359744
251524220775981056
251506594939027457
248356264134979584
250572435156504576
242648182562123776
243817336342200321
249453738962583552
248406167636807680
249870718161002497
243689802334097408
248561952241098752
242398516796874752
251321084664745984
250416586001887233
242736181220106240
251626707755339776
251568185495654400
250750911507484672
249952765378445313
242535026246418432
242501980390559744
243383836875034624
248064382548996096
243664526363463680
250698613246808064
250356407935844352
248615573100056576
248844321674113024
249177127944065024
242742539537485826
243654559183015936
243664532822687744
249872775119007746
250779972535459840
250327583059763201
247837625476595713
250542038217531392
243068057382170624
250544306698452993
251555138903347201
248051367023878144
245852142668242944
250356132483309568
248570703991959552
243507783931158530
242741904696045568
243800017163395072
248290695058714625
250609021831245824
248582136339255296
243650818203586560
243516873310875650
245137032437972992
251793538453495808
243597178499657728
242501978935136257
251044858200989696
250605146655059969
250562198890496000
246358255192899584
250698836048216066
248102336571011073
247892223591600130
243000830465277952
243510736159125505
248496671720353794
250215692647931904
248669402554327041
249215880217653248
242749090763505665
248814153907724288
247802598990696448
244121425714216961
249281552205361152
243664490728669184
250578934847131649
243648831797985280
245184862150066176
242567851813261312
243688631749976064
250197952327454721
243878263628390401
242003389750341632
242763346561077250
244451065561509890
244118680823279616
249301243191767041
250743596041510915
248814042246946817
249760802532384768
244089865417945088
247333361805295616
251609106417336320
242152335579693056
247331616031129600
244957731268747264
243756449837223936
242740743783993344
247728706569793536
243514737625817088
249162309967171585
248329389144686592
245842455545671681
251039213871591424
246404148373901312
243641921615048704
252438997383651328
251479888324853760
242733521876176898
242553409180413952
250332530518155264
247548137038823424
248582177468608512
243511401774211073
248392421958897665
246173706961965056
241761444381736960
248219221539033089
248365077806325760
247846801196068864
248406427570425856
249231593133187072
248951065159012352
251100335827988481
248821478714380288
248347702759403520
247817406829973506
243840319127425024
241984918769520640
248030708164087809
250222864681283584
243512148662292480
250386665502289921
247801271724167168
242810379569332224
248231197505884160
251511415289044993
242947559956561920
243510706912256000
248558731183394816
242732973965856769
250852262740652032
250597124482420738
250569053322764289
246277821503242240
250215003125342208
248694927926632448
247015821325508608
242735826327441408
244821582453800960
248410887642304512
250236305177473024
251321479633960960
243515843441475584
250235433450082304
250950974443773952
245753169374748672
244398124787986432
242733407161950208
242733142744637440
242645000448532480
250607330914361344
249104294048067584
243519398453841920
250574676735168512
247028889258446848
250955139555409920
245968529604632576
242742267645943808
251570606015934464
248593482216792064
250543896772345856
248268943737901056
250186906250407936
246332319701544960
243514385165848576
248087768067080194
245842933893435392
242587319260041216
245852143058305024
249107611612495875
248780186399686657
248011444384305153
243507368384667649
251040164233764866
242498913809100800
248418072497647617
242740441827655680
251043876721274880
248581278809587712
246707774170468354
242503401596915712
248839690487230464
248268087831453696
242938800123281408
250608493084672000
