483876109730066432
494524226624552961
492396319596490752
485204607715393536
485004376826978304
485433741058535424
491882961210712064
488174754382094336
493139966076022784
484813092208271362
489606959616651264
485014845734260736
484960046107729921
490467774435577856
492223761748209664
491611209998024705
485047988549459968
486783367753396225
489791820059398144
489012311105871873
494349974767800320
490829376490336256
486132454684504066
490769225946906624
492980476542738432
485381921497546752
493148239445516288
493458713248690176
491921327994183680
491489112311205889
488513587317469187
493983957214445568
494643388658900994
485905637298405377
486107733221842944
493936091649425408
485193330909650944
485005442666754048
491605730433466368
490375650218627072
489582490323927041
485172214715527168
494566464645390336
489511823608016897
492047870657183744
489001591643455488
491414191249444864
488918623143342081
489719120225513473
486005077262336000
494574134118985729
490119102044717057
487114642062196736
492560341646053376
492271966775439360
486130964058222593
485012569632280576
486658654481838080
494333781436678144
492778168408109057
494566327713943553
491611413400784896
485603357298790400
492549332974190593
491646679016542209
487298800533655552
489847131113803777
486822816621551616
484331852669661185
491283660742868994
485024848553328641
489755771916140544
486724728082538496
494175371013521408
488633740537896961
492585383687761921
486527905963712512
494505466022887424
486087104976674817
485389949379035136
485103059455205378
494224140824739840
484313131515006976
494290199279439872
486275698303451137
488460534530854912
485386594740740096
485012781474021376
486286650264543232
488600456172556289
486802386170970113
493136750647074816
483911327661174784
485824086170296321
491608417476169728
484998043021111296
494504743965044736
494332640519258112
494550951961702401
486771052882972672
487260133203144704
486661145118666752
488600607280754690
490986378784563201
488454030226505728
493080215120121856
493198624675725312
492178564599402496
491169350909321216
491859038183772160
484604866397212672
494579339317362688
491557307298631681
488965628825714688
488940951956508672
493172256332607488
486132153629933568
494941197979222016
486327620465065984
486687133550133248
484999068671045633
486560202724888576
488614923618902016
487238096665477120
491611649200381952
488355103728885760
485601357890453505
485398894612733952
493206939703062529
486390673592311809
488613107367804928
494328783826984960
484812807113027585
486275596964884480
485388219820019712
492043718245883905
494504693729476609
488727361253548032
485200503190851584
491087387334684672
494277785871847424
490041887055962112
485523389235204097
486660946061168640
488616719884492800
494210773107757056
493532517199147008
488455854262214656
484329402487275520
488640854966300672
489785984163536896
489592279745589248
484395836592640000
493179928519516160
490765503233662976
493808031822778368
486108321787547648
486257701530251265
485010981467471872
490257380517879808
489582075851182080
486839766978019328
493300640982908929
487295928475602944
484399877015605248
494980578144301056
484416317802680321
484991050654564352
486503426839572481
494533870222839808
484699731801960449
485383045801730049
484358154298597376
489014575564484608
494520601067806720
487499916085067776
486564668706942976
484686976986406912
486298039548911616
486109531936542720
489742618545631232
486167707638059008
485384416517443584
484858104660512768
494449978454982656
490424607011119104
486877150965161984
486318815890784257
488824748483158016
486166446679289856
485382968832053248
486083973852831745
493559584171118593
484329592837009408
492109301712826368
490507918522216448
484240585675771904
494736834669211649
485383291206656000
492241684197941248
490614047721918464
484467321336242176
492591561775935488
489617804056723457
487601533413236736
493140387545251843
494340998143565825
486688233036996608
488651701440614400
485391088803258368
488646497735827457
490123825502511104
494856725405900800
484226927754878976
485745056184532992
486769878129315841
494864879619026945
489911400538464256
484207651963011072
493808627506221056
494276079180197888
488481293702025216
489863553315123200
491088634603659264
494340153411117056
485030617386852352
489720926066315264
490177201032007680
485161191556145152
489138909842911233
486111364893536256
493001835687329792
492312408485277696
484638050236919808
485348463992139776
492407003193802752
492586277611397120
489738381710991360
484969767724662784
488338208552267776
494815405975035904
494815725228670976
488798170542276609
492335508832260096
494641194308485120
486183079401099264
485724199437099008
489728664318115840
484248431884763136
484572573032656897
487254661603549184
486687133621444608
491109548384481280
492285234168487936
485400202136678400
491918359479726080
492027019782127616
488792861757153280
484418065275170817
490123294167674880
485599015845642240
486659858364514304
486087310086533120
483910519200296960
486669590995288064
490029393503588352
486275671984201728
484702498343907328
487079453407711233
493448292190416898
493984755013419008
494007869188997120
494211346482069504
492434708853428224
493137931327242240
485601692851765249
493933956526403585
485990363606573056
489477027179679744
487929219436257280
490986311902593026
492595101961428992
492585719676674048
491936858939883520
484894062638796804
489868594461675520
489478204319883264
489695253239046144
485012935501430784
493147196783857664
485027912371154944
491710968087715842
490219670486908929
485439777064239104
486275869892038657
494961768892874752
484896192497606656
484941429496897537
488570936514609152
488854439399133184
484831833461243904
485174464968413185
484377614883094528
494975498988953602
492243166674681856
485381377617973250
488458290267824128
488724398312943616
487117921538547712
493091170180816897
493141020377645056
490942561046237184
488251862131679232
485205395838099456
494634662250024962
494993277926400000
493813913537216512
488600459959992320
490078298501029888
485473195538272256
490952508995403777
494924545145335808
485283952278523905
484949636906377219
484891415931940866
484433223003299840
488300796656619520
485827175145160705
494641821369126913
493213698874695681
485383246398902272
484407208617455616
490986777637703680
488571868354342912
484846395183333378
490013867783626752
491236196933464064
492623334203744256
489957919077957632
488448697261228033
489733853616275457
487941400147668993
484460031211872256
494634571313336322
489721921311735808
489588606822916096
494414192439349248
489738271266598912
490059893962194946
485994684062248961
489921710851108865
488760966293622784
492274978772250624
489033418500739072
494276413311053824
484699731873263616
492044127715217408
486721423906312195
494263920740159489
492634202295136256
490286342598045696
489734124048232448
484832086377779202
494484123675672576
492858291307823104
491198188389273600
491496761140445184
491940060313698304
487121320430161920
494523272973672448
488354034844434432
492303295243759616
487251995414130689
485008833727983616
487295806139928576
491125633464803329
493806580547465216
492313856912678912
486161400176603136
491319959906439169
486821381972037632
485175216645996544
485407801485713410
484834283664977920
488260305969872896
487327758276501504
492788708845047808
485937959430926339
484083224248090624
492502619089551362
493136873745707008
492354583570550784
488300882526605316
492759401237733376
492585600768147457
484655267259637762
493356462026932224
488106819370237952
494576018523299841
493428386463612928
484307361851375616
491198964738183169
488649598227861504
485222842729234433
491043021870604288
491103557576183808
491078742782271491
494056814284402688
494573432424513537
490325103990018048
493821865391960065
492180012519260160
486533015581913088
486895684084191233
494335211786629120
487088283655372800
484569356647796737
485027999881109504
489719661269766144
487304682121863169
493967694753189888
485989103163293696
487797319073427457
494406043548389377
493440694531682305
494901008955228161
487753865073131520
492596492033863680
493199907574906881
484943795935408128
488679446145400832
493309711014313986
486640658573037568
493130654893096960
489307224548704257
486686209406930944
489492486692544512
492810548648476673
484929505270587392
494263904713723905
494268777408630784
492224270857023489
488103113728212992
489534395192442880
493516455992782848
488631479015337985
494830122852044803
494839240933769216
486294317690916865
486081767020179456
492701450355888128
493422957650132992
483944118197186560
485027901868625921
485578491665334272
485153526054932480
494550411945054208
492688954701791232
488447692897390592
490944541856661505
494420364185714688
492956185155604480
485151080892731394
483997260443697152
491195664525557760
492332384889892864
494847151348805632
484445604844556288
493195987981062145
486132286371270657
485927512665763840
494332982543810561
490806411253645312
487390155737534464
488505909392330753
494241315815571457
485045033679073281
493131744024211456
484734956980424705
485384705639219201
488631905206951938
485063122508472321
489383040482041856
491610182078963713
484239420657528832
494284491968356352
487891764578385920
486687674179141632
484027942721556481
489511037364748288
486449011147440130
493144010937344001
487421801291866112
486512479430668289
486464341391441920
488574489291022336
487305057705418753
485912699952328704
494571805491724289
491709724266463234
485016533333450753
486839830878240769
487298321828966400
489496695995383808
485004376923467777
489644617449873408
487297466786914304
489892545246527489
486684511166427136
491835130269663232
492306390514663424
486114539658678272
494291353065779200
484917407912562688
494349565525372928
487136021457678336
488632067543269376
489802713086312448
485158218075619328
494505588282232834
484159585356611584
485199253661163520
487870135718674432
492452722960916480
494981708975194112
490464318865948672
493093850605682689
494537798037549056
493600051487195136
489827629395353600
486152221864632320
484382715425218560
489679670640521217
486160278691016704
485023615096610817
487621679217397761
485599274495795200
485011943443660800
485386263646572545
488936619676692481
485032437454348288
484691508822409216
486912477980930048
488617735002157057
491534506281537536
488631478415536128
487108640571424768
490108824213147648
490636662075293698
485735719030099969
486261436646055936
489706229346758656
485821162338123776
486831285961494528
488175666123517952
485025617407381504
488782467206500352
483911457537785856
485381571944665089
489708688215519232
486297637239259136
491923752859758592
494235550262386689
494566622170861568
489587881912958977
488639298632417281
486444719182852098
484934314103410688
484374119723442176
484976784963022849
484415488936534017
487049695680688128
491926299603398656
493806873486036993
485810109223022592
483911327732494336
485014382787960832
493990304706359296
483909424034381824
490179838993371136
485399451884716032
493130264135344128
485011943259140096
487242900942499840
493366400111878144
487230832394788865
489772804074909696
485383316351102976
494145093062758401
491708946567024640
494496040951640064
492799036500738048
484719626165944320
484332440748822528
490084570348265476
485362133169745920
488445136603324416
494518624611102720
485718476170854400
483898117524160512
487123438557863936
485069175841247232
484581083917205504
485745793291153408
494130541969821697
485393051037470721
485028340605394944
484331548208922624
484434725335859200
488767702547185664
493133732854116353
484471724067815424
487112863517921280
492108539771379714
484982057286643713
492369083275689984
488040087293132800
486666104014512128
489743862718414849
491924475588653058
489654091061403649
492314891509047296
493189485845151746
485977078517338113
484722966547431424
488601667269832705
494557553574289408
485384819686125568
492824780479815680
494341808055255042
488451205765398528
487874435274137601
485993902097592321
493188052060082176
488472255899254785
494947144692813825
489011107374190592
483963113234890753
494333540910518273
485195621951758337
486770344598831104
489711585732993024
487877657434923008
484657874077884416
493136578718355456
494450622864031744
490898504219627520
487314396666793984
493401790734278656
487091948440662016
484950421539000320
493188187682906112
490464826914000897
494185424747655169
486503507747287040
485145956443492353
487085812216250368
490655881588006912
485264589744250880
484709403669831680
486275461681393664
485933769858113536
483762464371142658
484224323041783808
489618418120019969
493131806242512896
493406262936088576
484226808334659584
493658277985525761
492352053482504193
494022846813720577
488952691335249920
492680078032396288
493079302024359937
485732423020605440
489783362542792705
494475746971512832
487322274391814144
487880948617195520
486804254133215232
493130592666796032
489909946683645952
493361577181995009
494414544697966593
485291763695751168
494413687583551488
491090902232756224
493190681968394241
486251564416638976
487320199038001152
494633675800068098
494654764618383360
487295603634757632
492347214409109504
485604085479923712
490620237864525824
483888456364740608
494331587140390912
487873133328621569
484599977914945536
486804880225763328
484964378832547840
485390646904377344
492274674932649985
484813024255959040
493618146650390529
493131525110890499
494523364896030721
494141116066070529
486035784815104000
494192381231890433
494540019105673216
492972224656474112
488401057203363840
484967064210116608
490325027368484866
492545161528766464
492281114204323841
494295930296729601
484250923104227328
484896837560573952
485100774150897664
487086721385779200
483766397206417409
494152581069824001
484810881541230592
488633740277866496
485008635047968768
486107116956942336
484745374327132161
492055944923451392
491534894695477248
491612305613144065
485382796546818049
494536363472347137
486504651693780992
494349698094747648
494848413658148864
483848521552904194
493101433894354947
492310863790243840
487961172398706690
486224339914588160
486384123519705088
494482214105518080
487420899373494272
486802552801861633
488115209051992065
484720655200706561
491137957428871168
487605263772692480
490033272324227072
486842048234811392
484890882659713024
491710442717605888
487295243314663425
490842103753502721
488470087012081664
489884430308093952
487253806766649344
494504849346932736
493141018574077952
494524571739881473
490083266959912960
484656362111000578
492548136544391170
487317405178138624
486799021680250880
485012447724855296
488632067086098432
487089175858925569
494475367814811648
491850644915896320
485257121059975169
494533901524561920
493187963572867072
486112038784352256
494328981383307264
492359007555055617
489733853557571584
486242774665031681
493142925996720128
489717857182167040
492285615505825792
483927502885093376
494608401175830528
490453791452717056
485552803557801984
490330086642827264
493146185918865409
483913862823948288
485383071450292225
485096874853285888
485107566310326273
485782672833540096
485029732799758336
484931572819165186
485358436792541185
485066058533830657
493052036951183360
490084615537700864
492365426622353408
489846350029148162
490446932326621184
484807748794605568
483948991609319424
490477782921519104
485006054775091200
493881397632045056
494460507500593153
485595035342086144
485136002403405826
484402179327795200
493518231920197633
492226556274556928
487563668205236225
491249850285965315
494250178359328768
484976093263577088
489617994394648576
489696590785814528
485607124945219585
494517925366095873
494681336922140673
491982022576209920
486974267364749312
486521473709133824
484200496497164288
485706244418580480
488297441288925184
485043464414187520
491925169544237057
486699287414206464
487539757795528704
484608445622923264
491664857318445056
486834394393743361
486781905342586881
485395955492343808
492226584737112064
494843605895245824
484382203749470208
494652337655267328
488120421003190272
494332896199847936
489776094778634241
486274948638310400
486116400009068544
484333532547149824
485392297597870080
493167186400509952
485087233515335680
486975551005937665
490420267202924544
488660861100118016
488600458085154816
486709159115489280
493936452737433600
485185930555183105
486078124392603648
484435673227599872
484224801637023744
493147777388380161
490089696433668097
484837711837409280
487528630948737024
493144284435341312
488687431160311808
489734798584598528
486085255871213568
489181692578775041
493423091276869633
492124496862523393
491628168751480832
483972875884318721
489916308881154048
485163305800335360
486802192624414720
487395392783278080
489723049940226048
493005716853374976
490103275903934464
494629948146348033
485010671256342529
487240428824305665
485252911954673664
491659590052757505
484825263260573697
490035809182285824
490221002169675776
491278982151540737
489498355920560129
490158103904546816
491205861067325442
490220487339831296
491774031583268865
486059353598746624
492323908172132352
489000714954231808
491850490364567553
488471326420529152
491207015918612481
488251777783836672
484706536015814656
492634193499668482
485382192001208320
485025174228443137
484654962899943424
494016493471141888
487092387744079873
491280571054952448
485401649046102016
494461080828403713
487870575344226304
485395072532230145
492062584322129921
491697540623253504
490226402579329024
491214852384624640
486307378036768768
485994640404144129
485258179434283008
492605271105994752
484728397864898560
484835202024615936
494275291624128514
484026158292279298
485596299383697408
488714916044369920
494654364368130048
491406679431340032
486390684056686593
492548106055999490
494610963916541954
490764563978002432
485542566704590848
489781362023362560
494892682909868032
493638190440280064
493517760740478976
486130059619885056
489749134857883648
488647295056236544
494505146299068418
494472322431352832
493142290668343297
486060746431029248
485396073704202240
494968955123949568
484692430919593984
492297003305828352
491658772340039680
488467876509020160
484914674396573696
485382325379690497
486578132481474561
484143481657753600
485012895747436545
494437774339362816
488314532268240896
484832728764788736
485972547859537920
485395416771334145
490320822569930752
494841117339172864
485383284495376385
493425125652299776
493147062125735936
494864817182621696
489664017556729856
493132960162267137
489658305116405760
484931937984057344
490887927699103744
484527947156439040
494675459422973952
485174252845293568
494866691525189632
492285253944614912
487267607825772544
484948137044217856
485387309437968384
492606723580891136
488714773694251008
493493183482187776
492312812426104834
485012531963265024
489618070269214720
488823523490942976
487151452033277952
483942216965308416
492634197853339648
486815721796943872
487114765228310528
488778582986981376
494212685953634304
486670721842950144
485102719003545601
484909855694524417
494907959227346944
488174963187146752
484234269275869184
485282838376628224
484657366131277824
484404679355277312
485577099835473920
485388103452872704
483911616132419584
493184074362531840
493387302828113922
489497115681636352
487099635492589568
484386795648745472
489747536786124800
491872791973875713
488852828132085760
485214360864710657
491253030319583232
484934835949953024
494236199985233921
493131812739100672
494925799427174402
488662095429238784
488444698684436480
490947810289000448
494454660908843008
492273347762204672
493936497318326273
484038573705166848
486526200634802177
484690589926305793
485144773821726721
494526045811273728
493188076789710849
483954458435813377
494760997094445056
485106647459586048
484967306851012608
488823489982251008
486978032952156160
491876348835549184
494341620830330880
493415032005619712
494337691144945664
492045969832173568
491314280051269633
486326467542777856
490060539465596928
489492412843446272
488700774927839233
484331852782911488
485414883832659968
494474337206820866
485143712473681920
483880229039910912
484935172773904384
492122604983955456
489729853151657984
484986868275351552
487071741890424833
485051960270553088
488112831313625088
487295294493970432
491112415250382848
493140851770806272
493374431394549760
492311499571208192
484576693428842496
492502511421759488
491769539202646016
486378888608882688
490218938454642688
484060442017673216
494505528261746689
492288670167097344
487100137496268801
490644055450062849
484903351272763392
484227494329847808
493953456554930176
484829774305443840
487870613525000192
483950536774144000
493559062546489346
487284376456409088
488784076850352131
494479670847365121
490917712273895424
491476062166331392
486166197084237824
487247158958383104
484368537499471872
485747051658219520
484929732514172928
483962080044003328
487639630616203264
485101035242143744
485057353079730178
492133516172599297
494735458576769025
484980094029807616
494859807275229187
488715879807332353
494975763074908160
494675761287397376
494075542074044416
489281188268621824
485015555217584128
489477804896296960
489032796459896832
494425717577646080
494234666098896896
485151862195499008
493808934180777985
485193329617825793
493242862780162048
485006370916544512
484078944476737537
484294207977566208
493140152349630465
488337122236329986
489822614580658176
494440500913377280
485222426691633152
487261020399083520
485748931133845504
484224870839246848
494377030788464640
494646203208826881
485249279347683329
489836858046943233
489176696025645056
492453029342642176
492106253431107584
492461207396577280
486960875858055168
484657471743860736
493196905241800704
489909849107361792
490331355784282114
487301272953843712
493995887249465344
485143809119252482
485217890396696576
493163620004818945
485625079678906368
490058846438961152
493779515743543298
491608184696479744
492490274677862400
484035025302982657
494102897668657152
488669107680583680
488177318586621952
484122562709192704
485383752646815744
487135719802945536
494173833163587584
490984226695950336
487374418570522624
488646497828081664
494991235174502403
487072061232119809
488813023574773762
485468678545498113
488000210724192256
489734995003838464
486251079785795585
486510865513209857
484755696542433281
493631361102929920
493189248976035841
484841748628111360
485010872679403520
488188277266993154
486491111725465601
485145582617784320
493032261147963392
484589135756144640
484143485550084096
494652815357124608
491923399405740032
486188357660467200
492273135677227009
490058351896952833
487767391620067328
484992312015994881
493507150061125632
487831580866379778
494470866726436866
488299462695989248
487469557812961281
489590061072003072
489491443082608641
492562279788212224
486328545296535552
489744014800068608
485745046814478336
490063917888962560
493143893735510016
485597363554099200
484224288812462081
492195900220252160
488976322811928576
487255406717448193
492088651283582978
488937200856231936
488468006222430209
490060539671093248
490454904516116480
484838104528719872
494254322801049600
490404193794916352
485357307690098688
488807207249539072
487343622149242880
493807153011240960
484829832115539969
484693319356657664
494363024522612737
487304104986025984
492643740469587968
486107187672928256
488509048510504960
485723940124237824
485157488249929729
494365915711291392
494569474620915712
492354584086454273
484453539834380288
494437774456815616
488175834663223296
494646545518567427
493176033357492224
489787993977151488
486833641805590528
486511304874934273
485995172467970048
488784551528116225
490090950622842880
493518103775830016
485024624585883648
485443959221919745
485794641631920128
490604311559561216
487875910016569345
490693099773886464
493140690516193282
492029178972487680
493033880509628418
492603388022894592
485252129083244544
487301307494309888
487250187090665472
492333372208062464
490016019294220288
494712468464103424
491458243798237184
486078871792787456
492275533666082816
494984097899761664
486118698889928705
484992170475405312
486670201610842113
493850450668847105
488806962285387776
494506486987386882
486376639115169794
485107767057739776
492178631653748736
484417053919412224
488963365029806080
488714915105214464
492779946788798465
494475466305462272
488602667136987136
488601407587885056
485222422321172480
483774703656390656
484099749080236033
488527258261258241
493423856879558657
485027504709574658
484392728432611328
494363023658598400
487253478419759105
491418895568207872
484276503136727040
492732192192090114
486275668364525568
486808875866136576
493139280659628032
485397162159640576
494347323783540737
492303896736313344
486639983462055937
493230484902912003
483887094797193216
485211602107781121
493137446595743744
494642162953232384
494540201901817856
493137197348814849
489771215473483776
490997215154798592
490172593220362240
487778403618013184
494153938833125376
493160950233853953
488340399770316800
492044898254987265
494680668865961985
485025056712425472
494376405979762690
493739015196012545
484592289109385216
489756147834826754
485391437400666112
493194038263029760
494248232575184896
487453149406302210
486265796818382848
484811415539027968
484117235490123776
486804882826207232
484988208183533568
485624750740623360
488717504530112513
488937818916270080
491319600894578688
488149469850894338
493366644216176640
492333424942673920
494333508379111424
486802414465318912
485150185778343936
490326061490520065
487870432628842496
494524619924049920
494188075988176896
494865015430582272
488467155835314176
489769809119571969
489775886003339264
494515140817981441
486275654871420929
494504858809290752
488438315792613378
486816507738218496
492525451202822144
487092806989533184
486113863021371392
492354741377056769
494440012583157762
483797883783630848
491585519244279808
484816660923432960
494521613077843969
490997473775595521
494949345121140736
485415052548517888
491696452620779522
484813025984004097
485578369010909185
492482730975039489
490061428561158144
490176315975540736
488700795286990848
484244979431124992
490258204828635138
490738663672664065
487116033246117888
489178145443282944
489711040285122560
493639573029679104
485387156618100736
494329645932609538
489836123158769665
494265550055292930
485225065047277568
486072522031763456
489953725109116929
493917170527518720
491946842629083136
485327707744382976
485107403340664833
492609885130211328
494416711047589889
486833198476038144
485216888629514240
494319595298099200
493936502737743873
490547568741339136
493332121499734016
491492068586700800
494103615187849217
488033829613871106
494538787762864128
488649448185413632
488116552877604864
488632353091502080
491653788500234240
488812558208352256
493143951093010433
483952474395787264
485929340438208512
484963768565125120
490577723732262913
488458918553587712
494284490823311362
494483435336269824
487756739669155840
484892812249284609
492412227509841921
488245716499050496
484635111842140160
489508591163150340
489708807446990850
494864744814104577
490220799639302144
486843713620934657
488767702534586368
494342694911475714
485000454808825857
486470330936856577
494841123651592192
493111878055645184
494408741656072192
494297649676161024
485393139562475521
494518604734267392
493436612471037953
488632353968128001
489042565447294977
484771750555561985
488747898591776768
491122733472686080
489698553300664320
484061476626657280
492637233502257152
492056666603393024
484829831905832960
494652493180452864
494652382048165890
484937447533334528
488628439079874560
490060477175975936
493142224771637248
484314883102486530
487619518962077696
489744345105698816
486731960723963904
485039294017306625
488602621293637632
490875311110635520
491891011698700288
494265969389236226
488936041412571136
488175352116547584
488717609706471424
492237292514578432
494534053387706370
485392115607040000
494647944860405760
487143645674733568
486275612387319808
490477784574074880
484816661003137024
484539927687094272
484942328214208514
487295905767624704
488442609417736194
491143659530625024
488474232436031488
492609705575870465
484593925441613824
484413168694079489
493130693707583489
491913049411186688
490992755490160641
487766026663501824
484352064047173633
484328790412509184
493405390239846401
492272994421862400
493166656559271936
487335833326731264
488297045094965248
492042045083504642
484328711005945857
492105629033435136
489039393806491649
492609942281793536
492361217269174272
489371411610615808
486691584696520705
489955877739581440
484745708231479296
485014611390136320
486376650116845568
493281714475511808
489834973579714560
485989515493126144
490508791373647872
494235877745254400
485601800590872576
486801714247643136
489018034019778562
484221113086390273
485993646609539072
489982000413937664
494504987829878785
494878386880516096
494539554654023680
488444355523670017
484813029951803392
489835984537022464
488072520609038336
494953862671785984
486102468166975488
492283723140702208
485381946386554880
489706926461026304
493525207659716609
488631904523268097
487315350413778944
488676787602608129
485615699457368064
489861606898429954
488784526970478593
491726597184294912
490814657465417729
494640731105939457
487027097756782592
486079750314532864
485030262150291456
485030262326435840
485006701159264256
485227235075698688
485590091708911617
487086525080174593
493510020764794880
488118988145442816
487086179116806146
484384991150096384
488397791560232961
494556544345055233
489353107156246528
487869929509486593
485024602737741824
494363695305089024
489810655386816512
484539689139830785
494194645522726912
485509368826580992
494989167663665152
484141581063028736
494333298400038912
489953385278218240
490050903601602560
494449243323924480
493141461349957632
485029514775240705
492306384931676160
485381784344219648
494479762148970498
485913041846812672
493465900083716097
487423923005317121
487205809554595840
484354604314812416
492244059931422720
493140696824840192
494335549784600576
490187395380551680
484851375126233089
494348580073664513
486043455034900480
486438746548486144
489799751341064193
494576630837161984
485008071572590592
494578075045081088
485377832034787329
494335559691546624
485676614911811584
488630364034703360
484232439792140288
489721719641235457
484171082467790848
489172439432040448
485863069839396864
492314046729682944
494476018464198656
491319257297199104
489816210255904768
492050261582426112
494653151350636544
489590051118911488
491088444748468224
489769809102770176
485382156391174144
488001104383201282
484741564003262464
484581643579969536
488660059300569088
489654479545827328
494304926751653888
494145495745314816
485000199182364672
484927358562861057
494544297694605312
492306823236829184
486810975115284480
484224582019481600
486152771541139458
489888475932397571
491555505760772096
492311983601876993
491884391325761536
491188002698559490
489610853092556801
491952123920142337
494505826892009472
485106212107980800
494333040437776385
487631581583253505
492273036054126592
489710629406920705
492311499583787008
492125185529901057
492945260243582977
492285251360931840
488365736004694017
485556239695609856
489751585753665536
491638082069086209
494645754825166849
491684960575553536
492588982367031296
493772136897470464
492373982163652608
491475969178619904
488435090339680256
489823798238400512
487869085322334208
488673380552298496
484699072490532866
494335297279524864
491608260177575937
487949759965954048
485010823690346496
490220654789025793
487116031748358146
492042745167761408
486664056565030912
493192019150266368
494980333171785728
483894258769092608
493058200657088512
489757347653246976
484830967295508480
491608264564822018
485412230846881792
487115901515210752
484415051395526656
491295924124389376
488568361828093952
489834588953264130
488297117740310528
494860681527570433
484945351359479809
494260936488677376
488468733006864386
489682755077148672
485989958403235841
488125760255713280
489138506497667072
484924789371322368
494710453436960769
484417950792024064
488615267635720192
484389156786044928
486084589836718080
485402224127139841
494894873091526656
494332867644620800
486834034996412416
492724982901112834
484391055639715841
486328834606632960
491195143408476160
483887646872465408
485162391349366784
493437508353789952
487243603089969153
485994053092134912
488005571887386624
488085026341261312
486770057729413120
494533868582895616
484986419317047296
488680513956098048
484810676247207936
486280852616519681
486070614395211776
492483958244790272
490323720993787904
484879215683051521
486159456812544000
485864014686466048
490041782013804544
486072133504995328
484872257827659777
484132225496403968
485146974832697346
487390576271441921
492604635102732288
493486308502024192
486101996881997824
493240438468259841
491619873886593024
485386960538959872
484966140566077440
484612154927353857
494652164304670722
484499309153378304
483916956844949504
485724990726504448
488601554933796864
487073287738912771
490038622469779456
486787332146991104
491343528690462720
485381121236951041
486126165719924739
489139027841667073
484386796315635713
489492958874705920
484694331647725568
491281509694070786
486084995019460608
489665178883993600
494483573257547776
484813374266437632
485187499971452928
494122093790117888
491607871743078401
488758674014228480
486942648486215681
487265414594830336
493000463600844800
489673106735104000
485175066217676800
489773249925234690
491983092391739393
492351342971998208
485100982200983552
485394114775883776
489678228806971392
494860181553946625
489751074556092416
494511354091294723
484893090441080833
493189645224517632
493373157600804864
484834993080791040
493458492121165824
490857001056890880
484370952617070592
485013459713945600
484720238827958273
494463893537046529
491444581414600705
486376791280721920
491923399523180544
486224332990214144
484843277212872704
492444677636120576
493293701464997888
494848231692849153
494446436830814208
486549417403908096
492287180006780929
486351483450167296
485135085239545856
485488135195742208
484844322987065344
488571186394431488
486254405910802432
486782015644000257
484834192031612928
486774871079137281
492830292093435904
486809705319526400
484157695134801920
492177400651055104
491971646086201344
493719219574280192
487614617502248960
487764087468589056
484646259874349058
487237858202509312
492579636229197824
485674192432824320
484637230846062592
493628932072435712
485391056729427968
494331051762659330
493190048095817730
486148862596612096
485024766160826368
487325824925061120
490118552368975872
493143409280815104
490471303099338753
487950710253060097
484931765622935552
484934821458636801
486738903160741889
493150204003364864
486115730170343425
487302982879281154
485037546335121408
486721540340187136
493164654298791936
485025601926234112
492276833283747840
488573048732549120
494989050617401344
494266580549648384
484719626086277120
487609893994901504
484446022568271872
492385899682881536
494302373561786368
486023783199698944
488647692156170240
484820332033765376
486166360527876096
487115618173202432
491369715433230337
484254468792270849
493366329639182336
485908719809888257
484144788783267840
492606523663585280
487086671939125250
486813299686641664
494876508385996800
485103281757507584
494749870197321728
483874543195275264
493463989372731393
484901213045940224
492109308037849088
485184629826019328
486279625123696642
491195370064470016
483897357378273280
488723261455228928
494696504162930688
489058968762077184
492352070490812416
490369847386460162
484166446654976000
