30414217894961152
25612034376736768
27601033198833664
25868656671985665
30403000216330242
25355789052944384
30974922775863296
31608877686460416
31945708613406721
28104329374203904
30426758645809152
24195441927127040
29630619528986624
31130409630703616
25227925435449345
29505783234306048
24929309718220800
30411869659336704
27739568451092480
24508557932109824
24587804780531712
30414715863699459
30638750899904512
24493011136151552
30409514339536896
30684332796416001
30089970240720899
25033207749550081
30625258855735297
27107259515408385
30706243597238272
27712078047354881
30701294700208128
28470604172623872
30710379311009792
31130414395428864
29607033242124288
22328259656028160
28795280539254784
29214036331601920
29197947094695937
30401386860519424
22434684529025024
27832163504234496
24303562011967488
29325877896552448
29915741130067968
27885856266125313
32095861697675265
25402689642831872
29912661646901248
29290297326313472
27860978913771520
29608949468631041
30728854263832576
30088001325375488
21986838138855426
30405062912122880
25302909088432128
30518647306850306
21149331675418624
29938184024498176
30713707377983488
30866159498694657
30659806935130113
22066383198101504
24263882814001152
30426446484738048
29915736369528832
29966087261003776
29915738194059264
29921043682435072
29918832084652032
25445156173910016
31038681682808832
29607033091133440
31040538366971905
25228684503814144
28558212101836800
30519312733184000
25688658036129793
30624443294294016
25668274209431553
22061736915902464
30142136871550976
24453438087626752
29608918086844416
22358363140526080
29111791690711041
30106657983832064
29621204952293378
29607033082744832
29314289051377665
29915749430595584
28446474769539072
32112972591534081
27840572022591488
27349882721271809
22430508877090816
31722550207709184
22293695264980992
23284888702554112
31042022655660032
27526193288847360
30415316056023041
31130409253216257
30437592973447168
27736968305582080
24954465266171904
29978288231288832
29973862242324480
27034864234536960
31120679671693312
29915734339489793
32115849196216322
25612106267107328
30400349718188033
29872647051411457
30424271318683648
29917958738280448
29915752609873920
29567450341187584
24208561978482688
29062801712480256
31130429549445120
25644334472761344
30552679243583488
30302717247229953
30688012568363008
30401388227862528
25930535557668864
30308573766483968
30109968543784961
30276781407731712
25583984998092800
30422625217945601
30131048876613632
31402225033019392
27878415235289088
31130414202486784
29925749318221825
30696907680522240
24538331824005121
28853437806411776
29611222504570880
30626996073537537
30555214712930304
28421617247850496
21592285011513344
25970823080710146
23077014734901248
31130435023020032
28595254043086848
30104590720438272
29094256937279488
26933342146400256
29973028083343360
25950243937845248
24509471560568832
29253951723409408
27714019808772096
26240289408548864
30400861360361473
30629957541568512
29349109550809089
30102570991095808
25552824607703040
27736956083380224
30639174327468032
31792071589232640
31038035885817856
29072863843590144
25994972280918016
25680998268141568
29947463615913985
25340225232310272
29955438585843712
31123910657314816
28972017118089216
28422043309449217
29093569461493760
29917959866556417
30408584005160960
29875892742258691
29329795099664384
28241161961345024
27739246185947136
24922841132572672
29564220722909185
25921339793612800
25681735140253696
29604793978720257
30700460386025472
25587634923376640
30664348997263360
29875674479075328
30409356554010625
23235661305749504
29915750202351616
30935159255601152
28474424709611520
29286641730326530
29928709355995136
30686142898638848
30401388135579650
30102100159496192
30407698772131840
30935155698831360
29132649436020736
30641751987331072
29747130998460416
22005186062979072
30424270777614337
27704804042084352
31016610772815873
24210026767843328
25587423987630080
23522710499893248
23501785498918912
29159411133980673
27387706036191234
26041236280320000
27866301577830401
29381884752437248
27887331386068993
28260832546652160
28790373568479232
26524941402767360
25896694826668032
30401387510632449
26773685083832320
25680377427267584
31725943865212928
29141808457981952
29623801155162112
28241261039194112
30688014124453889
30422814947287040
30690937701146625
29924930468450305
29206744102084609
25611975857803264
25449260321349633
29319099792228353
27749234375663616
30437590301675520
30400004292091905
29991154049093634
30102255868837888
26817869085941761
29609359214387202
30683910560022528
30426029801611264
22053768610713601
29607033133080576
25192838077616130
30544527211102208
27478547220140032
31252167205593088
29230125585268736
25101520273936384
29162374992764928
32077780627755008
28421630560567298
27006263212646400
30131046926258176
28558217894174721
25349056054165505
29876789895503872
30401388253024256
23222282742669312
25750096792518657
22015365353570305
32057675911004160
30426445973032962
30409516461850624
29875226489651200
29915730879193088
25561632402837504
30101377787101184
32204876247207937
29338942172045312
30473449445007361
26960422611460096
31521257321136128
25556327774298113
25403232427704320
30451437993463808
27779472895770624
31015107483934720
29917962479603712
30686088360099840
29335352619573249
27042272461717504
29581746601197569
31549952094117888
29312748181528576
27387453908197376
24360439781531648
30018651952254976
28484620672565248
29312957078835200
27867775577886720
25268800165257216
30403400583618560
27033223649300480
30102632680919040
27608706610888704
25670576664215554
27722031818612736
29917391941017603
29977601871192064
30626992659369984
29915738277937153
29910983971446785
27642081602183168
30709154540691456
21591068155842562
32169254186909697
29875741755711488
25145635871133696
29562421349715968
31130412143083521
29159399603830785
26288128952111104
25754303138373632
27947599122141184
29985550156959744
28790373476212736
32165425546530816
30450853890498560
24517915340439553
27822379870724096
21998191171866625
27468641674993664
30100794715934722
30696997073719296
30401386931822592
21592685135532032
25042118829412352
30131049270870016
24922282036039681
25755015851286528
30658036364218368
30423503828164608
30783204961034241
30935157661765632
29915754505707520
26539426184167424
30639212453695488
30399052600315904
25797935677571073
21934304867131393
30101837159862272
29984836496138241
28473253286649856
30918858541895680
30401385677721600
29968391301238784
27414625918132224
23056510141599744
27351614364848128
30405643751915520
32159426605481984
29925973801574401
29919303369232384
29681380887625728
25643308147539968
31050661730717696
29214117986312192
24201442042576896
30407676223553536
30401387233804288
31310809686609921
30517980961964033
29932483659169792
29343164804370432
30633686646923264
30684900864561152
29747130792939520
25562413847810048
25754300210749440
30539208825249792
30404408432922624
25398784678694913
31917093297324032
25845954456326144
30401387288338432
27827419033374720
29941351520927744
22444568876154880
23578776084414464
28558217323741184
22146399831326720
25148602024198145
30789121085546496
31418219633840128
30235243499753472
30487610103177217
32110085366882304
29940497388670976
28484949019467778
28119977168998400
30101937248538624
31841784640311297
21609339366154240
25681965701136384
30401387984588801
30401388156551168
29611228024283137
25601026639798273
23594284393439232
24701919838601216
25884986158616576
29776513939279873
29875370249420800
23594282078179329
30684147118772225
30435353147998209
30409885682241536
29929820087394305
24262958171295744
30083840823267328
27174762744651776
25268798537859072
31130413552377856
25245256106647552
29689692043616256
24473115966836736
31184576596418560
30627717879701504
28506948366245888
30402965017731073
25586243664351232
25680982346563584
25145668175659008
29923135943868416
31151457206013952
25033319519363072
25082905113923584
29601986903023616
29876306401300481
31930348325576705
32038630931304448
29682909346533378
30412355040968704
29845910338928641
27042243663626240
24195896430305281
25445336952602625
25775757091405825
25587575825629184
29562730444750848
30402320529362944
29924333371531264
32128610429042688
29285586699288576
29722985183059969
29349188756049921
29338083165995008
29923606041464832
29571966134390784
25579746951696384
30400008989712384
27826011034877952
29943324102098944
28558283082047488
27364892113637376
22130992701505536
25585504237916160
29993958855671808
25659976617828352
22635296428396546
25145608935309312
24286586837401600
29651926232604673
29944145862721536
29985136254656512
32160773937561600
31129957056905216
26524941444718594
24194399705501696
23449049654894592
29939880767262720
27763995385532416
31207641678094336
28558242640560129
27712228090191872
31087344920559616
30406951242301440
21422330454478848
30629957344436224
24925671826395136
24184175607152640
30669202700374016
30664467649921025
30101875965566976
29607032969494528
22064211454599168
30107499264741376
29411896113242113
27745929968746496
28259910479253505
30690938120568832
26934952029323264
30755048304672770
30401385379926016
30407506731728896
25587502123327488
31595275743141889
29312287454003200
32106906768113664
25796339853955072
30405163885797376
30102694639173632
27541397120745472
29604587610578944
28116244766920704
29915741868269568
31432239262736384
30410170064441344
29160303526678529
30403218034925568
30695319712833536
24328340680736768
24823223946313728
22432873394995200
29781541659877376
29564159569956864
22430317562298368
29915756007268354
30400909183811584
24513266420027393
24899055926644736
28558216585543680
27774111652511744
