269029162440863744
270250160544698368
269301785787789312
266971268753002496
268369390251147264
273785022299910145
266953008162697216
274565370810093569
267622339418656768
273888135035891712
266740890645692416
266224625250349058
268393689091538944
266503392380215297
264888359879581698
264490861264523265
273785119796502529
272965918324310016
264248869989253122
272384451076567040
267684069230379008
273999097986437121
269045733620072449
272895567816966144
272961243994796032
271415937385783297
270344742221516800
273026625262723072
269536669928144896
267336197293088768
268581542857695232
266975601586495488
263873024955146240
266617940135268353
267306904294916101
269530518872260609
269307778164736000
268878511039709184
273743587366297600
273895692378980352
273614057339248642
270250858854359041
273758196500414465
274204723320598529
274070924637114368
267697901361311744
274183522091139073
264889862069579777
273785579307692032
271130908633993217
266726854415769602
264075602863218688
273487783505563648
266924096388997120
272894558617079808
267667695523205120
267765264974745600
274176810273619970
267657513841860608
269806805079711744
270469010821369856
269077799665561600
273870895687294976
269111978709102592
264376352910745600
269158172269367297
272443970733346816
274031748671733760
272961569690886144
268828107266486272
272009569172070400
273960215991447555
266291194223546368
269434615196966912
272964939545726977
269115483368849408
273948448175316992
268738475661094912
273806740942901248
274071322420715520
272961835043528704
269103767339810816
273792973857234945
266952956040069120
273322983953682432
267771173348200448
264392078312738817
274028990065438720
267326555007623169
271268616127774722
268774532544876544
270445490548649984
264424944677576704
266938405680738304
269059992273944578
264139914084507648
274153857540575232
273887508448833536
272902775707414528
264196585783693315
268543044637323264
273788614251536384
273982034316230656
268540211703734272
273940491723210753
273786606148796416
266636021855297536
271629001737502720
269083888859631616
268398806855450624
273984691160350720
273296858997202944
266990194295730176
273982987014656000
264408771852386304
272894794194374656
268687051937939456
264135153050345473
267346556263464960
271571361728704513
267779509061828609
268687404515356672
273952542625521664
266601343647617025
274233683555274752
266663903445020672
266291692825620480
274029927509143553
263870270790569984
269112934276399104
270768634526306304
274237171278442496
266953304368635904
273603195090112512
267622318413594624
267739645461282817
268010797303726082
273885465034231809
274073418356371457
269276111018524673
265489460102328321
271422260806574080
272651486893314048
264368786617020416
271599548193964033
271605577296252928
273796497299087360
269107571665817600
265856958328872960
268386535861256192
264379562882916352
274010167929081856
273949524513398784
271580110845517824
273804624102821891
273787180063813632
273743683935936512
273609015072800768
273877226079006720
269509699714576384
266984381229436928
264293758273744897
274135904069758977
273002263721676800
271349145917341696
269457987217788928
265554107559972864
269125404579741696
272379172943429633
266291856214736896
266743577030299648
273945379618304000
274558995975503874
267981811978747907
268665035499384832
267623896956686336
266618843743539200
273707868237213697
273464707439013888
265940908556570624
267764839508742145
266205504982884352
266968354684821504
266722069784436736
268374167869607937
268356448336097280
266616272479985664
273840859986935808
270133617768947712
274239928521609217
268510180260577280
273774024709001216
274232182288048128
272965405423857664
268375044068093952
269077470773407744
274036840074469377
273092383934140417
273999626116407296
267623508463480832
268736432905003009
267663774478123008
274568391426183168
268914733674008579
269568501386199040
274070566770733058
273791950556106752
273967296685420544
263933160335749120
273808155392225280
272896035561562114
274192350249635840
273032696245141504
274075788519813120
274062146533470208
274150769480069120
265615870011781120
273786944792711168
273486402799403008
273871674049458176
273683935475683328
268360221498425344
267685279974965248
272859094170337280
267741164168417280
265870140107796480
268144430412873728
267725038051016704
273798554458419200
266288175150948352
273870894676467713
268778380495818752
265465212579233792
266721625007853568
271414189342486528
264646515354652672
269142631358013441
271024580141932544
269121849873555457
265786367810867201
273817143873769472
264490001239269376
270962095716184064
265591596735688705
263908028942802944
266287497242357761
273570681239769088
273033355602309120
270199152162512896
273690568570306561
266332860632416256
274317097981575168
264132905670955008
269078088434978816
272768276168318977
267721625787568128
264095246131015682
266744457926410240
265500844592603136
269012107251556352
266923759972270080
266579820220129280
269080269150097408
269586225839607808
271348622614994944
266304285342576640
267375275615064066
266620980753997825
272396055054790656
266983914315341826
268370195918225408
270947620007067648
269008508618407936
273803073435082752
269301802128793600
264426798052417537
264414356538798080
274037508927524865
269083634688983040
274649122634625025
264408210964901888
273596676239933440
266726038468444161
267666544581029888
266335000016859136
274127695149940736
274175001287065600
264184209340497921
273784496464224257
273689527573434368
274153883784339456
274168859634843648
265670973968236544
273787117107298305
270887443836846080
270589173772214272
269077548732923904
273938322257223681
266619827156840451
270200735935889408
268538808834863104
272894485455855616
271024577969278976
264252513446924290
266293831467679745
266968476592246785
268429471256817664
273785120010424320
273057027260047360
266955166115299328
266949701247582209
273825540211875840
272551801813868544
265852484084461569
267623450611445760
266590196164874240
268171789929177088
272894783406616576
266744602596368384
263909926747926528
273311047195181057
268392211593453568
273576161743863808
264094846917169152
270567145656700929
273406511764627456
273729501568057344
273021053016629248
268387053685846017
265522551797731331
268050885404413952
273841468718850048
269100017262944258
269071710609874944
268735979047747586
274165775374352384
267351825370476544
269285115702693889
267773261369200640
268177553917894657
274187797068394497
273798159615012866
273056838948376576
269100991033528320
268392389654241280
268378388115357696
264166520677076992
271365659886243840
269281300060438529
269109027861057536
268382755296010241
267624555546288128
272226031732158464
269959336514711552
266805555589419008
266567096853483522
273771037789933568
265276898786033664
273759362743422979
270461763357667329
264082319604871168
268665033578389504
269084048662614016
273802502426722304
266731513503158274
265848164593049600
269100292870643712
271349600072368128
274085661114523648
273434482793644032
273028242334687232
268330974612443136
274171087858835457
273853986170359808
266968197712982016
270498524909686785
266952875270356992
265508648476872705
274019689477312512
274484109768785920
270349717735624705
269275901232025601
264199741674500096
266745059142148096
264305895914213377
271468252645969920
273749120013963265
266723218226806785
269077656610406400
273795349846560768
268385942606344192
272961930178723840
269949838840430592
273952611563102208
268386809933869056
265471113486794752
270250896062033920
268391835238559744
272894587356459009
273948524964626432
274385773665599489
274478391032418304
274218927079440386
265269211738275842
268377812073861122
267047007309426688
274579135928598528
267863021651648512
273031303107080193
268783776576962561
268689801413263361
269477371235688448
267644221975040000
273434660724416512
274097834393993216
274640889639477249
263917454626000896
272896478987558912
264092068622766080
266753844476796928
270990642467983360
270516213120135168
269090316311724034
268371792169680896
273030160675135488
272905347121938432
270394108651122688
267263264143077376
265779639169998848
265669330417627136
266984977122598912
266620085421096960
273844828356370432
266951714312179712
274059767570391040
271010190126632961
274042868048490497
266684736649457665
268368286964662273
268735943861751809
274133790299930626
266089717966180352
267708301951770624
269097024400527360
266467673515364353
269100666562174976
274179660210909187
268670497422704640
269098327847604225
273790068047634432
273016822587088897
273907016253177856
274508374090080256
273813901244780546
273797763110678528
268735942309842946
266971763995455488
273798495230627843
271249529255366656
266197206359494656
270287519084601344
268181942879522818
273406895530840064
269458200980500480
271005659905024000
266919827468337154
268386576004956160
273875671560908801
273788032212140032
266546628817723392
274223058502422528
267620630478852096
266901400896815106
266754020662734848
264109471125630977
266621562277466114
266970915064119296
265511146541445122
274232709268787200
274098144743129088
268392062431404032
267763795022196736
267652462813540353
266222928612450304
273833872196780032
274011519463866368
268387053601959936
269109029719142400
268387049067921408
274321472309309440
269078720688562176
272330562096742400
267377582402568192
274211183958040576
274133920939905024
267626452109914112
264411048365416448
269525342283264001
266728338624753666
268387082559442944
273435421290139648
274183500805070848
272663217497600000
266896791239266304
274095930419052544
273870221985599489
267661267194499074
273971622526976000
273337712893894658
265884581008388096
274544986891100161
266410862644957185
274041860677324801
273878923681603584
274171011245678593
273982260783489024
273363055629451264
268820911518535681
273562594088992768
268735971732885504
273801397072453634
273786496128020480
272895238480211968
273791063590842368
269165658875498496
264376619316150273
266704455276310528
271125610301104128
273794780490780673
269126297136029696
266701472174059521
266744564730179585
274499407959953409
271424177800630272
269197165660876800
268694432897961984
269476925880279040
264414819787091968
274111808279814144
265203282836852736
267056897717334016
274300306706276352
273743262286753793
270882682416812032
273842265745657857
266673958324146176
268357641749807104
268630133974396928
269152189958742018
267657916415352832
268582518687666176
270486087347089408
273860415501520896
269134519708295169
273952332595740672
273849262532608000
266224517150552065
265865713745539073
271270977659359232
267645969460502528
267622206975115264
267796313406590977
268392127115980800
267621387705909248
266222930311118850
271351630685949952
270893982433832960
268456479298830337
273785315125235712
265783141162180609
272995133820116993
264401358248091649
267840861977600001
265471907011371008
267626001826213889
269946650162761728
272966826848305152
268770592071774208
269096811896135680
263931243337486337
273796682255310848
273785424349118465
274135658908487680
267327637863682048
270324355177787393
273949654578765824
269275815995383809
273472381085970434
273786591846207488
273801367020265472
266963048122703872
274174785146191872
273838861413670912
273030513407700992
267285454464905217
273434043205435393
267661712004616192
273840321866121217
264400325945999360
265270410906566658
264376617210617857
268365394962694146
271384949964283905
268355897980506112
273016286152368128
266311530155491330
268937375412002817
270446430760615936
268404255780638720
274172206286766080
266555717887066113
263996698945282048
267640254339641344
274488649075286017
265268798385422337
270434527057420288
273475760168251392
273827012299354114
274219457801490432
269491508313481216
265269171976273922
269100670882295809
266983014435811328
264162644150321152
273707961124278272
274108805820870656
268735980364779522
270319149509644288
271379556655575040
266283710029127680
265771803308326912
273609110354800640
271514679065591808
266239579160461312
269081290534440962
269194431704481792
274086115223433216
269100466095398912
273855763032711168
268373984859525121
267667339888173056
270198501500129281
268670712510808064
273406513136156675
266884592223535105
271356180302028800
272991548717793280
274033111589863424
268595468920049665
266684736079028224
267641169176035328
267670636346875905
267779797080473600
273786352573767681
263871038645993472
273794558633058305
273805248211066880
267623785606307840
263905328565981184
272897878400307200
272741732146356224
263870362297724928
263882875752030208
273142571314855937
268392455097966592
268829412710027265
274156327373262848
270451588798246912
274325388568707072
266978477876592641
274120381319745536
266639192531038208
273570603263459329
273787920895311872
266770414812942336
266282914612920320
268735979391705088
266224709945929728
267007904970850305
274146881364443136
268646637969227776
270567321033125889
266072731374718976
269157421606387712
269038383483994112
273850920444502016
274112445075832832
266984571755708417
273852518021349377
273607300072222720
266684664821972992
264514600001757184
274058352122814464
264163322499325953
273602751647322113
265000755709231104
274172160573067264
268699875380711424
267741045536739329
266758540591497216
274215793879834624
274351419111399426
268478179591720961
274157414440382465
266285044199485440
274073611017527296
267723585689382912
273174059158745088
268826907632619520
268434084143964160
266617779493421056
272966216413487104
271470150413336577
269440325246910465
269100290102394881
271254374012030976
269602896662908928
273824338434740224
266611087242305536
273764464757714944
272782454971047936
273791855005667328
274043537069330432
264529995395903489
271123322056626176
269813812130099200
268931319017373696
268496628279824384
268366029145636864
269219457036083202
269081106328989697
265546601328689154
269513182949806080
267691769930596353
274566382220365824
272097557814054913
269150909978796033
268699877062635521
270886155547992065
274123518550097920
274120943830454273
264246997429657600
271647458130538496
266944700295020545
266697499010535425
268684705107435520
274224707765682178
273007384362893312
271956668248641536
268940621304188928
274197165058949120
267039417674379264
266567584005103616
270451679047057408
269078002648891392
273600698036400128
273786717360750592
265665023710470144
266703408570974209
273844842730233856
273602847130660864
273839408237662208
273519291641499648
269513731459923968
274535224078118912
273032270233886720
272965954923819008
272934883666587649
271377770712551426
269994231924396033
274095770075021312
269092950942810112
273977050354814976
271583734615138304
268735980046020608
266554055751503875
272961027056992256
267620899895799808
267699986328850432
268095517773426688
274084675734085632
266552224216383488
267797788992098304
266755612602429442
266288175176118272
266986157382983680
266282716604018688
274527603161960449
271338475410837504
266642518857355265
273791261465530368
267622561871974400
272966128232460288
274051812645011456
264489219618119681
267683641549791234
274241053945626624
272894636849254400
270645729305956352
263908924275699712
266710059990523904
263875876771475456
265932132478775298
273210048694607872
266972359234318336
268363445030768640
267649281371013120
266089354714300417
274111809756221441
273770654124355584
267748349489340418
269132033312296961
271580110522548224
270567461353582592
266467673561505792
267131586917576704
274172207008210945
266744049589972992
274222799755812864
267471226849603584
273948450255667200
267660037747507200
270041599881379842
268309390891831296
269102339716161537
268120421361131520
268357628072165377
271183713973456896
268182404370407425
272817702932983808
269067667481182208
265268796451864577
274112149067018240
274286331713171456
271215594911723520
270777035746603008
274622354255134720
267264388732444672
268360566907748352
264364142696210433
273824443053273088
271130342537175040
271341685886312448
273952334042763264
270516728251949057
273138208399843328
273940479316471808
274501032208371713
268735944771919872
267699899557097472
264141006407102464
274085693674897408
264288655164706816
273690475117023232
273011881206239233
271373596989984769
268793787936034816
266755322083962880
268391840586276865
274535639620386816
273088772877471744
266618049677910016
273948449517477888
272899764595601408
266556428741902336
265276131572322304
270080667499520002
273787764590383104
273999057398157312
268533916539957248
273855661496991744
269459145097355264
271389519184539649
273842402131865600
268393788169400322
274135167763877888
268363443655020544
274459768381394944
272589520195686400
264166056891912192
270567147137298432
268535417366786049
272382584665825280
274046313967017985
273948448930291712
272010260720545792
266968723754196994
263915781744652288
269126098829328384
272971321506410496
265478137356353536
268553942055669760
274660214056300544
265271966376808448
270923286165204994
274156091733078016
269567835003572224
264456209279631360
266207677418450944
267660679417323520
