12541157924
11839481893
11902396389
12164311531
12593625905
11868503530
12960848947
12658807846
12294535048
12373127484
12449220425
12567166447
11449351967
12594124737
12364297287
11658991784
13010619847
12604246467
12720225290
12455211328
12471860020
12533404815
12403771991
12638541131
12454668966
12544189275
11443186970
12900219832
12286501341
12375378861
12716359991
12662230277
11658995025
12189428820
12471257884
12227569250
12506069540
12373065999
11761031690
11604435531
12387750704
12391427117
13069968149
11659001142
12842049456
12806149146
12659707227
12471883468
12168742575
11517842454
12471875896
12453571252
11499114092
12737372473
12656663692
11486122435
12375116286
11551705623
12373067511
12636567457
13085323017
11443187555
12450503489
12352378676
12382171145
12974975616
12339869179
12373344098
11930516455
12374909535
11443181240
12533057037
11784947871
12026208109
12648892385
12471897481
12124072236
12660139376
12533247010
12659286879
11551701549
12779607284
11445455409
12693955099
12254333589
12900218613
12060613077
11499116675
12211722538
11784953133
11914463466
13018502054
13085324864
11917521077
11839481459
12158630523
12065228433
11839480438
12502164389
12593626801
12000889448
12178477701
11551699407
12120889196
12931201266
11839476809
11717013898
12642057013
13006018765
12948198353
12452468934
12779599171
12659218681
12471880312
12413604123
12720217975
12617930023
12366566586
12450378200
12471866853
13023813392
11486310218
12887542058
12960865732
12178839484
11493601622
11551701913
12762115571
12319397879
11604441894
12471896274
11839482470
12838400563
12373372031
11594866397
11983608599
12960882035
13119313031
11877288836
11608614378
12638092969
12684893035
11604437117
12298577114
13085336494
12378747184
12448830063
12593624005
11867748821
13075448492
12523696462
12028638492
13023823695
11784934797
11717034588
12373213675
12533245804
12893001891
11551699906
11789467033
12420131141
12960878221
12662247424
11443175658
12838399694
12252029063
12593626355
12779608949
12838401088
13146365814
12413600371
12981366501
11486278487
13085322462
12448183606
13023808772
12520223601
12059173554
12413596848
11784949754
11717014585
11443187963
12972008205
12720227111
12447694491
12381869096
12455228458
11443177009
12387853572
12545255575
11713867693
11717010927
12265257825
12855370262
12720226527
11604436773
11443181879
12373282292
12900229000
11868460311
12779600714
12960885210
12532793647
12383488467
11604438517
11926800018
11839476043
12377543295
11806497047
12182019352
12288323925
12593615961
12568628776
11717024231
11738030285
12286886563
13023825933
12413599510
11809928891
12142798209
11736204206
12225060724
12461525032
13023828820
12887760130
12411960308
12392323367
13146351755
12420155063
12533243963
11794360911
12290420875
11658994088
11517844928
12373311004
12971831759
11551702252
12294771198
12452997249
12652550929
12251839842
11924299685
12720225809
12113776851
11658993574
11499113085
11839480874
12193657280
12645459792
12800928641
12900227307
13023824868
12659784000
12639437247
11659000603
11808775069
12656662256
13085335409
12529844727
11922997832
12413604957
12838390176
12413604511
12649541378
12656666871
11923101071
13085335923
11486128625
12850874524
11757953108
13069430011
11739505502
12533248455
12398130205
11846857972
12659821485
11949137722
12613359633
12636041393
12333222791
12042014263
12720223088
12604852389
11604439627
12792709888
13023826829
13091119510
12411686132
11785031590
12884023836
11761144496
12636649680
12960868340
12656651102
12429566084
12900228339
12442940412
11784934090
12720224674
12838399268
11784940304
11551705258
12656655514
12352419827
12411047467
12358200995
12656652574
12651867377
11871863760
12413598664
12593625511
12373854380
12636199316
12675855706
12658835087
12436127572
12113454289
12253000819
12126670901
12097777655
12779600203
11499117551
12318385979
12646983267
12253003152
12143874526
12114070459
12720223699
13004682744
12614798013
12395192485
11604442291
11499111614
12737462751
12533254232
12387860480
11784937394
12394846666
12460995624
12012817664
11818744029
12114120113
12471898720
11604439177
12184904832
11605670808
11589258701
12960865292
12838391798
11881751187
12373066799
11637888831
12254787039
12656662845
11659000040
12570023017
12173325007
12392957357
13146359686
11443178305
12973498645
13119264005
11604438769
12656651489
12630694054
12660092963
11921319935
12642785790
12747389746
13011255570
12838400030
12960849331
11499117178
11499118025
12533247553
12286569945
11443179352
11717032653
12779608302
12900219053
12593614936
12838395135
13013607963
12720218396
12656665090
12275815677
12517419873
12042088761
13023809493
11784950215
12779607913
12177401667
13146366782
12391210154
12116670106
12319483323
12764937780
12708019912
12041190681
12446028917
12152624475
11948675964
12319268106
12779609443
12358873824
11839469463
11725417685
12960870900
12373065402
12159495180
12659569098
12392547871
12900230435
12343142638
13023828035
11499113546
13146354082
12533243531
11551704839
12453637103
12636041475
13146367360
11808195013
13107995400
11442749402
11908498837
12252361766
12179125254
12659099242
11717033645
12778645781
11717035293
12373616988
12533256119
12386023071
13146353281
13077624199
11499118477
12398502329
13146366198
12593624454
12737774382
13000099004
11729439383
11867553619
11658995460
12402840429
12393842310
12471900078
11551702816
11502030869
12209013018
12413598276
13085325376
12509974090
12779598775
12533244534
12664008809
12373066468
12406713419
12900217636
12181735515
12522957011
