1252770666
1206061137
1263460417
1258286990
1168068784
1198281624
1194515995
1201930283
1240843294
1214530762
1173148803
1250719749
1244966703
1248414597
1207466763
1255325158
1248007099
1206084721
1208579891
1206086774
1169230980
1205520919
1195916462
1252810223
1195141555
1227952537
1252824881
1191897779
1207570944
1205644218
1253261744
1208485665
1170793484
1198312955
1209432846
1195067568
1262394738
1207545281
1207023301
1189077806
1205676179
1249195692
1195085555
1206033824
1206135597
1252994466
1189111882
1176677236
