6211908847
5417565633
6061250299
6037022571
5594104259
6212397226
6045395108
6197875836
5987339924
6197874624
5950291628
5377291362
5455963593
5425306246
5654790576
5578591125
6210853487
5758802072
6209661114
5683480125
6039708341
6208713401
5377698533
6197875914
5466685867
5395478931
5386930338
5867727229
5569771923
5704120772
6207901414
5398223327
5502108669
5393741037
5458118279
5618503944
6207996835
5943695962
6063347733
6205856395
6019803119
5510318607
6207791311
5418905112
5632099176
5524091296
5405708728
5457494783
6209686265
6045703241
5381071999
5708633309
5418839217
6109497536
5725548195
5432928450
5398098300
6049508637
5653780107
5425813622
5752445171
5393803682
5650821041
5630128817
5498511223
5660185727
6197922977
5420547944
5388377763
5834582435
5659117151
5799822443
5429727105
5391268085
5393958743
6209670343
6160242171
5486075682
5394675904
5660169851
5849764767
5646578306
6158092937
5980676333
5337671270
5394025329
6207684282
5475011086
5595450110
6151183967
5422742744
5707728511
5377535721
6163917334
5591810392
5592255101
5865041932
5663357158
5425659924
5818595514
5816035300
5593761960
5344920522
6205419388
6207494840
5896182214
5977987711
5402613643
6113544208
5479266027
5383499177
5601647261
5337249502
6175854182
5634098637
5593571990
5766700388
6036597307
5421758356
5775283350
5419426587
5391866410
6208069524
5513864264
5384565108
6206384111
5655215038
5394040342
5655367398
6207467709
5873111711
5902595741
5999338815
6157657197
5586540981
5361610241
6207976544
5825835961
5758107605
5380857247
6208646765
5602678827
5874272931
6204589458
5425434397
5474088518
5740314226
5375600641
5445579111
5454254520
5397662588
6209787676
6207387814
5363008710
6058555169
6011994967
5377828608
5396823712
6002295286
5816010493
5388405501
5381352504
5546175123
5343363232
5422524443
5426203476
5618062793
5653883888
5417381168
5389598192
5412006353
6208749142
5381480220
5425212575
6207496059
6182809318
5660903904
6210037225
5398239947
5943946034
6207807334
6209787926
5799752428
5452462329
5419517633
5416463750
6215651627
5673087851
5419539208
5707494004
5756207286
5816827936
5659417886
5482073540
5474840668
5777721028
5386580762
6011795937
6054856554
5816096934
6002249646
5646282473
5426620305
5836164441
5445613314
5500606045
5596899272
5435049629
6002177343
5506084833
5390162484
5840696369
5472055522
5600678921
5427807906
5704565815
5709399103
5390920114
5775000128
5868314788
5378318740
6211564712
5660362541
6207696685
6041360986
5799258389
6103589122
6103605512
5596586835
6207768141
5397603032
5394946224
5378048985
6208749193
5632351174
5890622879
5392494660
6058517436
5417182368
5804957291
5779955642
5378406979
5474479208
5832448184
6019766463
5591468575
5388376482
5377953333
5448137605
5527476297
5874646932
5421629978
5596563322
6112364465
5427931244
6207722491
6166048068
5980676155
5874247143
5574265150
5863461205
5586111795
6177003232
5481249073
5659092159
5377656378
5730050952
5699754043
5777583665
5980364968
5787428241
6004208574
5890622503
5529181720
5432501827
5378484777
5707501598
6208268198
5353892819
5446442679
6208117294
5390717460
5800494129
5682769314
5469346351
5385716441
5484994218
5589666501
5377931962
5387729723
5776189373
6198036819
5378168590
5393354324
5389211929
5592040813
6198410332
5380926645
5619300511
5874228295
5385404768
5424012856
5632947805
6215684366
5702798515
5355566217
5951216455
5394382014
5378233115
5685411897
5416440090
5411004942
6201794319
5418420516
5676783855
5421204290
5388470377
6211852051
6207757787
5979736411
5697261022
5388502430
5447321805
6207454394
5389752729
5632257788
5599560862
6208561020
5378428089
6207705231
6198223440
5651355186
5386901139
6211124881
5432538499
5377924112
5776289297
6198325364
6166413844
5966685989
6214705912
5849816135
6207858478
5448188244
5834500163
5874570812
5513262343
5418405577
6208099547
6210844507
5398197099
5684666218
5402358341
5381106007
5669492819
5425792357
5702693057
5789142751
5980461736
6209601286
5875149060
5448086738
5669142042
5591494380
5391220763
6197875840
6212396596
6199643268
5433127816
5935383939
6089721585
5394565455
5387106570
6201824997
6163931073
5979740942
6210988420
6205016601
5651827777
6045665197
5401348536
5411252884
5462256865
5750875831
5540540025
5389863692
5378997933
5378241044
6207865097
5670728569
5377320012
5387829939
5408825763
5389883202
5389450652
5418040489
6197875849
5422924219
6209914073
6199643547
6181672618
6197722169
5669517088
6021293082
