2101076851
2102252255
2253768909
2166474932
2165061982
2175790655
2015225600
2386903787
2168338110
2358601705
2389504228
2028172758
1994900597
2394473730
2107041891
2382640418
2387002397
2035204507
1994838043
2375615761
2106559723
2081753535
2088648130
2106873060
2101052495
2370009176
2076815649
2041558454
2371666332
2103632593
2165114172
2102000106
2104839183
2103632991
2347096198
2402739418
2274235121
2165138265
2107033359
2363649717
1995152049
2102558072
2101946074
2168430203
2164952803
2104615875
2274257537
2122926400
2134294586
2104080243
2108458274
2029310677
2113862339
2309314648
2101070412
2100597315
2033128862
2113189000
2117718544
2101146847
2178462723
2105144990
2238809614
2001622397
2398480656
2073920933
2385189505
2194061999
2332184486
2104201593
2324171727
2405405115
2041057360
2114161245
2171146434
2219561261
2178512216
2115684286
2291513564
2256561106
2190378167
2105504271
2104759060
2103799655
2228478357
2131985989
2358381335
2114240584
2103666622
2102638593
2116631448
2101125861
2102905953
2112415156
2101109045
2101580861
2001415458
2066797214
2197745255
2165694239
2378731877
2077658308
1991131170
2007971111
2037269867
2101438278
2115128610
2273591687
2108847629
2103429605
2101413215
2085348627
2103095773
2205961556
2052784895
2324180732
2107154585
2386982776
2165895705
2393212915
2341676549
2356478993
2041586756
2370722113
2013368084
2309696051
2176065189
2179008864
2367520824
2385756558
2106876533
2088636378
2041540980
2324279834
2154056606
2182327186
2369073471
2363556264
2158536962
2112935853
2108477830
2324279704
2296878659
2109009596
2033137259
2364116076
2096926668
2364120195
2152940725
2190318553
2103584846
2028273129
2088706014
2331542885
2028446685
2088703291
2178544259
2041575464
2107330690
2114331783
2358435394
2122561856
2131586108
2117104568
2175544253
2370150447
2020239761
2123628713
2197038654
2181630112
2259492239
2101360356
2387172029
2181760170
2341808245
2112227577
2040697667
2100019033
2331192187
2106665883
2040761587
2102806642
2363584174
2343176007
2357199446
2165042162
2105743081
2381325143
2101710702
2165825863
2026616654
2190088629
2184623755
2342151479
2049117146
1990060014
2102231989
2398492905
2108726679
2108464736
2076764835
2106336910
2170261977
2102442553
2028440577
2104115110
2102542934
1990152937
2111604009
2152129472
2109459186
2041373973
2102927101
2001102049
2266211410
2036673963
2314593674
2104324217
2131433490
2104620701
2138025089
2079226207
2101362342
2309975767
2389492343
2108331480
2203143963
2100963869
2101714833
2116493586
2101657101
2104886935
2110474289
2382838891
2178227716
2104870636
2035793075
2191364530
2228814417
2365745532
2189402700
2053270629
2364251683
2101841791
2207619495
2363611796
2309478263
2100589539
2259179247
2400556253
2128110141
2331288264
2101150246
2220944874
2103721492
2104494382
2102713060
2344661612
2382589461
2158415174
2101290764
2106529660
2390117414
2177447787
2076967593
2323829304
2167645958
2405699085
2174441689
2102017674
2165117924
2101019306
2402576530
2027392481
2101078771
2387790107
2331003444
2055465809
2330137730
2042915551
2309330763
2341202399
2033733627
2103087185
2383758982
2366911037
2357301552
2104024218
2101481608
2102708153
2228857123
2106875938
2229004828
2101503379
2101402462
2165118330
2111228748
2129969462
2113841475
2107160916
2156228718
2346430809
2036563717
2169756648
2329404398
2088550606
2033963119
2010435479
2055463094
2192550881
2113265501
2080617399
2341047358
2192501242
2165052350
2117579535
2102985392
2102314271
2341987094
2131675963
2201544142
2079147512
2195183366
2395097876
2063510419
2169303195
2399300563
2251917299
2342638970
2179011240
2074386853
2040981030
2177816293
2101087108
2101113343
2394829778
2017985371
2081036421
2109105699
2208924404
2041360296
2001894799
2193823111
2185870043
2102688237
2027618704
2265297392
2198362343
2387446753
2164905293
2372274686
2053966411
2101000316
2100647876
2165341528
2311947806
2052581821
2165085676
2105612315
2036646882
2017887147
2341986994
2364071318
1990753495
2101616490
2192150938
2165071365
2285757390
2051565487
2103036204
2063022554
2265309038
2027299253
2114331937
1991638381
2074389387
2107515355
2165246473
2165252027
2178548744
2177550011
2190828901
2402643351
2401174383
2105017601
2107482714
2101554813
2101919512
2107879949
2108995205
2178947577
2102821435
2165552957
2106873261
2345220398
2168044093
2181744069
2390360745
2341847615
2112754177
2052899851
2103525298
2274244179
2195253050
2102958805
2102110278
2170611771
2105916732
2088708267
2102963003
2351641610
2105400257
2341808082
2113346760
2089135358
2053966419
2336734975
2016038839
2118249197
2383573305
2057877453
2183000493
2069888808
2165751981
1990717100
2059772900
2119606547
2233762639
2383617035
2105479718
2273489526
2178229054
2101053518
2007864858
2165431451
2183002301
2128406098
2183617611
2103766705
2104633906
2370805647
2105529026
2108786322
2040683782
1990793550
2101239509
2080596300
2116586754
2102600076
2405770411
2310268831
2042548723
2165966231
2001101056
2028211075
2103723158
2057299651
2165364294
2165125482
2363891615
2106525842
2391262493
2046423041
2001849660
2088730091
2342151414
2101413345
2165225121
2110678612
2105628512
2112161711
2311445723
2371333025
2178530171
2129020949
2032778759
2106655349
2311669996
2102751390
2102678297
2111627077
2349537543
2165994843
2394473720
2106953684
2153574346
2189867345
2101039023
2040732282
2221454491
2309327252
2050761949
2101433839
2101498650
2112227798
2108266639
2053251109
2029011350
2028850020
2158346689
2346013511
2102707593
2103025004
2130613389
2053050979
2328409419
2110753139
2349835448
2102308198
2127368503
2101315236
2178821188
2182954196
2004808954
2119453765
2180168003
2109642888
2342134167
2103250908
2000586409
2289153075
2102643821
2032746802
2101875119
2107667745
1991880892
2101553025
2103894723
2178371197
2102030706
2101410699
2040882960
2165041309
2206471556
2189963344
2107435470
2102336498
2190448392
2079416314
2101682639
2111565547
2000286284
2309044654
2102983655
2340922462
2101476620
2105984990
2278228279
2135457497
