174165139770195968
172904994159329280
169769980185935872
174187544433528834
169914033766543361
170430259467001856
170224785450741760
169472255221432320
172876250174599168
173198560228159489
169913688944422912
169755367625076737
167385075242123266
172450352271077378
174843032716312577
174554952587427840
172448747400347648
171014649653886977
174447723267899393
170891005380411392
174035714512650241
172928998412791808
170393490046455808
165255173529280513
172479832255512577
172796675994292224
172794849823694848
169548467151183873
166923481571794945
173089583431565313
174035715477348352
172885976157405187
174109716811743232
166880460855721984
174366357113155584
174086015944892416
169757840880304128
172454465796964352
173019813709484032
172503865772621824
169499078579855360
169855233063784448
172531975519866880
174188224560902144
174052099141795840
174014547504533506
173041232275185665
173754546848407552
168636908895866881
174150915778031616
174750244192518144
169715614015963137
174122881679228928
171677015370514432
170265583416377344
174037079511142400
172832866353426433
174194467170033665
169815768521916417
167144366505328640
174703504714248192
173988296840589315
173859303680262144
169512319087423488
174304047262744576
169662364449390592
167355472372957184
174935637219225600
172277125745872896
174909299062095872
171274485222219776
168377198393307137
174440040934543360
172380550735216642
173012144932143105
172828196230795265
173042109467738114
172622374959722496
172827909206188032
170620378950021121
173920482880520193
169467363475988481
171966600843497474
173094302111637505
174098273366310912
169816338443935744
173053328207515649
169729208950587393
174905265634807808
165256617259057152
174322401872576513
169802026300080128
169513938474647552
172474331279015938
174343528380506112
174174417671290880
169756265319374848
174844346795958274
174033924241108992
173053418443767808
173618494968037376
169760174301659136
172691753168683008
173137709118922753
171271085952737281
174196335136882689
170481550331363328
174399535450308608
173150303347163136
165608756430901249
169135032944959488
174412148993302530
173070203440218112
172799548949938176
174325504025956352
170146674143019010
167359280738086912
169459501739679744
172906610434387970
174618643425013760
169806569368850432
169586738673623041
172799709495304192
169555042599305216
174330164283580417
169477424491409409
172198742219431936
173074776573755392
174187957413097472
174189859584475136
169741779690721282
172463096596660225
168052927473258496
174229353457135617
174186882735947776
166264603146330112
173163377730916353
174917815063674880
174165130064564224
174048214415187969
169728831408713728
172693226556362755
169769190520135680
172856822670168064
172803899944738816
169864906642964480
174736401189961728
173411941426008064
166829040810991616
167726096014520320
171378211916226561
164711781116293121
173686154133118976
170189532619210752
173056323846537216
169763246679654400
172791300272291840
174591211854770176
172463615255908353
172824661795684352
172701552165928960
174190029176971265
165752089790779392
169754748810043393
172450653229158403
169764234371141634
174461466844463104
174199222936141824
169541131149910016
174051323443023872
171762546544611328
172949117734096896
165251037341548544
169475164411666432
171151703557681152
173123766442926080
172883831844646912
170318610387042304
174411686755835904
169795911021641729
174032605811974144
172796070403899392
174742074409750530
172814392818286594
174445749373911040
173856774275874816
169614968977768448
172451689427775488
169476038605279232
172253908817805312
174218064542433280
173099570493014017
169535591686471681
174520381607116801
174394761195696128
173118999012442112
172772728523337728
174324313728618496
174165089753116673
172472452289540096
172815231943323648
172026244236443648
172819182545682432
172795506060300288
173161654471757826
173716551852236800
174383331167838210
166597654686609409
172980378108297216
172775859260891137
174333733359456256
174338920836898816
172898229686513664
174325505791754240
172793632364052481
169927834230456320
169769656142413824
173104934085070848
173046935098363904
173265202949795840
172970637940367361
169823152766070785
173832028695957504
172450513613357058
173012284996714496
165908066108309504
172596117874286593
174018122179805185
172448747291279360
173014039906095104
174194375440605184
172907176279543808
169586745942347777
174193033682759680
167355584293781504
174447164083290112
170581724990947329
172449115219828739
172810706322849795
172973432659640320
166550851433934850
170503999047467008
173124719334264833
169303568229220352
172799329432633345
170211589251809281
165696915873341440
169551975527100416
171146413143638016
172137301718204416
172443283463733248
172450581032607745
165102252925784066
173136680423927808
173075678663688192
166280317710254081
169459384487919619
173263860038504448
174336081943207938
172765804939583488
172987626326999041
169732654118342656
167364313156304896
166161844510273536
167365218551336960
172741223856091136
171735288568221696
167272708835508224
169020052442595328
173056230896578561
169729942710517761
173444441141551104
172470072479191040
173001521187930112
174049126575636480
173965882932998146
172814115222470657
174928965641846784
174427323511218176
172569724989865984
169798819784036352
169770147232493569
174142213327040512
174855459667316737
172811171378892801
174067041538551808
174034047008382976
172693608246419456
169514446446788608
173026264603561984
172826128413761536
169759173096124416
174289235816349697
173822681769197568
167725696158932997
173085204926308352
172926501044498432
172841347450019840
174046986352345088
173130271405768704
172929377502367744
172828336001781760
172789929443733504
172938328306483200
166475689690800128
174033540613292032
172868791762563073
172174302584647680
172791142230929408
172798330437513216
172828428272279552
174118620727750657
172847702202257408
174200301396557826
172079639253098499
173120063589720064
169473780677222400
172698541242859521
172481360521478144
172506352416071680
173921463110352897
174033291333218305
171907105526263808
172904923665674240
173028944688332800
174303842480046080
172792039715504129
174250621623476224
174326543055720448
172810848048394241
173723629526319104
172844894098948096
174255612132196352
171965285232947200
172788800764911616
166606521529143297
169826058550525952
172504099399544833
174702560937115648
164830551633702915
172816377776840705
172449405310476288
172310830820499456
174898838228840448
169786299811758081
166906681039659008
172763953808683008
170021946107498496
170015656291479552
169478894540435456
173041701273866240
174328912879435778
174614930782298113
174017371676217344
172165701308653568
172929747523866624
172797713174380544
172789922598629376
169486262116433920
173725732202233857
172871211427176449
173127533590622208
174126121858768896
169480436765040640
174012451644375040
173784508942913536
170465581387100160
172700989479075841
174328418580705280
172465486636908544
173302130680143872
173633413583089664
174123083161010176
172738730363330560
171292266713976832
172273263198736384
169464673962442753
174709318610980864
167352323314683905
167997053912358915
170859790958985216
166056448692977664
166342100974174208
169762981746446337
167673880381628416
173104473625989120
174019350435610625
171596644217929729
173127403747549184
173716619493773313
172826155244724224
169513427327389696
172852027183988736
173065992287698944
169914621615017984
173833050197733376
165250639939645441
174324850108809218
174207829618597888
169710725596585984
165608682913136640
172481781528936448
164884642409881602
172724467783565312
174661047117037568
169458815685771264
174279556369354752
173320923112411136
173003022899740672
172789383756390401
174394833144782848
174139221316091904
174190800232648705
173025641506148353
171231464191574017
174200157578080257
172499614736465920
173275694837665792
174080160851705856
173828728537882624
172532490244861952
164735019737284609
174061034217279489
173036072169766912
169598406375907330
172799535729479680
170224392880664576
172692797764280320
174322477713989632
169777265226420225
172790505510412289
169629546428116992
172788519717179392
172873465047678976
174324369999409152
174182952945725440
173083266583240704
172440068118687745
169555043698225152
169475163702820864
174390097553260544
173388420322836480
170462289244323840
173119337778003968
174330831559602176
166676628620058624
169521469494263808
167037235345104899
174383331163648000
174155492472532993
165503968833835008
172841317737566209
174667741108772864
169605656976965632
174226799742562305
173221979208429569
173040787922227202
173125682845585408
173046328786550787
169785466906882051
172795759098466304
164727804020264961
167542568232558592
172484045211574272
172622381179879424
174569255797395456
173101041997463552
170883360619642880
174348004751454208
174184047411593217
174230069445795840
174383332656820226
165253628490293249
172579711397003264
172447776003719168
172790226677268482
169752845044822017
173783995996307457
165965007765520384
174182428708052993
172793773028421632
172815078591168512
172850522771046400
173965737147383808
172023394513063936
173038291560570880
169560839710445568
173535414219571202
170146674428231680
174204173389275136
174049109567746048
174164715281461250
174323282219241473
173062533643649025
174406262753206272
173716115220992000
171236863863029760
174393309018595328
174048697477378049
172493594786144257
169475171810414592
169908738558402560
169854774521499649
172072971756769282
173191372315172865
174282217378414592
171993378916016129
173101235770109953
170495227746975744
174191221328191488
164862940917415936
174150649016098817
170110830346633217
174193215971401728
174049117595631616
169892595378556928
174471381432545281
172803444963422208
167429950268375040
167389637222989825
172462781784784896
172867451346894849
172745937314258944
174747508461940736
172741402474713089
170627455911084032
164720552475496448
173442083946905601
173075533960200192
173441735370874880
171763006957559808
171714951315062784
172580880290824192
174289775904296962
169774473770315776
172499447023026176
172446228586569729
169730301155749888
169589191074791425
172770017790799872
173121861599764480
174017577922723840
169018702476480512
172765440366485505
172484046331461632
170479273004642304
173280649657065472
165817363227357184
169685774193799168
169548460285104129
174329756211355650
167425380494475264
169474398225571840
174229419819417600
164718580150181889
172798004426850304
172800161796468737
173714153700196353
172790005440327682
169886634224005120
170616780740501504
173440636173811713
173162740146384896
172765961865265154
172831381242654720
172590090932064256
170520581165428737
170185718759571457
167649450616041472
172458604765519872
172928359058247680
170874839324823552
173816057197371392
174171991841050624
170187270589132803
172442609275502592
169511524732383232
170036179192905728
169514262572711938
174717572053336065
172797649169285120
174224712065495040
167439477508276224
173073610649505792
173695162474704896
173127761412624385
172448603242110977
173047459243757568
174173205735542784
172484044586614785
174187838336811009
174214069119762432
168387243361308672
174218598993248257
174534353202839554
174198878780919808
172824492433874944
172479554634522624
174342131299786752
172790224651431936
174035717800996864
172823354749882368
174412147839868928
173695578314776576
174133562537291776
170019793452277762
169801471397855232
174547026862804995
174331712103391232
172796776376565761
172446303979188224
169649240816103424
165258538535485440
172820441130467329
174394834637963264
167709094445195265
174174324574527488
172503560616034306
171482291841933313
170665982271045632
174045127092871168
174287106703757312
173086153338126336
169632042089332738
169886603613974529
173219900607827969
165472304728518656
167357385965441024
172457918862598145
173684578538627072
172952338754056192
164867556811874304
173426463360565249
169470612060897280
174195340298297344
174143298041155584
173047566164963328
174703857719451648
173135392193789952
173115240400162816
165432063284101121
172854274072653824
174992145126658049
169524844701024256
174720864506490880
172825591928725504
174329832774184961
169775016605528064
172788395003756546
174147203735109633
173105015710425091
174144316095205377
172531537928142849
173510361843105793
172790445624139776
172859768908681216
173499040766492672
172782271613517824
174212277682188288
173008677605867520
169464196130541569
171843440219406336
174021599945703424
172628502313582592
167360849407770624
172458463992086528
172789944639700992
174033291576487936
172484046964793344
167997708064391169
172226248175665153
173594240239140865
174121681604984832
172980545079345152
173003370636910592
169481987344711681
169743647594643458
173117994938007553
172447237950025728
174039096585486337
169662364063514624
171686355657703424
168051122244825089
169478146884775938
172454341129682945
169780762952998913
167671898522660865
174383621325594625
172997000990691328
172442372830019584
172794899761082369
173294672830152704
174233539888422913
174229542939009024
172757091289808897
174230156771196928
173799729128411138
173593713648484354
172566154261438464
174079957440540672
173441505560760320
167664610848157697
169748177241640961
174412671968477184
171305000226652160
168641238067716096
172798243284074497
169759272249475073
172116870680412160
174014665985245184
166793680139726848
174473756385873920
174710521143099392
170520559078227968
174048214360666112
173024181666066434
167356664415137793
174372000603705344
172996093603356672
170250680748097536
174212266911207424
167352092405661696
167303257415360512
171270913474560001
170444320866967552
172478166349262849
172836807036252160
174322548522225665
172806997941555200
169555051495428098
169482799584264192
173139188055670784
172063123522596864
173060243373309953
172813396239073280
172459793062166528
172040200262918145
174746666849681410
172446919883374593
173052379632111617
169586740426838016
173043920803078144
174550687303208961
169581475669352448
174383331893460992
173171316663390210
174011757365428224
166473977395544065
174599961483280385
173256047249735680
