15872716502
17061009780
17314964282
16846257689
16954630995
16481123467
16801306098
17038309974
15345664769
15575473935
15727144461
15742766369
17357644861
15570553192
15198456391
16754631730
17038409622
16101648178
16891243945
17316378447
15807043925
17329086060
16892087511
16728007638
15198456963
16412116765
15565031444
17428312971
16896298033
16896242881
16760095759
16255258792
16374371496
16802133115
17025505058
15195887345
15823218724
16521385355
17291985769
16931036884
16402804585
16396311790
17188792014
16524571895
16037976712
17188790357
17394123488
16039600164
15162010507
16962172193
16755802695
15759722896
16291683616
16598272498
16872790516
15988545538
16374577555
16905740079
15727141704
16464687803
15153896567
16248415765
16922528753
15437642442
15437738926
15346683702
15272150450
15154166312
17306717573
16871800989
16248428601
16918663119
15437643460
16609100500
15732550248
16760061590
16892043713
16927774601
15190000437
15604091528
16313479518
15272152856
17038145993
15872867353
16375286214
16092518780
16861617636
15272150322
16871833505
16755949573
15506973466
16891952360
16020127175
16638792954
17162686243
16886704143
16716058094
15794919309
15767599999
15575480297
16270964723
17307212218
17314345094
16891141432
15735206428
15748905529
16846237288
16804660790
16969685221
17066873954
15748661368
16566946138
15731803143
15435265556
16402805520
16891737341
16861638671
15341373690
16754611458
15437639208
16278772946
17310777240
17038307659
16716044958
15272150893
15765489639
15746063907
16828789118
15434513574
16745586916
16911876732
15309771268
15506967786
16412107678
16313642793
15306117828
16210820803
16689044668
15429677559
16329555293
15733239544
17038316597
16759882922
17317951020
16872987652
16092505536
17188824648
15575469335
15918654344
15724970793
15188961495
16620392871
17066912072
16816230757
16892881200
16492810963
16828818944
16828662709
16716047727
15727150480
15443593751
15880809868
15575478470
15872700252
16891986647
15733170840
16415637033
15730473023
16608988544
16816236643
15198453384
17325351843
16216224701
15651059890
16716046750
16835714243
16412108756
15346679000
16872800108
16566946580
16716058750
16922889702
17416951350
15732082832
16760020408
16412109710
16315036630
15437644063
16937005364
17310840999
16248429290
15197346027
17038306861
17307027365
15607832188
15781493238
15825410680
17162639104
15651059012
17357630865
15575479715
16374210821
17039692275
16869660455
15197234334
17289392995
17036579735
15195249987
16700202859
15819490574
15732852150
16026971464
16566943230
15872713778
15575479262
16569862612
17041752601
17188801000
16248417777
16816223365
16335689380
17357665655
15346684757
16760086925
17082737993
16314927346
17309605158
16716044483
16107384456
15727142410
16755702038
16381664319
17213356506
16861539050
15742661761
16349058845
16176841386
15872699542
17414460530
15381861418
16036180887
15778583981
16608992043
16631092238
15206332238
15872708401
17357684249
15190262334
16610600119
17392718150
17314864566
17038405205
17396479754
15732737138
16828784902
16344113939
15190644704
17427055355
15468178686
15994891628
16846369886
16871405795
16716050530
17135224754
16894649448
16892498099
17036888512
15162071492
17357627653
16891087928
16741416488
15506970049
16624482821
16873459120
17121286715
15195887917
16754613275
16523570769
17313349194
15731168248
15350803176
15188965704
16566941929
17376206826
16887081052
16248426458
15651057967
15765491266
17082793813
15651063393
17317970821
16566943554
16892777320
15651064125
16313677558
16891301535
16803425700
16390972541
16887824196
16828683517
15437638484
15346684291
16170776765
15346683222
16092517864
15437637789
16092508339
16412117251
16638048934
16419350094
16464713655
16463162623
17038315407
15190872332
16487764505
17318013058
16754631258
15506968002
15785039947
16460228794
15506970542
16566945653
15272151432
17188822843
15337693562
15945956862
15198458024
16375241503
15383393243
16755952367
15765573578
16802917367
15436929741
16092506689
16211920397
15272150758
15198452851
15651055452
16849199198
16485303965
16374580295
15731860184
15398802914
15198453976
16008882407
15651054997
16870553192
15731526297
16859990998
16608992025
15191271885
15628440552
16891050048
15814207575
15938784142
15787525245
15844162166
15341660971
17310306687
15733074533
16805980704
16897605373
16326104898
15194055433
16287202756
15346678145
16871961953
17357646152
15438154534
17065833450
17416227637
16891819574
16566941471
16637386675
15872911781
16323384038
16299416047
17415325786
15506968354
15888614630
17322339202
17422525969
17396961801
15506968124
15764238520
16891554654
15521797471
16872992590
16578774725
15198449766
15272149103
16913436881
16608992497
15964608309
15815980473
16793882750
15190764613
17381076995
16633859813
16567754550
15872715552
17112730958
16866709282
17066778672
16412069402
17038308266
16382079955
16816245351
16402419857
17306935741
15346677580
16578743684
15617297033
15747502771
16253053293
16412117812
16840209948
17072548274
16829779370
16216079525
15305833683
17188804980
16383771449
16325435184
15198457556
16638880999
16523812539
15959913625
15736393008
16092507252
15575469793
15428668378
15272156100
15872714716
17416709293
17314964285
15305892026
16374387796
15727149937
15785149633
16905307253
15506969654
15819402777
16806334531
16628206572
17417118156
15437633745
15727142540
16893164694
16734580496
16844951044
17274133468
16760102638
15651054196
15437642958
16248427911
16733114546
15575470239
17117347580
17346606319
16759763186
15730677436
17315558151
16844423639
16248427113
15724849229
15195887214
15511967699
15273329300
16092516885
15727143646
16531641507
17188791550
16907194639
16886045630
16523813260
17357626435
16830749240
17423155536
16753339717
15189735130
17436489027
15697175135
17036479044
16840122427
15171538098
15762750221
