4809664654
5261070077
4961886310
5176012646
4812127765
5179818120
4562051452
4993566865
5319255905
4852102045
5200299777
5102456154
5150818919
4885702553
5075860857
4897413695
4891977554
5171309445
4999203435
4882884463
5199613215
5136854732
5199690353
4766045322
4914812473
5166614433
5235520144
5127188242
4987757170
5066662363
4995339218
5155847988
5001132587
4657556304
4879709947
5065810500
4897456070
5201752537
4734261758
4527919920
4708928244
5112629108
5155888094
5001089263
4708845235
4578003593
4568861744
5199623032
5178073150
5101700149
4900891608
4678821923
4891685286
4897215500
4887151280
5065812588
5226042802
4897898255
4966450999
5297044320
4981525843
4813317896
5179260639
4887983507
4849041935
5007872299
5064484569
5319641509
5144131568
5066770668
4991287239
5176462713
4896464081
4887228053
4957961068
4886961008
5144543826
4891691347
5011564467
4922040483
5210250205
4889773084
5038387330
5144093209
5218307038
4719100559
4897059398
5150848539
4964841253
4925394135
4746710358
5223300706
4963581632
5144220572
4677521732
4766791598
4995773444
5064746792
5231904401
5002982148
4958711985
4886033862
5309952022
5210940951
5042631596
4999657915
4535277720
5065999685
5161664256
5282384930
5203972445
5102862961
5194224147
5162768073
5067328615
4993014471
4884872881
4889656345
4993001003
4891020195
4967781089
5145995994
5094879965
5199770381
4886282584
4887762265
5065124263
5172367622
4888550812
4633039773
5077470416
5027205341
5191978021
5067292271
5015975491
5102556533
4777925024
5065011755
5081934635
4953599186
4927004362
5201902632
5177025106
4728921648
4684496976
5001146930
5181884195
5064538584
4942321371
5089401375
5103418085
4923277830
4808328950
4969239285
4969239202
5212382464
4747386226
4603809295
4896412089
4701795765
5100907097
4992673727
5142287942
4907911403
5192682137
5092028895
5293458717
4897337762
5068608171
4907779869
4887840627
5008997369
4869378856
5102320626
5108772843
5021447624
5191940503
4997431213
5107833570
4890860799
5065488103
4730086276
4969304837
4885817690
5179208066
5016445021
5205003052
4904389863
5064852471
4896151723
4970635862
4907887413
5065733464
5263452205
5002793443
4962586228
4726566188
4979038682
4976486737
4886837934
4911065517
5158224198
5142362822
5206758217
4896993060
4896119212
4959649020
5071760869
5288025917
4887007298
5065463357
4743336447
4858940574
4969552334
4543990833
5008865924
4891805097
4886850968
5199573108
5020876167
5071683207
5229460208
5112498142
5203945679
4693329120
4896790328
4730061986
4706201259
5284242381
4914050632
5192197960
4994796101
4900748844
4922041271
5102880063
4661804987
5036580373
4854376702
5096392983
4969239119
5088398439
4909461974
4732962154
4907360631
4995738948
5114682879
4984344559
5023587542
5006785594
5145938758
5150499383
4914020743
4799874836
5223321681
5002956275
4888009656
5000345604
4899651376
5017579205
5180745857
4897934690
5225649835
5071776164
4887163462
4700445901
5014636013
5285007134
5023231075
5066475253
4888750892
5065048864
4700393891
4649499059
5102611733
5071717007
4897773088
4763326703
4887039786
4701776657
4551348656
4995752065
5014002526
4678386060
4814478427
4995527723
5007317845
5064549379
4532205172
5064462272
4888719249
4809000611
5066584201
4946670780
5052262708
4958616636
4953060769
4897784708
4883484411
5000157929
5231318190
4992407663
4962164113
4959418493
4894171746
4887340490
4896666789
5203350649
4887213158
5212173319
4907398636
4886946755
5217071603
4887206137
4885328653
4898817667
5086914267
4920425474
4907255232
5102873984
4548173036
4712430893
5097048170
5086596236
4604716534
4958756757
4925421816
4897835433
5075491561
4949960749
5015874547
4729822805
4532205728
5288034753
4899534659
5219253101
4992598390
4800092209
5029946126
4914002758
4852797715
4993026113
5076446975
5014346187
5101118553
4549778364
4643722942
5032614233
4716086707
4540794034
5149029635
5111325404
5186375521
4547277824
4532283457
5237812476
4888124383
5014207007
5199796229
5178031556
4558017318
5067513053
4731147678
4570026293
4897879691
5064509198
4883146287
4953024431
5167710551
4886766979
4844264643
5031543148
4910045647
5150202022
5100780729
4532205580
5285042928
4664226001
5307188476
5283401609
5104073146
4896433011
5203897313
4969337433
4852123830
4849544576
5177391893
4942648255
5228750147
5199518197
5036515761
4888151257
5155932642
5163406931
4892046909
4896717810
4593884716
5245304334
4893465397
5202918189
5102572443
4885882627
4907669832
4890829270
5102233117
5235579357
4854376955
4693592056
4976622759
5227088866
4979355336
4886955290
5076340011
4897389391
4526507019
5189849497
4910315443
5181053148
4686951036
5101831649
5067420121
5039281136
4890527439
5201055427
5068300944
4990715748
4700272843
5197425476
5102295113
5237321983
4966047344
4993110167
4585827361
4891597381
5081235927
5204262023
4979490464
5076112594
4544992342
5218993059
5319255814
5240063693
4979366946
4958605238
4961048717
5165187436
5068513101
4766652294
4988024818
4612434923
4894493685
4531646759
5192061604
4883144362
5002363027
4896880759
5320397633
4966132705
4911461084
5166372175
4965453131
4531043352
5320676774
5108740361
5150546041
4894701237
5124979511
5325432388
4970735739
5129782199
4958526255
5065230184
5149235932
4963103372
5306569629
4729988907
4894423111
5200032086
5065690976
5025941636
5272573297
5234360118
4887523181
5091832961
4891920151
4700802924
5199574337
4807257043
4920359077
4987548148
5215179103
