223387195678003202
226426554085937152
230163604119363584
224848456202719232
229707151411671040
223560927356788736
222488610534981634
220217915155283968
228793444666077184
220082716564144129
224807932469063680
220499830785576960
222275286643900416
220953988449837059
228833610684309504
220270595441573888
219621620933861376
227121346767888384
222946904856735745
222305988064194560
224629964601958400
220603068272746497
230130987877679105
222683035500429312
226199702947901440
222661033452507136
222344688865247233
220223464940900353
225463294587174912
228939792296079361
227021042298810368
222677543025786880
222649309269737473
229887824835518465
220204725155536897
221666874402930688
222357619464089600
228167477568348160
230049802694586368
229114998620819456
222640383979556864
229921236174651392
227553886045622272
222999915368939520
222723721012592641
225632289256771586
229810025256865792
223070548526239746
222311579788648448
222760408757440513
226303195125784577
230141941252247552
230091751354953729
223701578673168384
228594659893600256
221959362103611393
228889161988440064
222354379892731904
229768748100382720
223560522853924864
220158700051103745
222683447255236608
222345836930150400
222671842282962944
222658187734683648
222361299236036608
229496376084545536
221896315657920513
222674992888942594
221199806771625985
224808163008978944
222494991438725120
225394835622854656
225705107663253504
230069532159524866
222667637489012737
228982766715424768
222660548955865088
228084770679181314
223399097367920640
222618130726404096
223450738217582593
219366666495197184
225551349864079362
229705705425346563
219227291627175936
222345814801006592
220261660047327232
222345837919993856
230044304385642497
226705580461531136
222239220411006976
222940862026485761
220611764776218624
222264140134227968
222348056673271809
222321501171490816
219754417212243968
222669810654396417
230048976286662656
220208459386322944
228055591761891328
223467940605984768
228831590892044289
227344738527879168
222161884843999232
225983752172621825
224245748705918976
223947347837730816
225029400738021376
222666773911187458
229468350269513728
222616925426028544
230097397752152065
226387162931798016
226061881683623936
220205105587306496
223831565266976770
225995465706045440
219535871337168896
222678858925752320
222750183002349568
222496775418814465
222752318058283009
223173230003884036
222939128524840960
224637126304743425
222390730679795713
227034566538452992
228930667013083136
230097441272246273
221748442765074432
220083042897760256
223825699511861248
230323575792476160
230063417715720192
229780524628062208
226615437411119104
220081286725906433
222342347915141120
228405360761921536
225488051160363008
222348074671013889
227037042419322880
226021477265321984
220919827777331202
224631614808915968
227233242766532608
222671423322333184
220071659669958657
222299742368047104
225712902076772352
229640627544002560
228889162038771713
223667901499056129
219659302644875265
219563541617844224
227786341604290560
222657002587947009
221252527092547584
228198388229877760
222560271804268545
222299410284019713
219555307620282369
229019610521944064
227794268746555392
223173225016864769
222718359526060032
222345835453759488
220671731415793665
228859962980450304
222725571321401345
228835437077204992
227532158821085186
220769245821284353
223605968133562370
228816456563957760
228294987908018176
230262081755172864
222010078721605632
220266926209904642
222623928118550528
226983799991439360
227833316466905088
227037072001732609
223674178325319681
225274401728372736
222353468369797125
229010253986004992
228960306683052032
226704759300698113
226050400925646849
222658685648912385
225898177428086784
222675292261580801
230140744160129024
229232861440524291
222723499129716736
225507018641907712
222616628058271744
219698543047356417
228673096805126145
222658818608340992
230109904327831552
222345848758091777
227021581803728896
220557475731091456
222639446598750208
228585390234296320
229493767835639808
223411233263587328
222620668305481729
220335750909149186
224628637536755715
222299470476484609
222595952102477824
224498409061621760
225956660227751937
220213254822166528
227179117332803584
220417568400359424
230066942277459968
228899624109359104
225963362834583552
229481234370281472
226427905209692160
223798648612462593
230094038865432576
224622247187460096
223853995989540865
222207029270413312
220210284197986304
230072119831166976
222320978871595008
222619175733043200
229548569479221248
224999786103844865
222014117123325952
229543196047327232
230247410134298625
222384690831699968
227836587403259904
222586594010468352
220262813178929152
226192760531730434
220219707133919233
223666846161833985
227465855276036097
225486834996744192
229717402554875904
220237245452525568
222703549631574018
227833447434051584
226679723588218880
229622829111451649
219591268802641921
230048257437487105
223690571078836224
230198638746427392
219992028531007488
221386730937393153
219554904858042368
225589739913363456
222851276491337728
219713326740029441
223702124587003904
227832771555500032
228493393582497792
230142794587594752
228445458752741376
220091443614724096
222618292475527168
221984397304401922
227344218350297088
226426309352513536
222587827236519936
228828351761100800
222616501394485248
220081288386850816
220159051164680194
226563601291440128
219329011459956736
222651059527618562
222303228526723072
222662612930928641
230212561851785217
227394749286465538
221154264356110336
223560858125615104
229162300026793984
222725572353196032
229784779900461057
222703870403543040
227082067568119809
228860521598836737
223175173547900928
222354856449552387
223439254670417920
222470211356459011
226425795206340608
221564664398610432
227832896260562944
228544506117632001
227759442870022144
228546093451972608
222352838657966083
222726275423416320
222403409922375680
220592441307299840
222674984194158592
228994441657061376
224837639952531456
220204913177800704
230262633268387840
222352840176320514
222600219840360449
222658309856034817
224841158596104192
230075444353961984
222617091361091584
228215495525015552
221214096723415042
229537450761019392
228593366105993217
220865550925037568
223271318135648256
220158822927437826
229484030108770304
220739824372563969
226553976361992192
221727235068006400
220203969811718144
222354119761993728
222352752729264131
230140916864786432
220261661330771968
225594494555389952
222618158287167489
230073291757461504
230069982367711234
222675306689994753
222651186422087680
224533441096597504
226705064155308033
225947837458964480
222616799957622784
223173635257532416
222998553788809216
223561353305128962
221058992586244098
220749701425799168
220742119244050432
224836399059308544
222858055732314112
225594309334929408
222850369506656257
227819763341082624
222417657285193728
223729102245478401
226478101205508096
225052976769802240
230128501179703297
222728222306091009
222486923975991296
222348080685662209
222348057474383873
222022131771375616
220740171249893378
227404002852229120
222636896071860227
221761705896718337
220082167869489152
222995385805836290
223818312109408256
219442313607380992
225069638998962177
223472821114904576
222354734722465792
227061619413360641
223825034333011968
220196482387685376
229279197602922496
227173380007280640
223387196034523136
227033750914080769
222029704574668800
221893983280971776
228191319212843008
227035469995704321
226053272270667776
222662659710005248
222660563887603713
224649680875831296
222348061001781248
219754451639087104
229616739971911680
225460795885096960
225153944375132161
225788461850959872
227571389325008896
228255831534215168
219432687558066176
222345381302898689
222659426811777025
224860448028229634
223740632164859905
225585376566329345
220205412157374464
219745533315649536
222674673765330946
222810362532208640
222299636646420480
230051888102531072
227726445630324736
225724277310242817
225602059213357057
222330962950889473
222660113914265602
222680009662402561
227428959162347520
222659190387257345
224655451982270464
225977339346051072
229794494881611778
222643432961740801
228946191864451072
226020720109551616
226383800807079936
229811762730508288
229510024844681216
220950163408166912
223168318884945921
225443363338457088
228899821573005312
222819704706830336
224829393678241793
226963030821441537
220133464723296256
229707283142160384
225585610142920704
224959674250829824
224805688738725890
224514469915672576
220224993034895360
222633093503270912
229841935941132288
222784705848819712
230303786168639488
223534414922137601
226432098217639937
227178768563847168
227129263088885760
223797693506519042
222715939953721347
225978917071237120
223577496858279936
226933910905450496
227559860823289856
222466485082263553
227832561211154433
226192693972328449
227035356619481088
221711537834967041
228542416779616256
222470320794251264
223224704742330369
229768506546212864
230048494788947968
230092259834605570
224629079754801154
224538557182771200
229706486002094080
220293365449764867
230363772471091200
224825770671996928
220196905769123840
227917539336933377
227021424647340032
228191578492137472
220742123681611777
219946633545256960
228120945896853504
229736520825856001
222724667998339074
230056217756721152
222307500999970817
222432470694498304
227428954770898945
224806035716702209
222660666597707776
230065493787160576
222299689788260353
220233203724726273
230067305827160065
222348532131184640
229645537413050368
226949878444613632
225509305149956096
225518175020785664
219727798447783936
222249196584046592
222676858456649728
225402168650366976
230070392910389248
222394165252718592
224805684879958016
222665592405110784
220214999757488129
228649286194315264
222498146440314881
223760474305609730
227046993548156930
219557249075527681
227576447294922752
228947721095094274
226383086449983488
222725048493031425
227035282074132480
220157898427342848
227342688272392193
225072162342584321
228551810200260608
223207568078675969
228218063529603074
223225470320246784
227832408299409409
223181261311705088
227833422385643520
222658774777856000
222617873191940097
229643009388580864
223497381344321536
226776834757513216
226406208649703424
222616980950224896
226021976597200897
220745725796032513
222302845750358016
225977373097607168
222373212531601408
229512507860078592
225568121296134144
222308307522699264
219710671556837378
227080979116859393
228598422721159168
222373600546664448
227555701357174784
224633167267635202
230144495814078464
220949907060695041
220919886438862849
230384572725092353
229710127979184128
224991033707081730
223028994818322433
220002845552934912
224638121990553602
223470710675353600
220749025140416513
227790471324368896
219578836583591936
223561347395371008
226008887118135296
222677461920530434
229485962810507265
219452812885626881
226817507980349440
223435608679399424
222346027162812419
225528338037473281
225730682058600448
220742063925362688
219888697380847616
227339281537069057
223386757125783552
220030446870859778
222658609220292608
220881407969464320
229705814108155906
228598027445743617
223321433072340992
222672928301518850
230332189986930688
229427899269251072
230201310115397632
222299325013819393
223470940183474176
219917281206087680
222348063228964864
223633499641487360
229477082823020544
221564390753832962
221181602993160192
229711452347453440
222742751907819521
222663586928009216
223225349339754498
225183682141503489
220188905629167616
229718158502670336
226427873521725441
229519115449155584
228591844878057472
220941788326793216
228191169690095617
222345380866686977
223666544515874816
222331849584807936
226274821552619520
224669654327631872
223730382208630784
230056426968592384
220272953290539010
225568438347767808
219622618783952896
222389851272658944
227832817512493056
223666515499692033
222616771306340354
220271578586415104
225991176078118912
225022743706476544
224805892758044672
222352674262233089
223122306556375042
219713691703189504
224090672683167744
220091461612482560
224983569917952001
222298247635550208
228484413493768192
228775967903064065
229885225440784384
227004852096614402
220204725281357827
223645435368194048
222619256821522432
224629082489495553
227353901458923521
227322654158364672
228779846652788736
229406751953391617
222356418689368064
222663639503613952
228542914777710593
225953390025375745
223172619317420033
222734639071113216
228184413924622336
219541508985065472
222654856027045889
222345833453072385
223716289695322112
224633901719621632
219403364054732800
220557105525047297
222304935801389057
226001718670946304
220748351036080128
219565279359942657
221940980612481024
222346220738318336
222659042814861312
224823988520628225
227833967745847296
222995720146395136
222660532975566848
220081839149285376
220204139609722882
229707560968650752
220347056752037888
222963504989220864
223027507069337600
228658157914832896
219718574791598080
222328866264457218
222651315883474944
225607177442836481
230381444676067328
223638788100997120
227833444279910400
224846394735857665
228623367111057408
227035819825848320
230091007209918464
229503699339341824
223098032365907969
222293712477233153
229880405807996928
227467542258663424
223644634491006978
223550805020643328
227552942578860032
229644401926885377
222345834325475328
221621199636140032
229546838074736640
222684493411131392
226015879446548480
221684145137524736
225154664381952000
221425898073751552
219855780705345537
227091841235955712
229933917048811520
227178705586380801
225443353993551873
222627571643322368
227166384319250432
227354877653815296
224995615313108995
220157899882758144
227178940794540032
223522228522856448
223224478639988736
222269131762843648
229586813860343808
225962547512225792
230303925381771264
219801229805625344
222348021785051137
220205398693658624
228904972388032512
220083244098527232
228148737988501504
230129855491108865
226286063126192128
222662803054542848
224381994946146304
222660034411241472
229723135077908482
219807922090283009
222294026097922049
227644503413125120
224815850190946304
224516251475644416
222658725620621314
224830318862016512
222112579076620288
226715848256131075
222734938401816576
228889284051083264
226076531565412352
