14854512521
15060186904
14633678845
15060186344
13261939274
13683849601
14903200093
13845287914
14314200829
14642492890
14783443831
14733968615
14298400570
13380216167
13722364610
15127555333
14512169863
13584787314
14905506265
14448160841
14380991439
14854525599
14642489949
13503969323
14448159947
13993355365
14712837534
14179043985
14265016076
13506044007
14179036107
14977114100
14760053630
14579711272
15127051255
14993926529
13499367309
13302984011
13922636536
13376591371
14054689560
13545533852
13578366840
13568953720
14054689942
13745625223
13746673040
13503968419
15127561267
13781331923
13977564409
13754891694
13416742378
14579845470
15127556007
13261931582
14852744752
13747292135
14067909361
14568149475
14584047270
14512164424
13503967484
13625137100
14574449289
13993288059
13261932842
14854513371
15060185985
14512169442
14155864285
13931227523
13271659847
14907819313
13683855903
13625144896
14245634841
14314142233
14256967241
14179040214
14927371015
14054689430
14448146849
14325719211
14993923391
14783447853
13683850822
14996329481
13261922480
13930958548
13575212527
13485285942
13321808045
14712830958
13683844439
13625137470
13993370060
14574453504
13533575071
14115825428
13844821215
13867925478
14245633530
14712845186
14630368814
14106168404
14492853794
14782710026
13353550157
14684813293
13406382578
14927371532
14854526348
14574454767
13974185193
13443228492
14252559881
14251346619
14642493299
13304110490
15124845645
13261940105
14982427736
14846494126
14910488573
14642487122
14913046703
13267317533
13725411010
14712847286
14854524251
14993920066
14325718274
13204618091
14574453904
14854512837
15127558012
15126219202
13697908287
13212825028
13725383455
14783444284
14448151238
14380999188
13574931635
14906651716
15132262553
14165639705
13809990905
13204617665
14380994613
13351126938
13722165558
13747373197
15124530480
13477328053
14993922861
13745988054
14325715218
13447954677
13266876049
13993230296
13867881470
13531744955
13890562318
14712830482
14167710272
14179039387
13985840883
13810605952
13303060039
13810447544
13868119242
14018612132
13204618635
13352476392
13725542378
13380205190
13204608337
13233087837
13321805259
14179036715
13321813241
14993923972
13321831816
13321825078
13810024730
14910441320
14548376291
14179042494
13917427260
14245634092
14314953915
13917513922
13443242898
13530910190
13564557408
13567058447
14291746736
13433818195
14054689063
14315898419
15127558466
13204608925
14927368869
13892011310
14167323730
13443188866
13656987624
14122087341
15127557640
14226180962
14165355490
14927370532
15060181499
14159163834
14315355338
13592352664
13321826210
13747481498
14054705020
13625136675
14179038757
13566050876
14115826792
13443241916
13582123154
14325864890
13380209124
13434549522
13443225925
13481631061
14286162257
14179040871
14115825977
13931196394
14115821113
13380208055
13443237776
14912921104
14324702279
14240612890
13722151094
14712845762
13380215187
14380992320
14927377713
13746726863
13503967955
14654052330
14854511984
14419977225
13993233031
14165759824
14315138680
14492852968
13993209227
13948859725
14856084349
13625143799
13918819760
13261938690
14122117626
14512165808
13939023267
14512170720
14623096430
14906675037
13321829989
14245639518
14245648480
14512170294
13810496940
13159203592
13993294152
13931167549
13908111292
14712846418
14115820702
14905505881
13447953574
13204611542
14110822222
14315587743
13429674450
13917004389
13922496329
13683849182
14289244114
13993306306
13868147030
13625144266
13910771290
14902295207
13499465432
13892996412
13277073543
14115821608
13930852849
14993921820
14574450124
13353474480
14574448854
14238708377
13868105048
13683856432
14826430223
13503968863
13261940698
13359266202
14115822091
15060187325
13813453683
14927371595
13504116567
14854519713
14054704624
14574453102
14712831185
13683854839
14574449703
14777027126
13683855363
14787530097
13380208526
13321810359
13321827997
14927369402
13782890523
14287647875
14154314164
14054704226
13898715238
13747351994
14993921316
13785612980
14245647589
13380205945
14245636206
14642487404
13912951613
13430758640
13977632875
14179043505
14709899207
14783442304
13430222444
13567218226
13867722275
13993293261
14381001397
13503963699
13234854382
13204612077
13424244632
14923893383
14380992037
13930998045
14054694649
14527044375
14122440512
13442095383
14977104146
14783442849
14486045108
14702365180
13657748964
13725406039
13842206500
13261933636
14625918542
13867823874
13503963293
13508478792
13898686185
13503961897
14315273670
13993368660
14220122181
14325716240
14927369834
14657889261
13683857011
13434552938
14642490834
13868054965
14854521928
14927378183
13961204476
14115826391
13684508287
14512171283
14493646506
13204617171
13374809406
13565639987
13433958649
14792263497
14567535925
14783447399
14892632121
15060178932
13568839291
14574454341
13565832363
13267030798
14448152956
13758153897
13625136057
13430775234
13434289405
14783446995
13443226580
14245646581
13261923594
13579851710
14033007083
14165428265
14993927156
13374954916
13380215577
13172767397
13443239015
13745912861
13786786363
14783446665
15127555223
14165435992
14512169141
15060180485
13262252344
14642490347
13868084906
13568882659
13810370702
13503964116
13859137700
14299524081
13308231464
13567111740
13571192771
13371092871
13791473188
13977682095
13810450644
13931208197
14054693949
14448159533
14315601024
15060183016
14448146552
13433944419
14448160395
14622787457
14381002560
13867887754
13924389397
13443227182
13204611022
14712830433
13351149377
13745952684
14642493765
14115820310
14512163631
