429987839397605376
435887207732105216
431537783656558593
436580813061103616
435979201787596800
436294144580132864
431616408061886464
433686553240829952
436833056507568128
435300150924570624
431498272104910848
432289569774370816
431819248990945280
437331626201452544
430720638689366016
436152715232559105
437286774478356480
437032034582532096
438592328870019072
437333448747794432
437331070162198529
437292084693712896
437300013606404098
436853859810803712
436574234358185984
436358476340527105
436320617378238464
432930330995998720
436550386900815872
436505516941266944
438041437611913216
435924529228288000
432661388285054976
429588033760141313
435693060270194688
438793313160663040
435876176410988544
436550172894445568
435794422702538752
435946256397905920
435820547965210624
435828743882698752
433690745615446016
434845659938971649
435955066646695936
431466058243792896
437286254116229120
439466207537029120
437939215176044544
436422143316746240
435240261770555392
436174391265611776
434619195121094656
433365445110792194
436917149127278593
434029294650523648
436846423632388096
436277313492119552
433394432071577600
436258499618557952
435878208953909248
437041497108910080
437015604130631680
437319987800580096
436579382505652226
437001905647394818
436357589220483072
431454403011575808
429476490401837056
436218008722079744
435863924416999424
439473207460917250
435350811476893696
436592230384422913
436155463894192129
435836875035529216
436144474310598656
434645667546292225
436104483102154752
429577212489371650
436792751917899776
436785811539771392
435408498021916674
429762086848061442
437044649513861120
433202331375915009
435883560806141952
436334042813054976
437197819519053824
435975482601775104
435889825959641088
435581819468382208
437287389170397184
434063833951649792
437586907347038208
436140217402417152
433817439420157953
429411431855845376
436010265726160896
436396057266638849
430510655670460416
436848569815797760
435834535700230144
431616236615524352
429893089264533504
435820052550807552
434273579765874689
437896044517404672
439473213957881856
432192072087392256
435985187600465920
435833743664619520
435943202441281536
437939362983337984
431278841907404800
439152958253842432
430470499156508673
436959990038138880
436624777043009536
436192606452609024
431689439908098048
429589508649398272
436291893974933504
435927765960101888
435933264662913024
436212142090354690
436212630139580416
436060454625226752
435892453036412931
436130511677693952
433797695338074112
429600564280709120
434791589391499264
431675687649280000
436167908037636096
429594208673214464
437295238072111104
436666518714073088
435844430374113280
438637760971161600
435929703841824768
436273119733379072
431931000508399616
437015763145068544
437937006619164672
434328787820773376
436723750482886656
437188439314673664
438054383256088576
437299039306907648
435929898516230144
435875473940164608
436245833776762880
436567793362694144
437457455594110976
437211552077213696
434505240872632320
435985655823220736
436147262582837248
438471045960728576
437761817117335552
431879309737725952
438187437295030273
437936683234131969
436141974270115841
435931300969476096
435927545951690752
431475853810475008
436210985624301568
437291684183826432
436054089030717440
429845746313990145
434778114632077313
430151739698716673
436613806077526016
435423295840608258
430231343314657280
438021106696740865
436624011192438784
436144133158080512
434653203075178496
431910325797920768
432773783578222592
429727201551187970
435831409132187648
438571411922493440
435821621883195392
435431200325251073
436350864572567552
433016273329745920
434439672941793280
431790907210625024
436991583548735488
436203721135882240
429616002557820928
437342451401904129
430199043864924160
438604254274924544
435863274945404928
435934415345049600
437366289963966464
436966879312502784
436283809588600832
429895391711342592
435889319186685952
431449704283389953
436248818175074304
433036669478912000
435828926431379456
433756492026499072
437041581510496256
436879795516080128
436046175960322048
436242335454609408
435912659943178240
433998039943241728
430055771653423104
437768349548695552
437608793661124608
439005185239957504
435825749694906368
429841989769912320
436494722933489664
437942612276678656
436021293364686848
436215538587410433
436217135790960640
435796331656142848
438318210438295552
434842320895504384
435273141297119232
435828452743061504
429814283472764928
435688931733295104
435977727662129152
438279274433634305
430813567579717632
430460335041290240
429588270339465216
437648611489644544
436212186952638465
436165090476564481
433993143416283136
435820381102821376
430128496573026305
435881141757673473
436203819119026176
436851515744321536
435898408113422337
435897667844329472
436213524767858689
436752445331345408
435933459714801665
435944892724809729
429740162772262912
436172328947314688
436552027292700672
430172569762025472
437338960323293185
437394890171764736
436298731571666944
435952890868273152
436708497661509632
436848613487284224
435845098304049152
435841473058050048
436572326172172289
436362153382002689
436304236431675392
436635699781984256
436194390038818817
436836719640723456
433909475519373312
436488318646120448
436270235596107776
438012665395290112
431181232261828608
429994679526899712
436268104121737217
436619405070307328
434092389997625345
437015447729221632
435980879799005184
432944779161108480
436885882877280256
436033892680622080
436740657751674880
435822457811775488
439246300601532416
437921731819622400
436325602359259136
436183764063252480
436153478076198912
432848635227693057
429472134939693057
435977755642310656
436360345464999936
437913435423404032
430204506689646592
436990998854377472
432296310910484480
436240610899800064
436184969942032385
431967267467718657
435826189639221248
436151401433939970
437289477338177536
435845608772210688
436007627403718656
430760095056539648
437466053317099520
430158722456125440
433316890669105153
429413059384184832
433335537940697088
435858040789929984
435826663989854208
436188271396548610
429542341859233794
435788045359783936
437714124315693056
437022506147278849
435892756284571649
436241782545084417
435843128449581058
430690938756005888
435571916234313729
439011079037808642
432931703188107265
435932635345330177
435556138692911105
435866114313449473
434387873643511808
439405187375964160
438396180524195840
434081177188986881
429426789211844608
430168481955192832
435444546244464641
437726034612334592
430169459399995392
436260961880924160
436330954681233408
432323845262163969
435944546774433792
436556181620785152
436141699505471488
435944028736331776
435889778169745408
435940845267587072
430063768597323777
435997146316148736
436656102579531776
429412071143264256
430430035300728832
435877987456540672
431618056201072640
436436933112123393
429489815067697153
439360833831718912
435754419804983296
433011230165303296
436243828681351168
431198777366421505
429803889022730240
430170610371538944
434074810239315968
433005869106622464
432676051639341056
430129686996197376
436658437540552704
435880713590546432
437913565262254080
435917251279978497
436202290060738560
438043733343633408
435939062193463297
435931777811509248
435007926403887104
435821589926780928
436652243769491456
429988910014672896
437290777211707392
439470671584690178
437303621529505792
435011887705509888
436206752577511424
435959897763483648
432988749400530944
429547254362685441
435769203904102400
437291652466876416
432766418631675904
436141900475924480
435983785356984320
437346307737657345
433721575842381824
435914468392828928
433870785758117888
437338119319609344
436761153398521856
439532529444331520
431017524399181824
434318603651780609
439378170882818048
433892699947532288
439378179992854528
431958618817064963
438711400626544640
437588461005340672
431675912346558464
436346323210469376
437286806615511040
432111695050579968
431137487059025920
434457316591955969
435846755427819521
430129115841044481
437025111950909441
430811756890714113
435757618976391168
436199339997011968
436650262619381760
429671914110738432
433834417228746752
430252836341813248
432961046425640960
439021475501445120
439425435923791872
436827068035125248
435937664744054784
437354669254639616
435636825290326017
436928365396639744
436965207915503617
433828163643117568
436570375309492224
437287397194493952
435937843551408128
433326241811144704
436140255238819841
431794076179243009
429611484847833089
436093769293631489
435837071916154880
430167019619901440
436344658218598401
435859541239287808
436574217878794240
431927943304982528
435867128713854976
433620901712502784
436708986583134208
429414677756776448
434087141552164864
437950026476953600
437335595581321216
433620584166326272
436289986552266752
432590354085199872
433238991920324608
435825600930922496
436826229657063424
435822383686234112
435820694035656704
435915262588510210
435958992825614336
431371645068910594
433358571771031552
436365089210261504
436813133286735873
437958892518404096
437503807073693696
436203693734903809
436202298327310336
437506685360701440
435204785084452864
438047568346374144
435827596706603008
437951851754188800
437348884025978880
436966430421319682
435889953512235008
435907474835505152
436915509921980416
437312376980144129
431977329691070464
435898960579133440
435821806847803392
435856351839809536
431676929515610112
437412024448851969
436294674417221632
438679770868756480
435943917725696001
435925060583309312
436313820815192065
435081406986084352
436289556711604224
436182751386284032
435845381105016832
433152176404578304
437041622740516864
435984161807953920
433622834993057792
436069719095787520
431982202838994945
434092670147756032
435825914392223744
435864198887636992
435922283329097730
436196764249784320
435878602668662784
436025562704797696
435926958606917632
437021296530972673
438854392188370944
435639764184608768
432785612966744064
435333079474135040
432751178506436609
437335862288740352
435849466806304768
430360237283893248
432087326731567104
432296016927137792
435876070446071810
435951261444100096
435839670996316160
434315313190948864
433292936898695168
436290886335344640
435890157846560769
435836649415532545
435827282708402177
438800129902911488
435827862000902144
430166757894938624
436204838322724865
431795780899188736
433727305027178496
432776704696664064
435890566589468672
436352864693551105
435904656707833857
436352934104674305
430491388896354304
435085391398723584
439486052751777792
435914590149296129
430167546730655744
434111839476400128
431971914215460864
432101371266215936
431577111904940032
438422143463067648
433918558536347648
436344436318941184
429821774377672704
436349591462887425
431159745886420992
435855424622178305
436186704710340610
436564818045042688
435824870308323328
437309049655156736
435958255131426816
436656214315778048
434066576900648960
432296913531318272
436219004684759040
437286400808218624
432772700122394624
436731789898293248
431277112084144128
438521898360532992
432931280721051648
432779455044792320
435016655283175424
435821167778463744
431600865599041536
435795748848795648
435746692294397952
437293147266097152
430811992400863233
436177495784951809
437940373269123073
436042347260821505
435836860351250432
436028207947448320
435757300561616896
432662162834997249
435469665452584960
438156112349515776
438593755583889408
438033804662280192
438012695405928448
436156994903228417
435987302343770113
431822246693203968
431611115852673024
430934604455763969
435667836099252224
431794898446974976
434360962754154496
429525481625374720
436296631344844800
431971949783183360
434454905852817409
436133997576720384
435269773664845824
437506029866074114
434068486382317568
436476261301747713
436355403933179904
430144170032787456
433207798852497408
436953098540818432
436686446498299905
435889896863973376
437290555815374848
430077005854302208
429487116373200896
432961001718169600
436388722599157761
436148898042638338
435971901559541760
432941035912581120
431056313095688192
430219141983657985
437688345557086208
435832002701316096
436378322696552448
436306347571691521
437311778985222144
435082699993141249
434708184444727297
435852897838841857
432869275662315520
434650645711167488
435986186100678656
436562624864468992
437786965585698816
432870292470648832
436590728748089344
436273487083085825
436158648507580416
436078189363081217
435945306333904896
435882990409773056
435935941229039616
429645370751057921
436530931944263681
439470760412078080
436663975313289216
430221249835704320
436573133215391744
429557110649937920
432002156229828609
436704427605385216
437934576057323521
437250063635456000
435820996562399232
436290364526174208
435841492595138560
435955778110128128
436850119783489536
432826278790434817
436922471208329216
436227710558683136
437288913011351552
436281802987032576
435933150720851968
435847740262977536
436350461428240384
430693009911721984
435891776197361664
430369351955271681
436314578042241024
436887414473113600
436775829876797440
436369523433041921
430207254558552064
436707451421745152
439536059425107969
432930347949363200
430228592099065856
436788296560439296
436305317736218624
430813461447446528
438603700248928256
438277222429126656
435878080750817280
436571946076352512
439489296354275329
432953251382579200
431867268117848064
431139764797210624
439476015266414593
437620718789210112
435838160182845440
435928610965172224
436561665015169024
439247458405584896
433737633764610048
434138764550873088
429600861430763520
436634621011169280
436432119879835648
436972132699226112
436868497487200256
430717433494528002
438571266513960960
437465116779347968
435929396344397824
431658363915497472
436811970805645312
435815083978264576
436175311789895680
435823012185526272
434361258859450368
438687324805672960
436237855275229184
435538750123544577
432589174332751872
435835804196159488
430931390197022721
436215666513702912
436825628961021953
435850449694896128
436199253346500608
432933103976189952
435898696585080832
432868557609635841
437318513532084225
436219153477681152
435836148393340928
430130440058331136
432506612470013953
438704466876194816
434364061783179264
436215454823374848
436411061831340032
436958075073744896
429435533048438784
429553998598000640
437366956627226624
436897540533792768
435823697845161984
435387837110685696
435856674532777984
435919498248335360
436136688234938368
430863195323256832
439425409500082177
438748996291813377
438029405370064896
435931304740143104
436861424376115200
436574636105805826
432807256787537921
432088033694060544
430927490555461633
435838010924339200
436476300383879168
436250205239791616
430167021096271872
435845912058150914
437287820256759808
437926822731190272
436144164997042176
430824816124256256
436175860375121920
435696329495310336
433687520266551296
436572334825029632
435855036246421504
433394117788172288
436345128890806272
435876049226698752
435855200788561920
435794898290081792
435821309725908994
437940237118230528
436275551502737408
436217640974299136
434224995410014208
435826362432364544
436191816304848898
435959722538455040
429407638930325504
435934669247221760
435314338782396416
433508343932403712
436185608046657536
434367417620246530
430935730013999104
436070419456462848
436628207467782145
435084721375440896
439423581576249344
431197246273511424
436648757824741376
434981701522292736
429526474853318656
430389386669465600
434267422150131712
436230289673560065
432529825811554304
436384763486535680
435916926095601664
435942292117917696
435828485782003712
435844877784731648
435930252406050816
435927750751551488
435821073867628544
436428466443927552
431613091646676992
436144502688854016
435737539731677185
435925548066701312
435830900287209472
437314684073426944
437959195590426624
439466370217283584
436304477071892480
437745954318737409
439246660439642112
438048824477495296
437084656576385025
436721297645502464
436623021067882496
438596481201618944
430918019254992897
436452829457178624
434711501127958528
430798633030516736
432930342106718210
439466910317416448
433970153005785088
432838503064686592
435872423880048641
433667570747469825
434117172479401984
435954802682376193
435942708629487616
430780066193498113
434434807678763008
435894874911412224
435890953929232384
433995001153208321
431629828869984256
435952908245676032
434411800889946112
433006412105408512
436275883519664129
437292747863494656
436298631629385728
435852125973655552
430031009124716545
437286045705449472
435696836959928320
436144404269903872
429620872694222848
436003997560745985
438047901445791744
436754699941736448
430824260165464064
430083685644115968
434987151332093952
436360743949070336
435836171273256960
435896924752080896
435640167424983040
430252680775495680
438845664177295360
436277064132739072
431660081529114624
436231858389397506
430227723240230912
438267751656722432
435858096099840000
433437377596366848
435823632250437632
436435147844747264
437353084583682048
435939523965358081
433325715174350848
431612431383531522
437290539554054144
435932896374054912
435820482495909888
436787733025939456
430361794297622529
435889958541201408
429683737928818689
435967663274070016
436226597775888385
435204730676322304
430135587786330114
436850695665246208
429599580523888640
437982503903571968
436812521639800832
437937700709367808
435859634151108608
435587787652227072
435756753956134912
436343150529896448
436207227465396224
438706333446332417
429440021897428993
436220642254684160
435970142128721920
435984764734959618
435929607741505536
436641310313705472
432930784195129344
438496774517309441
435902182198882304
435827495833591808
436290337665863680
430021566429003776
439376471182671872
431692588857311232
436631442014347264
438571816869576705
435778497689055232
434806109375713280
438921107958018049
435910240551186432
435928491217809408
433325373875425280
435918905991643136
435983000463876097
432789668296265728
435997942353113088
430135629096038400
438151987331604480
435831642582577152
437121370129170432
437286107076886528
431178165663186944
435641308829716480
433717195722350592
432088247444185088
429962572213657600
436574235872337921
436331055164186624
433366308894162944
433283009337257985
436133810875285504
435845159528300545
439246310588166144
433297474371854336
432778098254544896
436694847052075008
436273558260436992
429425436117200896
434024355035480064
430284963464761344
435836030881501184
435983946174971904
435820896218259457
432805362857959424
431018127942774784
436264071382302720
436147239166021632
439245925362704384
436163744511832064
433151422876909568
436148112370200576
429561508826464256
433687475962146816
436202835848331265
436863451886280704
436222156226035712
432824930497863681
435091809057116160
434091024999542784
435375049705414656
434931538749190144
436541152578134016
439471713944760322
436238054596943872
436675983844720641
436227115680141312
438497991247134720
438224426812076032
436273308632236032
437004367443415040
432660012805410816
434089602174169088
438365714445897728
438140564035215361
434091871216730112
437415922681126912
436018334530695168
439031165438398464
436215003004145664
439462430108708864
434084441619591168
433368590712991744
435835921699590144
436611897173884928
431610133299208193
435866596737683456
436344044793249793
436225664854003712
435209760850583552
436551039144435712
435741205071032320
435876946120286208
431523337638932480
435851736390307840
436786624228098048
437322463643320321
436163041655148544
436662517142921216
435771404424708097
438661903855124480
430150432267042816
436164238554316801
432955798172745728
435847272434114560
437354643719331840
430187183677665280
435748093946888192
435453329062518784
435937744712634368
433797699435896832
431612565752266753
439473223898791936
434127618301251584
434089417687728128
435860820010881025
432303383756537857
436110242309365760
435697089209589761
436212297703620608
435890981133500417
429965353930588161
436613932485455873
439327430482751488
434506213577879553
435856790870175744
429880121336811520
439365796356456448
437587077375348738
432783397979975680
438077411616235520
437094288011190272
434089827428880384
436277141458944000
435917355034480640
438175467854503936
436024937136943104
435953120624267264
434124348790538240
437256424737894401
435826193279901697
438373185550307329
430728935450480640
435950389742305280
436625537516462080
435927167558762496
434087783330639872
432826780647297024
431180988132372481
436255322190008320
434658664754860032
434111839476408320
430354824320671744
436197800829665281
435828865056137216
429937956254527488
435878723905400832
436794041410519040
430809377797603329
437331316242010112
431037531216302080
429668429889413121
434138498531360768
432933203305701377
429489694145933312
430713052581744640
436061207322050560
435983884811915264
436549211564568576
436225373823434752
435837171048935424
435834518080327680
437289307242364928
433162523052101632
437036702658355200
430168019621249024
436237200879935488
436304218350047232
433611479950979072
430380682926637056
435875462435201024
436635381862105088
434019379299102720
435845379016253440
436616590964948992
436591421433196545
436574231514468352
436437400072380416
436154747167313920
436491517620797441
438102986951127040
438946915418243072
436825213771063296
436143892585402368
436722596374409217
430708362196811776
434304850164461568
436904286740418560
429423608771801088
430168225381228545
438500778882252802
436365066129010690
434402427077689344
436199471349641216
438142864971661312
429544120957153281
437320105458806785
435486399610224640
436250660493733888
429431621796651009
435833384695123968
435824829338382336
436249525917716480
433712721498882048
436184728245268480
436373711810068480
438570315963432960
435882556953595904
435086798201839616
436276512237428736
436082772223205376
435924705887793153
435637857378512897
439391682572738560
439473568670171136
437291160382349313
435844324434010112
431739066779193344
430276276515917824
437505709320589314
435871254298390528
435557398724374528
435919417801588736
436184140673998848
435892425572503552
432874844712370176
437880803280711681
436871587082809345
437962323236372481
432823556930404353
435859413392306176
429609401041698816
432961657690914816
431993180829908992
431223213075341315
430853915999887360
436229629112639488
435845544485724160
435946665124450304
430839875139411968
436179423046696960
432773125714239488
435933227107098624
437353392877228032
436307647235489793
436357744333819904
433295038483668992
436906228527030272
435828327111077888
435895330119233539
430419320301424640
436381657516363776
435954900464181248
432938410018623488
436033090310656000
433805434864926721
436168941828714496
436176937430441984
435743116956401664
435446702095360000
433706200819986432
436551715135823872
437019139706609664
437289406202793984
436008874194530304
432418889512009728
436003993148743680
436890694762774528
433046656787808256
436579273621512192
439076846647263232
436027869345501185
436624921482248192
434520451247661057
430784147188363264
439027180665053184
436723252434436096
433326244940500992
430134240236146688
435813540935372801
435837131416539136
439484032456605697
435872726910529536
436147815601827841
436126663370240000
435954693282357248
433290120574160896
437945394128224256
435840547454857216
435982716115226624
435884615736115200
436300692181880832
430893945346736128
435862916156243968
433002734980067328
431178547672006657
433912763845328899
435837805160566784
431221174006063104
437036962306744320
431965506891808768
435977091503644672
430287065796722688
431946225055981568
436146772680122368
436683910424956928
435883445298819072
435870204526985219
435878494845685760
439473983914663936
437235896136794112
439013291017633793
435834609733869568
435830589212475392
432698407765819392
436158887821991936
436351074815852544
439076843178577920
436350933211942912
436321651492667394
433812959949619201
436430199018622976
432634319878639616
436298232805605376
436273052007923713
435822738532352000
429588641917448192
435929410554695680
437343082779262977
436579856629768192
435836235735924736
432583184199327744
436429220688830465
436060051028320256
436172823695224833
429876401064648705
439449916390535168
436760169498673152
436294560684052480
436202196737081344
435970524720533505
430392832809902081
435559093768437760
435942968462032896
436900744701444096
436264974147547136
436351640019283968
435860879129591808
437318881472823296
435833447299313664
436273568268447744
436219674305757184
435831082089717760
437365268663115776
436828255325544448
433687522107871232
434847037905842177
435909344614313984
435468831717605376
431574851724120064
436185242173325312
429567239889907712
436786324675497985
435207888487727104
436218884287242240
430952434962538496
439127099677237249
433195561672773632
435946854061469696
433378087024078848
435881851828183041
435117094938869762
434587866279055360
430088554111176704
436190244258328577
436209307940429824
436241521482792960
431092223824756737
436272137574166528
436209574173868033
432523249818148867
439467462929952768
437514249250693120
437312649311703040
436179935351164928
435822627068710914
437290150268510208
435820732627820544
436510081387995136
429606249726885888
435829523482173440
435969149538299905
435205827465863168
436384261663256576
436549213481353216
439078067898560512
439302211462762496
436621741566459904
432687710222823424
435849110420463616
438688307774767104
430777989564207104
431991244911153152
436792229051772928
430131204889645056
432930345881583616
435833785200824320
434376593403052032
433494214660616192
434456744136560640
435957908912619520
435919273622376448
436812844521492481
436149466945437696
435845847201234944
439473073931030528
432930331109228545
436173022303506433
436235256119582720
431830769527304192
437506169926475776
432972588759797761
432930333193818112
431426657594138624
436558523309117440
439088063482834944
435827576737497088
430146757784113153
435837912664788992
436211558616535040
437094956847861760
435940152062398464
435926867762089984
430645227616239616
436153817470488576
438487472645746688
439076813705605120
435940049390018561
436238431296184320
435928274309754880
435835216830033920
437944667683184640
436630882548338689
437242169892802560
435965957769400320
433261564443893761
436839037140492288
437889778802233344
436572332769832960
435765187044323328
430966294662238208
437874567151747072
435389152146644993
439473074077843456
436922283777875968
430077973795180544
437824312783798273
431653138915811328
436098817541550080
436232563934629889
437632123608895489
434363658106204160
432740796404465665
430744440567627776
435938128155512832
432773304743903232
434103380252692480
436169748372398081
436310901289795584
437362624372543488
435877210679803904
434187718206038016
436897538189168641
437887505078427648
431629217672204289
436687616650399744
433510318237429760
435941890605600769
434980443252088832
429713571325689856
432781565899182080
435827555929563136
436807524193275905
438078379309662208
439046550602276864
430824300036116480
439084410311159808
434273523012751360
435838340617629696
436281386752671744
435934501085380608
429685633679101952
434100661110968320
436981501171744768
432942063022141440
433918304529707008
429533463512092672
431578429331222528
435901914287321090
435828088711024641
436270519025795072
438831109602672640
435977929991155712
438072488308645888
435949252334735360
437829704272187393
437336971497988098
435879001958002688
435205562452934657
436051054057115648
435838441276706816
431184490082226176
430379872909664256
430853522079223810
436216802834542592
436149995814006784
435823254255570944
435929694186131456
435891297891520514
435922079737602049
435830307951218688
431748239382315008
437601384829968384
435388354989805568
432566633291202561
435927177662431232
429428026690916356
436262019503636480
429989140697194496
432108573565681664
436666952719679488
435351509438451713
436574219766214656
435822667946414080
436555719580475393
435827155742650369
431622539274489856
436187846517334016
437302195986628608
433828914993983488
435959743530549249
437286191340462080
436870843998552064
432590786178207744
431153974360547328
431979327086149632
435821395709153281
430683734539763712
436190368954986496
437919074589229057
435927583025135616
435873290536493056
436019575889854465
433012059027275776
435826780940009472
436261224326905856
435823298744578048
435949357586595840
433206979935227905
436313737226891264
433739591288242178
436653836116062209
435835234672582656
431411516802228224
434607313043742720
435963735157391360
429596034797682688
436261358162567168
436618846661664768
435619624348950528
436161231678742529
435803945877782528
436624278944247808
435825840098516992
439005668797075456
431431839774171136
436070478784892928
436280122602057729
438041385682223104
429501239878246400
435870978497708032
433334528447217666
435883058432978944
435827343467098112
438849194774646785
429743260509405184
433796085664870400
436145261040377856
435835311721938944
429665576860938242
436283931353432065
436250066316062721
435451001781616641
437371835903008768
437298269928951808
435972180346548224
435867000208752640
437300264807464961
435821309558149120
436144377656664066
439249040455110656
435098950832754688
435874535506583552
432930352869281792
436297854848864256
436191697794383872
437200680454193152
429897492696936448
436550404122234880
433378775397462016
435923445998944257
437298303810564096
430958383298932736
435798810728484864
435477656747130880
435841754210656256
434781140642037760
431958598294335488
431576651453853696
436859891374780417
430129013835591680
437302182015422464
436826169384910848
431842841002651648
435873134386749440
437290089572339713
439496118335209472
436589683007447040
432775467536777216
436256653357244416
433798734489456640
433305667667894272
435697189247913984
438022633033314304
438049395758481409
436574726014906368
439247358329901056
438889059767689217
437383496559239168
435942820265095168
435829256141422592
431286883885150208
436550754224963584
430813729232396289
436990775222489088
435845783087513600
435825183002075136
436014181620273152
435976160841711616
438199719676743680
437299682599907328
436429955920977920
437286629288329216
438167692432785409
435879474005938176
435933025835442176
431977330274091008
437780369580900352
434248748253061120
435205930096267264
429729783815995393
435849063817170945
435820978938335233
435914796139954176
436294503990046721
433750158795214848
438569922550312960
430694642917859328
435267358111064064
436275946606592000
430184686443569153
430942040906428416
435750503738527744
434090177892737024
435464593666609152
433355474214211584
429459972658049024
436627060283301888
436591691445723138
429673497611075584
436489788170854400
437298105935876096
435950906736005120
435839279713878016
434007236222808064
436325667232575488
435941461289607168
438467403413200896
437362136159752192
437252163387944960
431815787238928384
435828146714464256
430053616439664640
433348294605959168
429487153769619456
431216726496534529
435909457596252160
435779173685014528
434320074090872832
436460224363237376
433044482913628161
430166482501124096
435824373933416448
436993465176846336
435860846153957376
430054366364442624
437944769097256960
431687587191746560
429573532432232448
436926840394219520
435943890881765376
437293658962817024
434403102553174016
430175973825589250
437705142679240704
435843105041158146
432734136730533890
432296206505873410
438073749670076416
438045697880100864
438012617244700672
430216640815702016
433763163922653186
435919411740811264
434681562152452096
436872237288030208
437410961440653312
436199914721509378
435927207639535616
435859099062775809
430168347699724288
435470396536938496
437015621717331968
435917416262950912
432937214679343104
436711588465094657
435886741480677376
436222665225797632
430219445056073728
436282013218123776
430873475540996096
434615097227362304
436508658902794240
435969538631675904
435821179190796288
436184579515645952
435952792054665217
430822843232690176
431609013323563010
439366196585324544
435913563635331072
436797539027677184
437201873796599809
437936505517277184
436586845695401984
434454822969171968
437765973622263808
435918420140249088
435873349957599232
434371736419983360
437295804878168064
435823709677305856
431191817867231232
435932515392430081
433755394893041666
436181262496448512
435872466490372096
435605458796027904
433802620340158464
436281653414342656
436930488003883009
433413473444167681
430151665598337025
438473628011601920
435803163505881089
436133516468686848
429581439995109377
436585258360664064
436386183346524160
433157466944446464
435820691053871104
435351066499354624
433474973621972992
437302611314630656
437289281430618113
438948923097763840
435926791257989120
430719019423789056
430513401110863872
435960870657474560
436155718941831168
437251555801047040
435213274410262528
435945996296523778
435824137140191233
435950523640840192
434959731250462720
435837929102245888
437365730255060992
435911986267033603
437289486578229249
436185562345533440
433291249391788033
431476874200760320
437873253818695680
436015280297238528
435421203583741952
434238583864819712
436608686719778816
434659291933323265
437291827729682432
435930392001249281
435849990800670721
435969436416479232
430817250941997056
435967090164367360
436153345041256448
435889403353776128
433758276539666432
429953976574824448
433917801888116737
435837018786893824
437318121612124161
436149153781915649
436126544742731776
436347876092805120
439319412643221504
430708188367712256
437291775494197248
437886228055474176
435823644099354624
435547438691004417
436275862535565312
435880353996107777
438024853745315840
436189166397693952
435912379088769024
437288823924326401
430219432988659712
431457150901051392
438573258687119360
433394694681133056
431692422548963328
435465934912774145
430169556204531712
436684064750600193
431880053186891777
437937778903764992
436441926607183874
435820098402533376
430996846794645504
431791938317352961
436139811968004097
432776088297541634
434021929452720128
429430631131398144
435809817479757824
432873849319743488
435927044765908993
436136062096642049
435637982415319040
431544339810906112
437915325443866624
431191627122872320
436163456463405056
432880489389502466
432831664960438272
436215891861467137
432181742875594752
436231517367717888
432297216443547648
436620636274696192
435833144004993026
433291180315774976
435828014736109569
437251568648208385
439128920873795586
429592281654788096
436595714370838528
436571235682877440
437551660684963840
436630702633676800
436289873381965824
438686270294720515
439246273527308288
432183301059936256
434332778092429313
436549344322265090
436286770205171712
435819685129359361
435442705821208576
438255716520824832
436211420695248896
431179644826836992
432951822601314304
431058398235602944
435171560932925440
430940909920718848
436649808518868993
435737294201290752
436283203977224192
435820012918431745
438419991298576384
435220032469991425
437358980625465345
437972473288470528
431179686644027392
436555240981028865
437882421380280320
439246288702668801
436485919680364544
434440616043229184
437285835810283521
434555002871246848
435759118414921728
434636341049950208
437256411890720768
438911082157977600
435637425973387264
437955649809686528
437895638379134976
437016519021985792
435940609983926272
436360948886937600
435837434928979968
435931369429291009
436371417378988032
431796689994014720
437342341951541248
435891714566270976
434814433953857536
435925175897698304
436344777185849344
435519942159790080
435828196395581440
437367800630636544
437343141604376576
432931241235869696
439283678225510400
436021009729478656
435872088071483392
439535896971329538
430708601054056448
431896985021726721
433620538917793792
436246248983908352
437152600429850624
435902062174302208
434816833930416128
436723737182752768
435945306195521536
432826765396819968
435844451169488897
431925408833871872
436245032161398784
436290362731008000
435826535652536320
430161870096314370
435109776104513537
437285770345213954
437290957126774784
437250081759059971
436574352239112192
438007824782598145
435841459502084096
435756309317574656
436247417273344000
436183756517289984
437951932532269056
430222959798542336
436044357393608705
435798854403751936
435844919518035969
436119054386876418
438794717984067584
435863696599162880
431752451322953729
433155213185519616
436293648767270913
430140704350674944
434241598315315200
438337955875139585
437958697223221248
436562751008559104
436137706897149953
430811859768590336
435838434243260417
436295070665674752
436299182383828992
436172660322471937
437223512953327616
431419464140488704
437015192812400640
438090242898530307
430479385842704384
435836563834957824
436135019543670785
436053721412169728
438142552437297153
437195231948062720
430785354002862080
436617605814968322
432831929541726208
438598861288787970
436222338401447937
432930353339064320
431191569459605504
435741877263159297
436979618046693376
435977200786223104
437957407973466112
436179153507721216
430839111398981633
435824116340633600
438012088284246016
435889589283483648
437401329686683649
436225706247200768
437749546030870528
433446278521823232
436638033861824512
435992009665294336
431577830099812352
435915907563417600
435774276235313152
433278069940310016
437453506383851521
434518343265943552
431487812039213056
435994839822651392
430542317104427008
435987955245531136
433245376712548352
436199949701615616
435939464439820288
435952154470121472
436306721976238081
435901942569529344
432317379767328768
432659736668798977
437644674308648960
435203284995809280
430442053332242433
437241299356614656
435851062990606336
430419430212788225
432930335077052416
436199634965233665
436297779749470209
436209527671623680
436400917626515456
437917684886687744
436038807654129665
436370926264131584
436579847268491264
437016821901049857
437313258412724224
429453281895940096
436572328676171776
435929888264974336
435563104341348352
431577679008387072
435743886783180800
431577203013201920
438498845723332609
435819865320857600
435930904884572160
436179346215022592
438673547473743872
430193270862258176
436416512891424768
435012070690402305
431423567142866944
433858142540414976
435849393552777216
435953819554295808
438951432608563200
433310150355476480
436012482209927168
436552461676216320
434118635259314178
432741243567607808
436225159100641281
429432530278690816
429586116854181890
435956926027808768
431790726645444609
435878718888632320
429978132662083584
431198491625275392
435875105743187968
435905188847955968
430958704822087680
435941966808117249
436338741389447168
438276261287571456
435833700761088000
436823023388078080
436272143240663040
436375514245120000
437018575715315714
431096330187198464
439536668568059904
435940692406566912
436527419415994368
429777347131084800
437409526032367616
436900866143305729
432850352367357952
435826182013980672
436002004876275713
435201966885847040
436209977074917377
432750996477845505
437081644357283840
435873592765476865
430367560349929473
430166988665532418
435928671149244416
429616373535236096
436213564827652096
435848959660015616
436234449504591872
436870207320363008
438950824304054272
431630609337692160
435893549964349440
436167552931086336
431467988626067456
434338666618433536
435908290925453312
435986376048541696
433446605300039680
435927772759068673
436227407087796224
436134035987775490
435995138041458691
436177906063011840
436597110851764224
436172272328392704
436683256298496000
435952439867371521
435927061505773568
435553879544307712
436205831952953344
436494324516532224
436421486044131328
437519407443476480
437349444494057472
436621558413811714
435887934596984833
437501972824870912
433712719720480768
436014884791136256
435735384983478272
432320474966925312
439537699884519424
436398335163760640
439473071884218368
436318740473319424
436431823363903488
435845830655111169
438846858174025728
438047534821670913
439477575623409664
435235202487422977
436169713467797504
435958027762417664
436574682691534848
437829257742385153
438011917320200193
439327383082893313
435418777300119552
435447325482569729
438352845642170370
437774514173124609
433231485567393795
437465424733540352
436297514908545024
433729729762697217
434347444344590338
436298603724689408
432242144481660930
433271967127326720
436160844292833280
436297446600101888
430779186849267713
429432587912613888
431884005114249216
437891364798603264
435836488492670976
436245573083992064
436899812068167680
430748074017685508
434648442606866432
434527400039178241
435822451121872896
430779948660310016
430708363052482560
437949712025796608
436170287374409728
436574237923368961
434104342292226048
432863428948926464
432015208341458944
436133961668902912
436369163309707265
435874574815617024
434086672095911936
431868043342655488
435889256599654401
432773154910396418
437914295985115136
436027630677000192
430814428863270913
431449728296173568
436178290777128960
432946394203426816
430816816709914624
436331720841781248
436309525876838401
435820628503822336
435887200333340673
435863141889478656
435837813884735489
430167935198306304
434318834544017409
439535788628246528
435637082568933376
437985374280105984
436408151705780224
434355593038405633
435968340620611584
437022936554545152
437937213993914368
436003171018629120
437669592450994176
431975211013926912
432930337987895296
436085728145977344
430178062127222786
437702480760029185
433347828354514944
435916660419989504
435972240316719104
439536728152764418
436885443158618112
436331274425208832
434025326708916224
438135570653405185
436786323962494976
435897812731957248
432434354640281600
437297196044939264
436157862298267648
438318388759506944
