619683623977926656
626671399466307584
623889755093078016
618725267608072192
624051566669111297
618507255412039684
618464252513386496
623581284351246336
616891375129337856
626303775171563520
624118691861377024
625960439084494848
618695463768723456
623607604137316352
620898938548125696
622678138896711680
618664802303356928
620888010259832832
617320360627806208
624712687767961600
619282235653406721
625590314967957504
622062648679641088
623107488699838464
621463614382182400
620686428717096962
625033837114953728
621322915951325185
623367489871855616
620595772141236224
622369334762041344
618439672650448896
622683115790544897
624183688884936704
620713395717840897
626299446196891648
624759936967274496
616995738397057024
626497517564358656
619679109694631937
624142343751401472
623432241033682944
617818827125080066
623512681719316482
622686296671174656
624160535676743680
616548473685573632
625155266141663232
624616135867011072
623567522663649282
623510006374109185
623352636406763520
625061030452981760
623414292256153600
619527835166855168
625924724468641792
623568964312903681
624752589993721857
618175113280622593
626128525804748800
624132021485371392
626384680036732928
624711489916502016
623624845004251136
623078213468717056
623692274074038272
618660893799399424
621503450497613824
619051216362979328
624315590111432704
624957435350880257
623745376412147712
620162375711334400
624619194538000386
616274644111372288
626791068701466624
623518519309770756
619147472317861888
618087253059969024
619479890220425216
623215526639239168
623332667145060352
616538144150650880
625946011559686144
619678180526452736
625461671096487936
617014324184379392
623501572287373312
617005013374771200
617424098851979265
621392164363239424
623832700420423680
617671664621334528
623163419013812224
623699865248268289
624935885776228352
623733800489586688
623626866054819840
626745175650336769
623517085629587456
620793573051502592
618055568872353792
620966999523352576
621110552748793856
624420738317967361
616276334126465025
625892586897715200
618524912492367872
618797284940234752
625594035349143552
623068699814002688
625680478163464192
623410121260048384
624309144355377152
617545884881002496
616259580482482176
623508464443236352
624468622044364800
619482416512692225
623448138490232832
618509114289860610
617295337481486336
623411246209982466
618528919805927425
626283759990648832
623521861276672000
621755594056314880
619916358285856768
616622769246044162
623969583393849344
623065138317299712
616966096931962880
625429015407534083
618311775109414912
624127875311083520
620484624859303937
620272066428825600
626492316266692608
620881888060686336
623591090466197504
623936689778458624
616507568685514752
624023771909869569
621348393626038272
624518839041028096
627097319553417216
625511683386048512
616995169905319936
626342484315013121
623130756823580672
623616086261432320
621527252015038468
620928744262397952
623468049652281345
620913392212176896
623774603538755584
623481503985598464
622325632408678400
620688660078264320
622684879315185664
623034037725061121
623736881142984704
618516183680204800
623451815753949184
624202759655571456
616876146509152256
620801130570715137
623783011813715968
624922791435993088
618750979865972737
625638438256013312
620710072134574080
626243236932255744
624096052006756352
627036696882884608
624408769665986560
616691857280491520
618573695439638529
624412538558504960
618333881352126464
623171262597218304
623593483253592064
621601087691354112
620450238269009920
620705795232149504
618485376257273856
623470685193515008
623910663966961664
620643649077018624
623642389723394049
623007756866482176
623419134865346560
620363367740411904
623461272751878144
622699373768671232
616076451381522432
623858659081220096
623635206176542720
618614692064456704
623847947290030080
621204421360250880
626864980256772096
623322662048280576
623105255610302464
618574187796541441
626752194067451904
623075532343631872
623334289376055296
626716582178365440
624684413473787908
623647454425038848
621048465230053376
620691817487536128
616227176015392768
625315338113130497
623650275992010752
618787541806940160
621714714557452288
624474638202998790
618585051874373636
623488210866446336
623605569505656832
623532213146152961
623130917268144128
626784164474433537
621503647663431680
624194749231030272
626528971191025664
623349372558934016
623576001516335104
622761130038022145
623573546271440896
619312722216292352
623530400162410496
623542286278893568
623537602340253696
619680623570063361
626716617469218816
622695548349386752
623954246686281728
623766868688568320
623404824260800512
616992342550016000
620454905682071552
616639954618224640
625638811096219648
621315543660929024
623416560527515648
616393501404598272
619896400935940096
618547254610235394
620715175096639488
623782357049417728
623283915168419840
620548332415504384
621151713483976704
624144181418569728
620690428300500992
621762418591580160
620664287909052417
626546803316551680
623653955789303808
625599435712675841
623627314887294980
624191073590624256
623507214481891328
621310160460451840
623691706748174336
618670378609704960
625981867599093760
617348232377696260
624822808481296384
624474266969448448
623976178769100800
623624705195552768
618612896902201344
620963600971247616
617457343651950593
623327823860662272
623763028488515584
619643329668493312
621541259774070784
617330217946734596
622272791732072448
624190184284901376
623754301031084032
622798401017618432
621511535483990017
619595349343240192
622411146289483776
623433932797640704
624850667845234689
622776046774038528
619679466734927872
623462003621953536
623531285286375424
624814266252529665
623631604519317504
623409120339750912
623535516424753152
617944785605783553
616563731569360896
620477721190121472
624383255542829056
623930582800568320
623504248593117184
621650259203198976
623407554245324800
616322714140319745
616878341153370112
625184884491988992
623600375149367296
617340506100617216
624813730333880320
626518200511913984
624756934923563008
623748122381033472
618782231440437248
623940760178696193
624219212995670016
623408468318269441
623546482818461697
620697958699397121
627070026411982849
623592677917900800
620686023153045504
624191079944880128
619747391860801536
626746016537124864
618530001911160832
616199719887478784
623437376115884033
625407855810600960
623512785696243713
623778509819777024
623515943579160576
623461443577507840
624593731795177472
622041919355367424
620610299717029893
619208569100087296
619495165284085760
618399445621821440
621223167621746689
619684071287885824
620462657439682560
624219625451057152
618513706322825216
623048884315537408
618670730243350529
623480366175768576
616671939059412993
623837985310511105
623836171844644864
623343543604547584
623591773760286721
621848100135677952
623912020056801280
624952676170620929
623692304029581312
616878495906570241
623405508066566144
626200051044331520
624980626454745088
618624816304771072
623870438045798400
623409096411054080
622734380021190656
621504994039177216
616638592715198464
621842750581940228
623465615068692480
623946157081804800
625633061032562689
622680015956783104
620818609208623104
623598623188746240
620354897196638208
617642339658559488
626187911470387200
626322050320240641
618542710597619712
623891514717011968
622681389515821056
623988071701323776
617320531369590784
626045587889225728
620715259914006528
618305463000649728
622782177831424001
626332409793871873
622700789413380096
618916534514126848
626751916685565952
623078191834529792
624202451114180608
624943164894367746
622247075984510981
624451465470279682
617063352498425858
621006275791319041
625601599184982017
623069937582637056
623759810626871297
618233912406310912
626171252500140032
626785295401381888
619541621445627904
617815680398831616
620917889504256000
625260725527666688
626671347167588352
623605885156360193
618631085883301889
623828446439981056
623701459100696576
623734446559207424
620686749988220929
623953416142741505
618496731680866304
623737018250600448
623579442254905344
625511358709116928
618036571648991233
617549416703070208
618501210761469956
620231635213029377
626045816755523585
623866513439653888
623335277872812032
626153744758087680
618156890531463168
624122989655670784
620780213249544192
624736774812733445
623084042884243457
621764966329266176
624172896303382528
620951513863602177
627111743328792576
621310160485679104
619680823453724673
623941474921615361
623642747132583936
624220942886113281
624590615481692161
616697448455507968
620749490132271104
618764972366000128
621409232605331456
626507589967216644
618374024557690880
623572317218717696
623627335791546369
623461891717885952
619758020143157252
623891684963811328
627196495100518400
618423233507803136
620686034934874112
624017352330506241
621503516570484738
625940585505894400
623257935335038976
625855410931671041
625160546048978944
616507885342879744
624011066515718145
623665745499713537
623892891950301184
624498741920137216
624118479331799040
623411473793085440
624715392561233920
624445930339737601
627099273495228416
619679407767191553
616273041492983808
623641928475676672
618765741014192128
621655786846957568
617719301307392000
624701866375557120
623509225818341376
625637990354718720
619680587960336384
618622672495226880
618002402839560192
619528209378471937
624598717564190720
623904743568637953
622777108377509888
623648912478310400
623520210822139904
616997373621989376
622864381550968832
626527628397129729
624380785747849216
623592533294206977
618570718943514624
617339890481631232
621360704902328321
624223498693681152
625638960522465280
623520974370050048
626118771061747713
623531850045235200
620565239004725249
624176062705074176
622754315266961408
622619522231484418
623595949328310272
618783187678986240
624170931662012416
624564641771864065
625601652834349056
623414391296274432
619712582413254656
624219242750054400
622297024558272512
620506309167857664
625615910267531264
623450454140321792
623872311578333184
620687749704773632
623518958734282758
618875490057781248
624183215796920320
625686046815051776
623024024231149568
623600529764167680
626765539189231616
622396619288387584
621311184009080833
623856561207820288
623508746514354176
623591660107083777
618488203813736449
617357090991030272
622590845263441924
618633132414267392
625504026004729856
624109391990685696
621934874442665984
623452531595866112
623850645368500224
618784009150070785
624918277416849408
626818390573883393
619978428935094272
623460412315553792
623480311540649984
623516442340798464
623407693445738496
617958932699480064
626757569969790977
624930398737420288
623527002767757314
623412570972536832
624762443575742464
623485907467812865
625951653720526848
617988853266259968
625754340180029440
624817171433189376
623716608536477696
621504288368496640
622325420361265153
622432204497358848
617002739508322308
623409919178481664
616490528431931392
619825218668724225
626746102050459648
623518043377922048
623388065906749440
623520081444626436
616077186064191488
622711264842752000
620983850244644865
626682229553389569
623707626577096704
624593738149466112
625654676185182209
624145083877593088
621503877150547969
623443591017443328
624602825708810241
623809157838303232
621292860462223360
622678392928755712
619589492530397184
618572892654174208
624575091263733761
623915665188110336
624382099315945472
623775396631302144
623330178442362884
623523442458017793
617339404382814208
623773759590301696
620692321021997056
616399819817529345
624225094131425280
621376052313636864
623922771458936832
623461658212585472
618850055739572224
616672326575353856
626498431301726208
624369849821741056
623419529717252096
626903941758984196
623522632193941505
618268934257688576
623576625179824128
618829076145524736
625478403022438400
620685612606226432
623279855061221376
624378552729927680
620708403036487680
616685896168030208
618885879147302912
618486194511421440
623558518570897408
617341689250848769
618490396646207488
621303498307710976
624014651353763841
626320802137280512
626117303499927552
623636632852234240
620686738919440384
618492019397279744
616670683104444417
623497146289946628
617276894740914176
618440938570956800
623607632197193728
617340844136398848
623544278367760384
623877635249016832
623638997374517248
623566355522936832
619832809360879616
623216548212273152
618902642077630464
618403049380319232
623427647066877952
626671360333467648
618927269399105537
624326785337921537
623607286695632896
623392609944207360
623073604025106432
620947144015507456
616452415273840640
623354417497006080
627025414121226240
623458765891895296
625152015103041536
618530000841637888
626544993033977856
623407092804780032
616223886619856896
625900173802254336
624291223952564224
619244766094438405
618674733190545409
624040986042236928
624441236494094336
620841268453642240
619283187588571136
623500783066066944
617422484745273344
625702483449483264
617817437954674688
620849595975753728
621250126493954048
623626894596923392
624158689423978496
623230889766490112
619835546320244737
617457027523088384
624709943086727168
623832050454425600
624173043758141440
620897350584655872
626682861630947329
623855319559503875
621944729026957312
620383814515191808
625144819891982336
623409931300020224
622729796846530560
619857255731609600
617000980320665600
624605526156967936
618114385874157568
616185287530516480
623859911215218688
624701257576513536
623922598234042368
624288714756374528
624219200651857922
616806225683066880
620685545304293376
627106327421038593
616675965931003904
616199616191688704
626577575960268800
623625019860611076
616275360305541120
623613245895626752
619207086103261184
624514267149148160
624326411952599040
623538921641652224
626128861856702464
623863155765170176
617795381343055873
620913696487927808
623541175639609344
622546630307356682
620600611051061248
621491577496694785
620831850773086208
624545513480650752
627220856645660672
617410652131344384
617767757145337856
616071378341642240
624872387150897152
623875352675360768
618823891239043072
619833130090954756
619679066984157184
617107535758123008
623559755458457600
621504971637395457
619899029971824640
623989524444618752
620810125134053376
627152977493495808
619785908003450881
618241945937309696
623562393273171968
617897807890911232
624769059855429632
619134069427830784
625120863017275392
625590581138456576
626716925012262913
624912616868192256
618484932147441664
617891181264039940
624573327936360448
623896563618873344
624591421698277376
624438226871320577
618437473664925696
624323801254211585
618784080448983042
623882080913649664
623518068900253696
620566180919701504
623652995482419200
623824464296456192
618492914214301699
623691977943461888
623520429945286656
624691293629890560
623569138846306304
624384896027521024
623858820251455489
623805694689546240
624922112684347392
621311184004861953
623512869196419073
618309654351753216
623157238148956162
619110579223920640
623646714533183489
626746159848030208
625814449241198592
623515672937500672
626532658806304768
616044447403413504
617880486866718720
626915727874895872
616305490587426817
623138970671542272
620447888385007620
623520359745200128
624409726978269186
623772093579030528
624238032393252864
620715333695881216
623432265016541186
623953623890984960
624095513802055680
621409180088463360
623623765335764992
623528629314658304
623472822178852864
620460767339384836
616182213751640064
623589789460082688
625655097612222464
624232590011043840
624779902785613824
624592343862108160
618861301964537857
618572542622609409
625214652809637889
619179634509287424
618323664119988224
625411386894614528
623620548971655169
623987642695180288
624409014768635904
623504995246215168
626682656281903104
623138065150779392
623596568474710016
620826015988711425
618570691424743424
616457788181491712
624244306707120128
624412371403079680
626744754819178496
623519713688207361
617325417494675456
623554893123559424
623641119843295232
626159308535795713
620982572848427008
626023229501476864
623640332366946305
623489901422620673
617642258427420672
623614570968555521
623748772535869440
625401610370424833
624282250302066688
619233889320615937
623482128865427456
623519342030909441
623332670563454976
623628249533317120
623078205549899776
624205528915427328
623638933675470848
623605303456722944
620687037465690112
617851895722315776
625466101917483008
623858010935398401
616375419806224384
623871658978181121
622071732376109058
619985443992440833
617843209503440896
620565914061148160
617847760323088384
619287269925466112
623523444110573572
624685915466821632
616161095858851840
623704055542476800
619236138461564929
624396334213148672
623611807085649920
618288597666365440
623503920359415808
616958949246504961
623639881328103424
624913489614774272
623250942364884992
623524803505430528
623431742737625088
618917611087069184
621146937366966272
626671352813105152
624739986852704257
618764702445760512
626962766633439232
618583153242939393
617405927663104000
624312525388025860
623747146945134592
623466338443399168
624680868880105472
624670548551958533
623517860187521024
623683192915165184
624607611111911426
620844740758605824
618056828124053504
626984964584665090
626774501515202560
620448084900757504
625156730855522304
623405818243850241
618544178344165376
625737757382574081
623523932927324160
620902672225431552
616042322472648704
620685890613059584
623290665259155456
623462003512901632
621698022410469376
623527243826880512
625147669636255744
625668152261771264
618270759748698112
616937628122742784
618490851258314756
624932886496563200
623439200273211392
624861109380472832
623601633453170688
617059860916649984
623651516369383424
626750897524183040
626410634557698048
618796266311520256
622162959591206913
623975871645413376
618007423152975872
623517084765560832
624280194732421120
623368214530117632
623410250679357440
616076257114083328
626716882947731456
623602632892903424
626851669922422786
620452501465071617
623750078184988672
616366665715032064
623328692731777024
617037787964043264
621095136362110976
623884601996521472
625530971295715328
616900227799339008
623078172406497280
621209307925905408
619155300575154177
627255371032190976
621331490325008384
616996310386872320
622427412593250305
623598158682189824
623951813629362176
619880997795008512
623215410389848070
618488041955569664
625105342519574528
623416957572808705
620829857740554240
623903855688859648
623460585154478080
619948538240196608
626744915674927104
623521879232544768
623273705104388096
623628633907707906
623564146509000705
623564532611297285
616261805342650368
618677954613088256
626753021230362624
626692896339722240
620808660160110592
620843023782555648
616653585409900544
623082615440957440
624114531841650688
618519194771042304
624138693767471104
623421228305514496
625698617676955648
623604043756228608
616200637114617856
623823999303204864
617301010701230080
626087954050478080
624221212709928960
616658106114818048
623434783977304064
624407598402551809
620684338649243648
624287755112194048
620569262860603392
619859038243848193
624429878146920450
623347688185073664
618896120719147008
618505475227799552
617355650234847232
620544866431295489
620956020353830912
623392382579380226
626671407456456704
623461499554566148
620057243606593536
618020483586478080
618628140231954432
626789997635575808
624273572006072321
617008088827215872
623609737238720512
624040152499752960
621687762626940928
621315566595346432
616844519116537856
620932029039771648
626671394902945792
617798099709358081
624228991856021510
623645089777192962
622906154230902785
621311393996759040
623063660974505984
623402460837642240
623734316112068610
625402790005874690
625065457507299328
623005270046720001
627220152426172416
616275704179752960
624213840939585536
623613591497801730
623079718905057280
617429162052198400
622260230152396800
623500384359849984
624708054722945024
618324914735443969
623097537382092801
623507001209946112
623356808128675840
618137947125207040
624157553602244608
616995789320101888
618020743469772801
623166989964546049
621503609302290432
623331713633099776
623484581791051776
626337468493598720
616620487934783489
624540258051293184
620639855190523905
623523122357096448
618018148168695809
624871442140655617
621764056131727360
625859068830183424
623625091704729600
623560874708586496
623591686757814273
623920933473009664
623844926107820032
624224567767236609
619569540188389376
618374024779972608
624371305517723648
624276674872520704
624177586223120384
617277623559819264
620521016452759552
619292166347554816
626442286751203328
620348065732427776
621322393412186112
622923858538958849
627078301098594304
625326448723636224
623889759002177536
623307721442500608
616982756912988160
623094739307368448
623629485728923648
624408758123233284
616398552890150912
626156769987858432
623621687414685696
621293152717045760
616368975396667392
624179337777049600
626902757622988801
620722210714456065
620688236692774912
620399766489333760
616203493968375808
619121602492416000
623537662377365504
626349705719619584
624601425805336576
623599943937339393
620793990024015872
623393202419187712
618596895074684928
616630058225139712
626787434785828864
620969146486951936
619516564644036608
623072315580919808
623876400790007808
624322281007742977
616589585175326720
624817290903588864
616571990326005761
623409927294480385
618490256283799552
616404489248092160
620694320639815681
623582032707194880
623314162375069697
620802738100645888
625481872018178052
623450364721807361
623467102049972224
618165631339376640
626723623831646208
621111308822253570
624215984308531200
621388532406423552
619113444726345728
617005734170075136
616915430595276800
621348833281372160
616276667544244224
626772905326706688
624222079789871104
620718800720261121
620685516493733888
623488630317805568
622703384173219840
623480573156270080
624168597787533312
620375884722257920
626192662757023744
618763342195388417
623320312592076800
623413542780305409
618574973276422144
618520593894346752
623521375781847042
624896124801826816
620565473973956608
619979601805185024
622399667809206273
622586382435794945
623740875005382656
624561936391401472
623678377572962304
623474033842102272
620747455882072064
618461341049864193
623410307143110657
617944300320460800
618519820359720960
626546694893793280
620700453697900544
623443537544249344
624832166795591680
617001583423979521
618456704036962306
618485938994462721
626743588458733569
624796819881472000
620448649990909952
626873064937144320
616515801252786176
623955583981473793
621760680014835712
624648187911864324
624074367979376640
623300262497779712
620539478394957824
624422335492300800
622124627951792128
623859911215161344
624603757821562882
623742332584656896
623516848215060480
616779816457494528
624582728525172736
623443481118248960
623966435950338049
626723608094707712
623219518203121666
623673898236690433
625038503819264001
626079868032303105
623342959732387840
624219192980434944
618571552255160320
620968843582828545
619150853061124096
624578818125070336
623706135090954240
623410232052416512
621190558803832832
623887984287461376
623393180650639360
619291214307667968
623528736093245441
616275135016869889
623875013926465536
623014928031444992
618505567716380672
616392584739561472
625753063794454529
624776539465342976
627010672543559680
620568386356031489
623050857685254144
623762491126886400
623463989150920704
623910977424236544
623452401903763456
619287793907314693
617215440620687360
626792410010517504
623621353640325120
623535765688033280
625862101765107713
626933963110531072
624065666765582337
623408990265978880
623390072834953216
618571071181099008
618570596977410048
623480671164624896
622678928356868096
623525156317724672
616443833841250304
624742067223158785
626863679670194176
626311489247399936
623078188080607232
616817957272965121
616314815468969984
623781783583236096
621505183491735553
623755429403852800
618504791220731904
621504448372809728
624240119277613056
618810914427408385
618380418153336835
620531117892894720
623953141768261632
624644890824060928
626954727046139904
623520575034556416
623825851214270464
616891834321764352
616999361956941824
623629404242112512
620569993990774784
623457823083655168
624949994789933058
616659078803234816
623496741778624513
621764607267442688
623584275628101632
620579934390591488
623332681791635456
620597445102292992
616061929484713985
617326139854471168
616397934028963840
617776933804355584
618009684855889924
617581075141799936
624408709112856576
626685048855642112
621503942070038529
616994497227026432
623241772987080705
625503816193060864
623518695663407104
622414460959850497
624408971735105537
616848869792440320
618184402166751233
621760782380965888
626681248711376897
621090437755867136
625057676838375424
624275543219957760
618632058978615296
617857339408941056
623530592177647616
626671342964862976
621764736728834049
616366273908355072
624337240941035522
620634572909187072
624378429442519040
620149065574002688
625243563564118016
623762195189338112
623520546781822976
623447782381219840
618374025375559680
623773252045836289
624171396222967808
622984048739229696
621503873589579776
618590401696530432
622812852156542977
621613614726680576
617300093629296640
623409943673237504
620881848923615232
623759622889869312
623659357402611713
621003210057216000
617518258468491264
625563370700156928
623409939361460224
626782445086605312
626780149611106304
618461050082619393
624680595378077696
624175524076736512
623434033796485120
619626849275133952
625640330587566081
623748046061457408
623507304080666624
621978802206449664
623566242989899776
616397637042900992
623592627095535616
623033915310084096
618571724037193728
617505209309351936
626871288561319936
626745815172689920
623449765297025024
623522027756847104
620447356295643136
623868510834266112
623734603040206848
625796534995521536
623592720276307969
625591132345470976
620569027136647168
618094737535463424
622775446099267585
616994710960214016
625349906673172480
624531523295944704
623627878555521024
624178969214980101
619880147408318465
623403980719267841
619744930475290625
617338133282222081
621409332790448128
620977423660777472
618529734880833536
621504447504646144
620826331392028672
620686848290082816
620533603483545600
619511484964597760
624818300535488513
618027567203758080
626813681007898624
618828351482892288
620725853295616000
624904212510453761
618571556978065410
623649808964648960
624542149200228352
626055850436755457
626112299292565504
623454809320984576
623526203585097728
621748911569522689
626521548539756544
626510786446389248
617949038273388544
620596386459975680
622473875083755520
619010856420913152
623457779513044993
618774139655036928
620687543982403585
623581571107328000
626671368566898688
618943855262625792
623854398318358528
623409968864169984
623412670511755264
624408808652038144
624942272531050496
624158104884760578
618534835343237120
620766328253624320
616499021851422720
617133681447055360
624040465474658304
624169575706333184
620947502674526208
624170929355145216
618570816930713601
623817918523023360
623406465739395072
623388498666635264
624412023795744768
617487680549556225
621504265819922433
624224112932712448
623509989957738496
625242481672777729
617075088563683328
623590886379655168
621177425796268033
623592630325084161
618756164034150400
618293084107984896
623332587847553024
625059797612625920
625383462074191873
624408179422552064
619693562398011392
620548332398751744
617342237110857728
623530504130818048
624998286785687552
623651528209903616
618306454299111424
625638676756742145
620724220608155648
627183469597204480
621324501519708160
617487622777081856
623170395076698113
624992152590811136
619929394606419968
616279048487071744
618511080323571712
623592611815784448
623404118590132224
620489081856790528
623701780531159040
625513398151720960
623704728103358464
616998973648338944
621504424792485889
620845088223178752
620478824262692865
623772477290754048
621425894981304320
625202057352495104
622037009473798144
618484938380148740
616648100212441088
618788106293022722
624385643561504768
616562312661606401
621241544968925184
623692893614555136
623930633039941632
620602085197918208
620567940614758400
624466950417022976
623404754207641600
616996023211307008
623078228215885824
620821258498748416
624648755443142658
623078202240536576
624727421292539904
623638142738939904
623520586824716290
624925274422030336
619204719312011265
618086688238235648
623954122585284609
624778080993742849
623623354470256640
622586203494223872
622678038682054656
621504023749914624
626808811999875072
617250750620524544
619382310396243968
623521925806096384
625596422361100288
624879050457239552
623515687227535360
621315556369661952
620152045484552193
624091383540940800
621392182151262208
617706906195501057
618512579225362432
620481402837028864
624412857162035204
622523847670153216
618511610332774400
617758772920979456
626708972196728833
624743629089738752
623544973099708416
620689033488957441
618848053764718593
616294857179590656
616985815789498368
626037351282798592
625890788891865088
618713785788932096
617587363682865152
616907193305182208
623408373183049728
616199714460069888
619685048728489984
618184540780146688
616677852751208448
620989926616625152
619682958106988544
625925397360676864
618151055402991616
618493247636307968
624492802123132928
620384980779175936
620378911579308032
623536992106577920
621517620894830592
618315699975421952
623644013183131648
617997938426429440
623617756953378816
623518972151902212
624175718252023808
623014471477268480
626154718436454400
618311354257031168
623670417706852353
626227909464731648
626671384513613824
623467661658353664
623337944816840704
619278782642323456
624385356893286400
617350931483631617
624013041663803392
623412302373617664
621310420658323456
616375303410061312
618508129861435392
618848308153462784
616699616755515392
623870557814136832
622722656660492288
620951642008092672
623775393041006592
619166725809029120
618029816760000512
626108745718763520
626829799516938241
624158132848197632
623219730099388416
623522355034370048
621313550603190272
623469043685695488
619678289271992320
620787127089938432
617003572337713152
624770968100208641
618878864413040648
617731044935102464
623622979428089856
617960056114450436
619880640243191808
620975671641124864
624484734173900800
622864519476420608
623519663432052736
624712081330212864
624497004089991168
623515548807069696
616655452324167680
625680796557381632
617244157690671104
617220867517489152
623466241831895040
624332260192354304
620986263256985600
623947564014960640
623409915261022208
623543400948756480
624694320789090304
620819997988786176
624218844530352128
626176803506421760
623409947766845441
623411356771876865
623403705925173248
624606439202394112
618547418037125120
626745938640371712
618916323435921408
623883634601136128
623332663605112832
623410282820337664
626304356342734848
617300007524413440
626580727425961984
624571467552964608
625890847813451778
623069686838743041
618031162695524352
623478809321414656
618573475821678592
625136468395167744
624374737561456640
623561010356424704
624461311326318596
624080369764020224
623652954734657536
620628323182383104
619378972254535680
623497904607621120
624771436733816832
616492978404601856
626087803680632832
622769177200168961
626696801970688000
623410330379489280
622683249513492480
626773377026539521
622677836801966080
622310010564018176
616911817940582400
623919353814253572
623387171773218816
617283812406333440
624616836437426176
623937799662665728
623769652754149377
626846412937011201
623518119667994624
623409951785000960
626150445359173633
622691552670949376
620801696185200641
618622742976430080
623081604056023040
620021295686684672
623629180282892288
624411871001616385
618946529508880384
626743151047405568
621504496934486016
616602235263447040
624072260945444864
623452693458210817
617886507156770816
623773143153258496
624422704716906497
626688469612503040
626904433230786560
618548180284776448
623373837367775233
623510357743652864
619849191767044096
618581707042779136
624042656939687936
621050762983030784
626782409074323456
616306876767174656
623809263643832320
626150498265993216
623536795888840705
621620330570715136
618668869545291776
618488218229559296
616841519455170561
620956020450267136
623556880808308736
616310891777126400
623520902844649472
625896873832902656
621504909570121728
623737106066595845
619206465933414400
620872969368305664
624377858404843521
616213444505808896
623903350250041344
624467254541848576
624228913355436032
624489247471304704
623514388373200896
624582500808003584
625231889356337153
619987080442179584
619707039267299328
624468282796544000
625596921856585728
623468239704621056
625891538229436416
623515946066575360
623387578146779136
623950965461393408
623533467666657280
621356842401140736
620567061815635968
625323791967735808
616975994289827841
616753541856649217
625232316353388545
623797503981293569
617842642236346369
624174035937685504
621796378839269377
620619680286310400
624132782445449216
624598180181639169
620352379137978368
623205036655529984
620067612542636032
617012943222407168
616543871376343040
616627306270994432
623594714768343040
626906624662315008
623358469593128964
623069286010093568
617005059214159872
625668776902569985
624770070015668224
626774000086052864
624224186093809664
622251960524128256
626398843454783488
621223371527835648
621305534956859392
618560305728098304
625891141133561856
619055942940889088
616894161157906432
626564831013765120
623739647500292097
624600509098266624
624374607382843393
621329117900877824
623471648771944450
627133549586550784
622883187899912192
623517740939235328
618587027068571648
621570559831330816
618506392333193216
623605089865875457
620451407640948740
621503429551222785
626885724441346048
620582237621239808
624411612938641410
624600621321072642
623746422475739136
626750326134210560
625037525006946304
618691947406979072
626473210196832256
616200423834284032
620259174635536388
620950104090869761
622693119889424384
624375442707877888
622685187592331264
623699982600634368
616068475132473344
621762317819203587
623792451992485890
626694006177689600
623071498417369088
626112883349417984
623250785472659456
616101090702921728
619681002739208192
616907193288392704
622620046582530048
626747282310893568
616681882848239618
618819333423173632
616654586602913793
618756628117123073
624009700787400704
620973044597587969
623649660293545984
621587576206458880
617704022087090176
618783022683435008
625322885742260224
626189809082568704
624049224183746560
626689888780468224
623764727974506496
622251402266480641
626787200328445952
623617530624610304
623219303345717248
619773287342718976
616511670844813312
620470648205242368
620240114321633284
627093071780519936
623640609748860928
623616685329649665
618508114158047232
623528849586974720
620608596032770048
619020749202923520
617998363510898688
623513651681579008
626992929874251776
623523390394007552
620719180883562496
623596276676866049
624694659307192320
623861988276469760
623350710877315072
621504893141037056
616755233125871616
624914930349809664
624115632599134208
624411955785154560
624264377831694337
623803132510736385
623561933321408512
622806808000905216
625056142083911680
625031734837559296
626152449032777728
617892977285951488
622694160131321856
623403290529767424
627110696975626240
625512813608439809
624600685468758016
620604317045760000
623541094006026240
617549636694228992
620795484291006464
623515866857127936
621859497322090496
617384396685975552
619390256236728320
625744452653465601
623411105558237184
618514788696506368
624793299983806465
616104977703010304
616198414070583296
626875238987468800
625590861598953472
618879223592124416
619154067277934592
623459950170374144
622677411155550209
623368557821169666
620624208465231872
623522853925732356
624552513589547008
618004623605891072
624379373420957696
626884006039130113
617443218318200832
623625869072953344
617160488867139584
624514535211315201
624879604822618112
618503627443933184
625896718962458624
624797105337425920
624185937140977664
622988058779103236
616290623642017792
621069646951772160
618332401618399232
623766232727199744
624352879214764032
623418135085993984
624372465897058305
623838934900944896
619326566552604673
624202805255929856
620362094089646080
620592682046369796
623473207702499328
624068798438621184
623646865913966592
626424794603503616
625753200411459584
624333494597120000
626092065693286400
623524035050082304
619685214659440640
624186874836422656
621329349283835905
623791671218536448
623779956338872320
622047239981133824
626678649643773952
626671858784468992
622777438553047040
623954167623626752
623332692386426881
618945737368412160
616066044554186753
620466769023627264
626709782762684416
625213234715324420
621310972289007616
623082694625357824
626750631936688128
623359474418495488
623068750334439425
624744479891722241
623835337173938176
620699951270531076
624374004804112386
616574919552319488
624553547200237568
616648876058103808
618162595258892289
624816589016182785
626746603995410432
625266361409871872
618328449493499904
623859352043020288
623732911473168384
620365867549765632
626716405237309440
626063026580537345
617444655081345024
623409732825579520
626183758677417985
626933746659299328
617814556866412544
624219274475732993
618861203306250241
618540332909731840
623530883002183681
626572629663682560
619845208537214976
625411022791114752
624368677119352834
621504701788516352
623889761317445632
623902508168167429
619679376955809792
616609436916789248
619439480118841344
623498737969553408
623519219032936448
617217060683124741
618510812072689664
617444788296622080
621623147087929344
617847014747996160
624727030907580418
623552086073057280
619249417397207040
617704637731246080
625694917935919105
624667251195559936
624459290598731776
624593738141077505
624596414295748608
620693210298318848
618378160023867392
622747842877222912
621033974245232640
623430237674688512
624866933402435584
621262288272560130
624214867482923008
620827102296698880
626590791163637760
618056226061074432
623003330806046720
626960398349004800
617173908937117696
624219191923490816
625416374811103232
619688889305944064
625023910619312129
624238127058710528
621504765185363968
623079010973696000
620793863226044416
626932201268097024
621640589579276288
623744299134504960
620651949956972544
625719805400629248
623413784552603648
622770647874154497
620979997470269441
624203658717036544
618497292992053248
618215194896896000
623469519340703744
626746347220172800
623518190266548225
626570778348269568
626295087392096256
623633994089955328
621005141483892736
619797669767192576
627038708009672704
623527602741837824
623518401042993152
616247002670600192
617803807028711424
623546372072062976
625344817262907396
624416499084734464
626544369026355200
623706888354537472
619979501217255424
619900933607002112
624217149758930944
623917335376584704
622173454737895424
623977010562400256
619800006170660864
620052996672483329
617658444145823744
616655918814642176
623102165805088768
626299409903538176
623426947889152000
624437457883406336
617312673961787393
618191102823276545
623846018606612480
623085745381642240
618311199189413889
625890033598238720
625569318596546560
616591582830166016
617477447039057920
623566438465433600
620990957618638848
623691870946770944
623811351027134464
623861395864424448
621409510125662209
623344166668365824
616272564793389057
623623249541341184
623625214778306560
618506440127320064
621505137010454528
623574147289980928
616577495601688576
623625152895520769
623525923803893760
616065594501169153
625668226836336642
625462211524362240
623518158113140736
624457631047008256
623455965216555009
618827983630004225
625828454261329921
617945540551049216
616577524383023105
619628873475559424
623199505719132162
618508760751939584
623508554692075520
624873182445486080
625544941486256128
618010294393118720
616538984437579776
624413450521841665
623742836710584320
624814102020423680
626000951476883456
618894040667287552
617901442922221568
618505478646202368
624738603503980544
623443471861309441
624381518857805824
626177469888868352
623342731318824960
618763179703799808
623980049629380608
624710836431495168
623580959095529472
625891523503226880
626567516236558336
617474181777637376
623799425396158464
616146931375419392
616043143058825216
626693669706403840
622686958809153536
623468565694279680
619911336399499268
619625628724146176
624255859804254208
621362062954995712
620565390515679236
626818731151376384
618917253929664514
622977186085994496
616548933129474048
623612918387621888
623081188161400832
617149504861528065
626347892077412352
618112628716609536
626730204476502016
624482676871983104
623652170605416449
616686026015309824
624752328340443136
617367531708268544
623829727900499968
623665050784559104
624263089731432448
618488173191168000
618576747810820096
623617588287901696
621637693714366464
623332265997656064
618265749921120257
624859343050174464
620902171865935872
620687861000597505
624568295098814464
617799864307417088
623583896198758400
624744644031696901
623226825750097921
616073416718819328
621027112837861376
617993998574223360
616712700647768064
622794312284176384
618642432427626499
623999589150896128
623450630179258368
621504961051013121
625488195095019520
623405355683479552
626573304564846592
623327827987828736
620057743890579458
618984536416911360
625590860663627776
623488970136137728
626110674146439168
620566571552010240
623434775424962560
622421982185963520
626171464190812160
626555914888310784
623641814059200512
623316311997816832
623262494325223429
621760930460889089
626766710486372352
620955247704473600
623729684279336960
624594293148102656
621503422244777984
620723199173656577
624416422291058688
617340300286140417
627013412338434048
623432187614924800
620464621753905152
626752372455268356
624299047864672256
616623677493391361
623106051114672128
620565623068848128
619947768786874368
623080096002351104
624710950504005632
622252639539990528
620687363803607042
623968670193176576
619679641805000705
623869779871432704
617002585082494976
622681574346260480
616685483003904001
626680042005737472
623463230325850113
626871119522435072
622801237034074112
624590000416370691
622861709074546688
623068842281938944
622679281311723520
616278733180272640
623332723705319424
626992372665061378
617318140108668930
623862707066941440
620363128845381632
618570653004890116
618508124325085184
616076518029066240
620604027911344128
620565783098359808
623521107266682880
618040773250977792
618174826755178496
624750917846372352
623532917227032576
616609249263812608
623871463607672832
623463838848036864
624674389037068288
623437022733078528
618016209120952320
623070121733582848
618617713196433408
625348730741338112
619625657987825664
627039493699305472
621037405131415553
623988007389958145
624214492088414208
616572697385041920
622680838950506496
623603762125516800
617510050689495040
623158977854087168
624451035692580864
624825400208699392
623490763440189440
622889007668723712
617813746732240896
623940076125315072
624168778092445696
626538711530893313
618858623951876096
620359362175893504
626749875875483651
623510649646284800
626397190131425280
623472264898551808
623509267505614849
624012667200495616
623405362205560833
626532873860972544
619678516351758336
623694311469617152
625594597545275392
621754263467913217
616551604003561472
619678907042779136
623599630278885380
618080261394206720
624685900967092224
616916320995643393
619570744847171584
625602164166131712
624133370537242624
623625203957035008
625760955419365376
623760122574151680
620454500600393728
618491249281114112
623544462094938112
616638535412486145
617899521767424000
626417528173162496
624329205040308224
626671388116566016
617007735960305664
623826589759877121
623410302210564096
616821918952521728
617767719488897024
616276978203820032
617719770302033920
618521918942117888
626695992687984640
626778989722488832
624002487616344068
623528486381203456
623406463143256065
618441193349734401
624558911039913984
623394194464247808
623596637483585536
620466217208295424
623521026270490624
622165753278656513
618974385299410944
621644408220336128
624453964646383616
623649001796169728
619454659372167168
623417550722998272
623426947901726720
623518667641327616
623470916283035648
624411153817595904
618783387478724612
618311958178074624
618187629113118720
617776619143368704
624054704163545088
616997126879449088
623195136332140544
623819086250803200
626713545560977408
624225821301997568
625159476195102720
623409956117708800
623350732813680640
623409911523840000
620999811643224065
623621667936423936
620969140119965696
626431139700277248
623514889743675394
623410221033984000
623553794551386114
623073881054646272
621231006238904321
618847458970501120
623949490857209856
618553537660895232
618839864088350720
625155271224995840
616157506625216512
624291409894469632
623414487819776000
617154126619611136
620983832200675328
625320103286968320
620771308364677120
620636198587904000
624220379121369088
624455211273351168
623862426677571584
625405891832086528
619795879638208512
617050219298033664
618503971544657920
626755387899949056
623644013971640320
623530604169048064
620686344088502273
623530793239973888
620819367962370048
620676617455583232
623841430138564609
623859707971805184
623216498304262145
616511013479972864
624409143605116928
624322359458041856
623429716914143232
623492040073039872
626532658378612736
619881597915914242
623599106519252992
616396579268898816
625592488732946432
623078209274388480
623034186220204033
623490352197058560
622244195281952768
620565917693575168
623659900485431296
623598576044630016
622722654768922624
618783863662354432
626409081360748547
624385308860227584
616705414059589632
624852976679714816
623050624477691904
623984853755785216
619678268044783616
621077722970722304
618572970353520641
627008821966315520
626750393456951296
622976905373859840
621189000406126592
620828690352484352
619753073968164866
621796542740066304
626875218464616449
621503927780028416
616257693100179460
623757167221456896
619686605167689728
616996377344675840
621636160268406784
625355133547888640
626797011627548672
623430250999885824
619135328536920064
619315643716734976
623517951480696833
623627628365230080
622225757415149568
623390180548804608
624372188402032640
624116105435426816
624156727177383936
621273559604850688
623406619683110912
617084651119738880
620833865020497920
619753471122673665
618725473367912448
626021406254440448
616259500232835072
616730220205314052
623167795283386368
619281071931154432
623375041799938048
625161831447789568
621410277066719233
623850003929235456
623612194299772929
623481225005535233
619786932030193664
618572380382871552
623530997850574848
621606963235819520
623077207125012480
625259545661714432
624068380258115584
623424194236280832
617084867919126528
616996415194075136
617301830129876992
624619277933346820
619256208537485313
624219209208193025
616993183898169344
622692470242062336
619705635089870848
623846309552889856
618154441624145921
623111787676856321
624991916690685952
618571025769492482
626749430834663424
622235324236697600
616661843843645440
624210225193701376
624176697366192128
623626855518720001
620170739803492352
621044021851373568
620449967077916673
623709040565161984
616608600165883904
620958834266370048
624919663307268096
616344041593155584
624372429104807937
624587348920025090
618309197915099136
616814536205570049
624349446982250496
620933851314057216
623337944372260864
620932719225237504
617831023850733570
620977284888035328
623074617796591617
619844735885119488
620597086912970752
618572283314094080
626754227667345408
621762077565276162
623542029713317888
621298664267354112
626078468539842560
623577482277421056
619527680954892288
618505446626885632
622173148478214144
617980230045708288
626535212596375556
619344218482470912
623699395863801856
623091668007452672
625549992963411968
616994671663972352
620950618849587201
616176293265190912
623811748135575552
618489027365179392
622250283947687936
619947303449706496
617663318384209920
620986247444430848
623214929936388096
625322021665112064
618523762569424896
624568048339398656
623584594680377344
623379195779940352
617943589931188224
618042729172307968
618529516382777344
623560673453150210
623447479904829440
623387163896320000
618505078148730880
623916739965923328
624594296474222593
621436123630284800
623575010687332352
621301509846888448
618083560373755905
623409923456671744
623077299940945920
620746704858451968
626333559670747136
621202531620884480
623518570002124800
618090997407481856
624758414330048512
617090754100510720
623515901539651584
623808627309043712
618504433761030144
619496057966346240
621194221072945153
622183583596199936
622785066343645185
616899778429997056
616076139539251201
625619261420122116
619108126520795138
623858659089600513
624203367514927104
626055850453504000
626757859586535424
620956125891022848
624296106525085696
626577920568365060
623563943936573440
623544677317353472
624535971904643072
623013571358691328
619880090407604224
620595754294452224
617792309799731200
622709068776513536
626171421014781952
626048965855813633
621504483399495681
620924794402267137
616654661836230656
618292719119544320
623435512439787520
621331287534628864
626392623159193601
624593368681558016
625319642307801088
623221111208017920
623029324967337984
616590982851784704
624522223840133121
624963744544784384
625177591352176640
618064781975621634
623640922505506816
623599111485399040
618503710872723456
624363537880719363
624471466340405248
623837020364873728
623521988141674496
623508105653948417
623987107204239360
624922123702804480
623319517222060032
622678714577350656
618808381285904384
623536958086627328
619681499076521984
616943532020924417
623834350686183426
625668230594625536
623793249556140033
621223393170305024
617879101655810048
623592621592571904
616820011873796096
616653534877061120
626393210450001920
623998061946081280
623526489359671296
621460517211742208
624225328223784960
620588710447333376
624475530092544000
620257830449209345
624693365347647488
626895964763254785
622247886831521796
624087272548274177
624172893749014528
625369417153581056
624412465686687744
623480872898064385
618239193664196609
624379890217844736
623207659672612864
626979817506910208
623410286859386880
623623733777817600
624409178111520768
626177045102358528
620194508626612224
616993075013902336
624790312678916096
623480081994903552
623447710343958528
622294007641698304
623410918693605376
621764363377070080
619292742422626304
626708977959743488
618504242744197120
619465757571850240
623786333123710977
617445555481018368
617360920138878976
623989650139578368
618568947235987456
626288132854558720
624797269175349248
623292976207368192
624676445026062336
623943945198813184
623344867549184000
619627729059713024
623568594312515584
625719868885569542
624231858662936576
622265071524294656
620575495445417984
624034237654634496
623438477124837376
618475591843627008
623323228115611650
623737399613374464
623684559218081792
619249702228262912
617357882489733120
623613792513986560
620900842498080768
625521507989483520
623410259848138752
627076158992044032
617784961819500549
616995388546023426
623617473523286016
626803923500711938
621771618583343104
620668139332894720
619686419129352192
626679626648043521
622261490100379649
620686732795621376
623566843731509252
623661389345853441
623466696519479296
617008378687176704
618099086210826240
616167972730593280
619683329101680642
616440831231160320
624583665083781120
624219229416394754
623980525942931456
623530011040055296
624378090525978628
618604599335911425
624602739536834560
623518878526738434
620496828975312896
619287947720855552
624922610288168960
620637936845852673
624462240582901760
624797689109200896
620613389069385729
618399807326056448
623301119729516544
619536258080092161
621604849185107968
623516016325234688
623806420278996992
621044004990234628
623866775197908993
619277222499733505
620837937878573056
622924824562655233
627157606344335360
623941322269978628
623904867795488768
618572111368556545
624326183941861378
619099013384654848
623758960290467842
616878215316013056
623123493094359040
624381888547848193
624422027831734272
623466228271681536
618842055876304896
618843011678535680
616992890821193728
624583675192061953
623864711248003072
623405358938243072
620689176447590400
623105104787451904
618324299376668673
626716420366209024
624987517004181504
624522481194283008
620565090073382912
621503879709073408
623480873929834496
616683502067712000
623102797672751104
625802101000683520
618087157085904897
618593942070788097
621505196963799040
624357864111521797
624766203114827776
623408978807128065
621304078539300864
620468634037587968
620229204202913792
619109829785686017
618504657581834242
620567411134218240
626687137853927424
619121603503366146
619180126312529921
623560485506564097
626446776883642368
619882569484648448
624870292754558976
624873948597977088
621345695874707456
622310559699070976
619564942539288584
623078220544495616
622952091175116800
625903866966441985
623517094001283073
620524537981964288
623046644939005952
620989923160526848
624799091805978624
618488169521115137
618131837962067968
623940357516980224
620566244656312320
621505131830489088
624466074528935936
625763196431785984
621503393899659265
620520166116474880
625423416636624896
616768663169974272
621663101147025408
623078231814504448
623705547448168449
623609450109214721
623527747759902720
625302179801399297
620603502079909888
620540326558760960
621760576742682624
626819134588850177
618576408697274368
623364948215771136
620482427543158784
618707904976138240
616548825549770752
623605263870726145
625332740104151041
616655651998142464
624537628461957120
623973138758529026
623002583288819712
623896479808245760
616237703479361536
620691710725746688
620602157184753664
620312326936227840
624956708012576768
617319880791072768
623861145187827712
619050028989026304
624408894543106049
623411726097100803
620951065660239872
621232555845509120
623211218053005312
622679149031755776
623672968636313600
620689241723543552
621661700652007426
626951927025135617
622243191987699712
620965291871326208
623295223746039808
616580203352092672
623414263902683136
616615503751159808
621400249077231616
618507611973943296
624563654629834753
622793287011827712
623456322911014916
624224423323635713
626614039100133377
620820063528943616
619290766003826691
616284197985107968
617005730625753088
624491389066330112
620848210513408000
616394601151139840
624597435445215233
621748081290252288
625737508081532928
619684039579054080
623332660249669633
621151084040470528
618572722218627072
625033277405949952
626864767295201284
620895703737479168
616997613381009408
619796522369220608
618698986967408640
623870633089216512
617821595122442240
616997016174989312
626491047556870144
625347464695033856
623845075517370368
626092037016825856
617867940415848448
619731360693948416
622928173357903872
623578249595977728
626530894908653568
616882941365518336
621645175706812416
622029604686036993
620273909938655232
624600549816578048
622722659059679232
618566357379104768
618503619713871873
616896482180997120
617488855244111872
617300780190728192
624685905345966080
624109750016438272
623624772790976512
624816900762042368
624747525455515648
624214723739955200
623078235446865920
620599078355767296
618102620796772355
623440503544094720
618579624197529601
623374111981613056
623078217159675904
618484925247827968
623532714491269120
618541372035985409
620170929121923072
626708973790564352
620611246933475328
618504828696727552
623412080129937408
623536303926284288
626671380377907200
626620098925694976
623566061108101120
622829454457470976
616835146717593600
623816475082539008
623516356693094400
623080690263977985
622043555528355840
623073994997039104
624985121876254724
624458620613337088
626757615331209217
618856937300586497
624219625434259456
623583470204383233
623481531642851328
619472284420542464
624848923362918400
626980097107599361
620258839896698881
626682796463947776
623731717816201217
623596633062789121
626038914764156928
621505107415429120
625346291472666624
623223331978903552
617804078282866688
623786357723414528
624408928802205696
625422138615459840
624170561363509248
624685908026068992
617963862550142976
623514390654881792
623413905201721344
623649349260681217
624988695859437569
625719453238452224
622698118023356416
624224440679833600
623078169130745856
618475283738415105
619678259219988480
623530422769729536
616954617109344256
616986263325782017
625889672602873856
620352308690460672
623526683904073729
616510358547734528
618796579055628288
624288701766598657
623781509288337408
625696826184876032
626199105186983936
617281099371290624
623615111404634112
620567242032476160
627098074096238592
618504033809076225
616988976184995840
621504976846757888
624410535421964288
621327781046153216
626213035435110400
624549004060200962
617490978480349184
617298720762298368
616655645828358145
623448987983605760
623509754514669568
623402711950692352
619614322809966592
624561831974055936
623357908890181632
618485407123116032
626570949354065920
620374038230085632
623519328693055488
616998319672455168
618921828744982528
623332674950705153
624590593562427392
621008105892151297
626599995689402369
623415174368616449
625055178841042944
623544223774605313
625658851916779524
619234648208576512
625512318768541697
626796568423870464
623394999883862016
616235636987551744
618738757697712128
621784983133401088
623593835596099584
617100804009394177
624757126024433665
625201419314839552
623790373664526336
617369249833742336
623208306727907329
620719513378500608
623899773251096576
621494155622121472
616909392202469376
625717527910309888
623604449689341952
624409923355602944
623514964884594688
616984216996331520
623625985452322816
621178135208443904
620638940895129601
623538016674381824
622734334513016832
616713026092163072
623598946313719808
621245795623391232
618589551716638720
624923038107041792
616935155614134272
623836082291892227
623473035970920448
624551178659954688
623428419427172352
626751160934903809
616878491905196032
623812444444426240
619591681940152320
623101817593970688
623890797600067584
618756164038356993
616278582210490368
623521820931592192
621738859924074496
619051211212357632
623170922074218496
624566366218153984
617849516608258048
623029545579319296
625794359716241408
626567685745160192
623104247563816960
618488074998255616
616310818427174912
625548319834677248
624802788107796480
624170385899020288
619393298172477440
624985847633444864
619606827584454656
618024010169778176
623433072629972992
624789480277282816
623609764791087104
620578767858180097
623516424825344000
625322602173722624
624697091193860096
624173411896586241
627070647705866240
626057777018830849
623684595058249728
626424112777441284
620688486807535616
621642452613615616
626400060910100481
624887859967717376
624542436229054464
620565567934627840
618503496581693440
625227664291303424
618486253772767233
616407123128397824
620448291730227200
624922094673866753
616986840805998592
626425335945515008
626042575087009793
620576026998013953
626509547541282816
618325309989896192
623408898108592128
622682282810195969
624025853249236993
617085314323099648
623802783045652481
623424190549467136
623519758126829568
621016744388349952
621392160806563840
623941095907418112
622063711914708993
619023433935028224
623048885963915264
624685898140119040
623544394105417728
624639290442694656
624472523447480320
618124481492418560
623517342614597632
617326455651831808
626318387631771648
625688173222326272
624400466600939520
624565957084729344
624871719879118849
621168634556059648
623608186000420864
625596965217247232
624915240518578176
625692224878063616
623603861295599616
616393407343165440
621504065269317632
619147559588765696
626485378690580481
617474478717534208
616092698307526656
623848655070605312
623439066416050177
621003210036264961
620054107177390080
617296940099723264
626781502785785856
623510706785251328
625316695155023872
623409305887215617
623489144141049856
623586386898210817
626151045618503680
621207170550472704
623652691298897920
618579047128375296
623599240053411840
621218683159977985
616047007619153920
624209275930456064
622686218774577152
617898386658734080
618535846178869249
623398679945342976
625324270915309568
625477550068776960
623521007375110144
617622648349011968
623441658164740096
620869088810770432
623746314887495680
621802582151856128
621310420624785413
621230357430439936
623465935647703040
620419100175536128
619712449306980352
626062974181089280
616272840342532096
626748011859673089
624219189293625344
620687445068226564
624011254982537216
621538588333842432
626738070591799296
623432233823666176
620685849739558912
616922095897874432
623762602066210816
624592913020792832
626784305939877888
623529911467290624
618620674358120448
625309268380635139
616997845774811140
620389964556075008
623080870908399616
623976294271832064
619186785894006784
624681207138287616
624409248160583680
623985762497769474
623595776128774144
618490676355792896
619804717258903552
618237900912640000
623705835584106498
621048437480550400
620566193686970368
619225057022316544
623405842289790976
622111368112541698
616554452326027264
623507447177719808
623460744126926849
625892513182711808
618783569335463937
617022813141012480
618503782935216128
621846551376302080
623652428479508484
625681760265699328
622724075924922368
623350893694468096
623408194316963840
623405493164331009
625065208541749248
624413593149140992
620461575736967168
624443449178222592
618498664487452672
618552714469834752
623197790483693569
618106552826769408
622306762809602048
621354135179382784
623695294060859393
623603412467351553
624170348804767744
623643754470113281
625910929985769472
618196120167161857
623530770230026240
623640061637206016
621989981016485888
624219207920521216
620741132532719616
623605175106711552
619532371021447169
626818977054990337
620232962987012096
621280949100261376
625690347344130048
621915492832251904
626019881763401728
623968358027755522
625735438213488640
623804996585308160
619143239962996736
622999332048928768
624521875406909440
622019865918869504
623568235095396353
624553093003239425
625226031843053568
622493167946870784
624157945216040960
625469280360996864
624312867676762112
623071802307268608
623340995141345280
617011829571584000
618570958320762880
617237123318607872
620946135759384576
618508960119844864
621504251500621824
623626796953567232
623562981389959168
624168732462551040
623860497096548352
623644907245293568
623465609624461312
625890956961837056
625591132345532416
626436361688588288
626716418973675520
620452016813244417
618576064491749376
618504739400105984
618596861625020417
618282554144202752
623243871036817408
624797617986347008
623653957345349632
623590082029731840
617336814639153152
624411351620943872
623521550168379393
626473467752394752
620693559230992385
619905209612025856
623632545465397249
616259076461203457
623258233436680192
623595245884739584
623533130473938944
625911924991987712
621761677630042113
620511183854923777
625666993350381568
619697731494408193
618531644052377600
626390792848965632
622678984015351808
623086230272540673
625501922120867840
625928757681852417
623409924329078784
623604598788464640
623808467111796736
623319424804745216
624119713736474624
620582916255543296
616997038690037760
620790672086274048
625890496599224320
624485570803331072
624379890251468800
619997781684387840
624781473611055104
623782085178687489
618153636531716096
621211626281271296
622716304730910720
622295868616523776
616991558613663744
622680727776309248
623699855941054464
624597860768612353
623335361880547328
623545883783729152
621100289119113216
616993566515195905
627233376748072960
624269083786248194
621092114361937925
623177289354887172
623890797612675072
621504285143113728
619272892543401984
619889724447137792
626311897369817088
626750861725839360
622459946366402560
620453667687129088
618484929299505152
616184641851162624
622690200301375488
620362358603427841
618784554292084737
623509085586067456
627124125413183488
621561961990516737
618529497197973504
623479130827436032
622692014585327616
623944832906428416
618840622787637248
625679962025127936
617000246149779456
623415181331181568
625246336263172100
623514793450848256
620385370383843328
619705814970822656
619683664067186690
616407461113765888
621587443486183424
620975205620559872
623545835419234304
624161512765001728
623251906391969793
617339853852835840
620968823601152000
620692012367540225
619515428788903936
623518685580230656
619777599963729920
623557878998134784
617341263243780096
624204801492914177
620675350918496256
623385859283259393
619276989594247173
623409963940102144
626029940035616770
626301376453287940
619900125867937793
622251254958452736
626805507597045761
624104161219473408
619622160525590528
623257523110445058
624748995622117376
623563927088009216
618337753214771200
623510167670292480
625355428730306560
624566748784635905
623653959450914816
619709421862690816
622678716825661440
617362391832076288
617997807773970432
617845478340759552
618506119191883776
618546969317875717
623567122548043777
620449983045578752
623639252622946304
618573271504654336
623432545397444608
623403843842404352
624012860176216064
623604800945528833
624122722189119488
624901304775610368
624554594488721409
619418968336560128
624518291080396800
624382514698661888
620467980120395776
617319335489589248
616668353655140352
623238752933023744
624797880847585281
618797948692992000
618489121376485376
617419015657529344
618641498427539456
625326851255332864
623817224839561216
620172631548002304
623570256213061632
623515435523248128
626730835610349568
625845822668673024
623557481113874432
621978694140215296
616896158900854784
624404492184752128
620622839092264960
623515777992241154
618504481588654080
623395065512112128
623079554760863745
621346807323435008
619929357893681152
618507759873617921
620685647867613184
624360980697477120
618534273335701504
626784286511890432
624997923433107456
626694024456441856
616503887864971264
623331433042583554
621440763482783744
624941434009858048
623520063199408128
617324462724247552
623841437369548800
621006280283389952
616935528861032448
624293432777961472
623067618820255744
617125182172471296
621582017122148352
624215573602263040
620978737035804672
616590612603629572
626689842756235265
626332526944976897
621011796493778944
623511599719022593
623291807984541696
617331468575092736
623532035123056645
620733526959329280
619295302214782976
616878481138434048
625353546049806336
623707070974418944
623455160333832192
618570835121451012
626701053749260288
620950127281356800
618029993378095104
626079588045692928
617333454431125508
623458064889454592
617831289387937796
616422999378501632
618306195103690752
618040687871819777
623503770341642242
623936036176044032
617128850078576641
623515779389104128
624147547423019009
626544412391247872
623864243641819136
624352847166074880
625699678227689472
623634634220433408
623572697453330432
623009304132517888
625639457996279808
621282658148954112
623416131513131008
620799166701178881
617710631265927168
623570825845850112
623521008528556032
621763739583422465
626653209180925952
618572460666028032
623245820519841792
623465470805454848
616218351086510080
622503324328198144
621321905652506625
620653038102016000
621192223972065280
617324872755224576
623480025745108993
627010858233823233
616655919959670784
622679366791774208
620698710381453312
618842507728789504
618094806275899392
616299583447134208
623747910233157632
624209008841240576
620255018487312384
617004506006573056
626878103084773377
624129673765720065
618529186014081024
619551701348052993
622261089384943616
621120606621315072
620565196382191616
624215413895749633
623463290467954688
618574019860692992
617368591470477312
616046242443997185
624675694916710404
624371441618845696
623439012951420928
624321531980611584
618944044379578368
623493638044004352
619618408494006272
623521011137249280
626761298466881536
616053870809083904
623625874160623616
618531011874451456
618271583841484800
627079576255115264
624961654334173185
623872256406503424
623516016526643204
624760251137437696
623205307125264384
623627677270953989
622950452808712192
620947505207902208
617366957713719297
623594459201191937
624794310181912576
622677929667919872
620566950314409984
623368554004348928
623409357766561793
617548092703805440
616525267696128000
617908987435032576
626189887046316032
624576755513327616
618484939881779200
624711417015369728
625742672771198977
625012946113044480
619280076148879360
626749623277719552
624560031858470912
626746878219190272
624229257053540354
621784904314060800
618773683117555713
623529281944072196
623410218081239042
623061822325698560
624408809793036288
618511345814781952
618184626381656064
618089086935560196
624215426915008512
624189964469702656
621209045567959040
620881684506869760
620750541996494848
626910047474466816
623808149452009476
621282509829976065
618488310713987073
624215233691807744
624538142662610944
623456022074515456
619176944710590464
625889738822520832
621007264074219520
620726908242653184
624743534172614657
618592549037543424
617588172965441536
624578273696022528
624317234714783744
621686402770546688
620689396761784320
623518718056738816
620827276289052672
620692064628420608
619570068205252608
623078184049901568
616675974667726848
616101311323332611
620812904481173508
623607897692504064
619643537357959168
623357976330420224
620962645861093376
623531158488416257
625910188797751296
618507618651234305
623591381500465152
623538801546264580
623543474596507648
618441347150807044
619679550507761664
620696108831014912
623676629873766400
622243834282553344
621507363187494917
622219072713797632
623896826115158016
619289376489537536
616281830296289281
620746141529866240
623976241528332288
623410300058865664
625129981773922304
618504401393614848
622675845602258944
623743069607870464
622389553983156224
623485660570193920
621810033261572096
623526607148355584
625040661906104320
624594303596130304
618507424819851265
623500830474264576
623520694924656640
624568534874591232
616507863914053632
624988745360670720
626499371660636160
624425830370963456
623521646696079360
625850379918442496
616393821824360450
621310765748867072
626708970338713600
626535585012801537
618015494893924353
625530460874125312
618089286903144448
626288192623407104
620053216563036160
619512408235577344
616992807107100672
623418653384380416
620723830831628288
620854045012557824
617355520102543362
617807774748155905
618490824138096640
624568810117402624
623704722944487424
616314127972069376
623408368904830976
624378612267913216
620477464104542208
620769988719161344
622681622509326336
621280052257386496
620987574572687362
621503476032536576
620781667259527168
618315812093325312
623516794494578688
624408556087943172
618488631334866944
618484920277532672
623942736429907968
618727935181107200
626680592642502656
624172616824324096
621638658060386304
620597237186457600
620506357742071808
623621758038360069
625152952379015168
623564532628074496
616292133033639936
626546528971325440
618309066473934848
619344351362088960
622010211214184448
618837124138319872
625120468089962496
619773711327965184
625315160861868032
621310765799219200
624675374530564096
623855385515003904
623832405074259968
623443728829685760
618358383943528448
616627391280971776
623522078235475968
623307404755628033
619220045688905728
617422448707792901
623849822206992384
623480867424305152
623414639548706816
620509979741671424
623117045287096321
626331828606103552
625891857717792768
621503391441768450
625637471183839233
618488138256752640
624233513185882113
624922795181514752
625897702308515840
618929608986071040
625795926196649984
619139129092276225
623086230817800193
616047015798157312
623792935956545536
625509614260367360
622031018095210496
625231055222648832
623699736252559364
619683248050843648
626192071523569664
626116124179087361
619286163577180161
618610697195364353
624780693537718272
622730206059442176
621328406928490496
622246884766302208
618504744802365440
617004824463159296
623139190075715589
626797113033273344
621152261775822849
620772031215202305
623357370333134850
625720009155837952
626385549679546368
624373021252280321
626902835502788608
616236198433017856
619685476845268993
616396987387281408
616613457308352512
624462210706841600
619525580841598977
620360785340993538
618185110819577856
624897121548914688
623572661470367744
626866908499963904
623300884404006912
624371443065880576
620724779771826176
620691643084218369
618760131698819072
617125629532733440
623512921180516352
623972285544857604
622044489469829121
619782261286793216
619496106821599232
625668919253184512
623230396155752448
616993244531044352
618022785366016000
622678476886274048
621828044764876800
616914987303485440
623262060630011904
618186559976796161
623477253779763200
623879368570445824
626732776004419585
626908505837072384
623665229822623745
623604478592319488
623325306078670848
627097277606182912
623349481489178624
627113217194594304
624296863131435008
620794904910761984
623390362220924929
624221911682318337
626745689377243136
619143769632436224
625004510159605760
623786357727621120
626000951464341504
625016780981960704
622419423475798017
623058592896299008
623776981881065472
624160821443194880
626173491985911808
624558910507220993
618238569681784832
627075101268287489
623648863824543744
624541311232802816
623696670409142272
623409959947120640
617869356404486144
621764347950444545
621349769638748160
619678330845945856
617346397763862530
623600723557613568
616250312328785920
623412112543514624
623379676799598592
624821330676961280
623788256006569989
626767166390452224
622216791075323904
626671338103664640
621934925034430464
624209385464680448
626076405114142720
622682422623236097
620571246187683840
624172117882499072
625891854089764864
625490485545570304
617329325835030528
626843732671877120
624593804301959170
627010774163148801
624573949544935426
620618384921661440
623603978446708737
623266216388481024
619923136230854656
624087276386152449
623415439738036224
623543902247620608
620459498486956032
617324025669402625
623093308991127552
626671391413272576
623021308884881408
625845405398339584
623636154953302017
623436259139153920
619423645589372929
618041729837568000
625805752859385856
623450467822137349
623470865888509952
623815578432618498
616986749873451008
620620179261669377
626317629523755008
618007867493384193
624569398204964865
624371859522498561
623699087360176128
621639522829344768
624233331153104896
623507521010049024
624229258685091840
620981601963372544
617899223871299585
617803743329828864
623644834755178501
622759535179120640
623514992738992129
620849360062951429
622860015951437824
623412641512292352
623676458574192640
623477737173311488
620811094643204096
616415470053400580
623696370520592384
622990693225615361
624558910762913793
623597359172354051
620589383054458880
624873445927444480
625728394399854592
623390552181108736
619326800036917248
618056791692152833
623983918916718592
619164877509124096
624018931406143488
623409907556085760
619144571763732480
623591630289924096
623528818389561345
626539276465876992
623523537391878144
621505137211781120
620590082509029376
618369650703892480
621168196930789376
623573111494037504
616996480247824384
618805494380167168
623765875900985344
624463365008547845
625925029180669953
616252680349073408
618869131039895552
621545806798192640
623886863481315328
624641884338696192
616400844129468418
619664655053660160
623217687125229568
623017337587773440
623474160421855232
626767275354398720
619279670681276417
619828774402719744
618690112860385281
626842864732008448
623731102973341696
616653321177329664
621333448926580736
620518945108299776
617113118229958656
620548331324973056
623535534212689920
624256450987196417
622760710926376962
625321312836263936
625502002382901248
621504273524879360
616685766274646016
623415217456705536
623630100769026048
620685397937422337
622887454224224256
623459586209615872
619018810339651584
623826586152779777
624718996676456448
624166630122196992
616821502835474432
624962769654255616
624459124575703040
623775314259238913
624942504438308868
619781668598116352
621761504359092230
622411146285334529
625596795939352576
623523287478497280
624276650189045760
623745519416836096
621765057714749443
620834560318828544
622414315757240320
623000005629071360
617327807857860608
623517479961251842
619280236010717184
616950468347064321
623624848586199040
625385880958693376
622702626157817856
620704431378665476
623219701456478208
624440160516734976
620564779543859204
623601361880363008
623614616023633920
623020127127121920
617265763573895169
617317687371415552
624705761889816576
625633229916241920
623443708520759296
616215281594171393
617383303767658496
623033195143888896
624076586447302656
625590581138468864
626684376164790272
625658574551826432
623524774577369088
623094908438585345
623634952509353984
616877964974817280
624462198258167808
623697019903868929
623409125217562624
623431788568817664
616914602543161344
623518943949553664
617935264623652864
616496595052269568
619678340316798976
623582745512517633
624415296569212928
619627416361824256
625670095596068865
618011069731237888
626491490387275776
620566027789664257
621504169854259200
622855055603929088
620466081119932416
625397618550665216
617069061705437184
623458683838595072
625590314959536128
618509619112083457
626030168398766080
625341579889410048
626111312494358529
625350454206197761
624486929204035584
623467972988809216
620448264672800768
618317029884346370
624169648615895044
617875282024878080
626621670564872192
624219214501384192
618887028105555968
624412252821585920
623508582047326209
626061754901110784
626983249043025921
623750260817547264
626400059685404672
617082066451202049
623450363832610818
623415262604177409
619225086613135360
619290942420463616
626929792575602688
623620549026160640
623522432578658304
616865091544166402
619874115365699584
626015582425583617
617898503000338433
623794692598054913
621079780138598400
624610729132318720
623521873578561536
621755198785093634
621654867426172928
623514522331037696
623686513126064128
616880568605786112
623078198776102912
624247861853691904
622256996356521984
625153308542439424
626524184227676160
620472982146674688
624574976587366400
623333357095534592
623069897443143680
621354364507193344
616588061644820480
623972275956506624
617820543400591360
617691452102066177
624371954435399680
624371616009613312
623809160048738304
618624180234260480
623598913233227776
617448405510582272
624414398078017536
623645536495665152
620687298196279296
619096034757578752
623616243141070848
624694217701392384
624666636386181120
623773587086819329
617406947713785856
623369956256673792
623336405175922688
624409264078094336
625026797072187393
616793167724023808
621396188248580096
626535861312729088
623570656341307392
619482999961296897
626094659329228800
620819694878986241
618756628121260033
623607204424347648
619570727654686720
626519169740226560
626671364368412672
623592624214011904
622584524849852416
623453804655017984
624760870338301952
623905097739845632
616063169786556422
623438872773545984
624859210296066048
625961576512782336
621936797329793024
623702602262319107
625846780823887872
624004828407156736
620613389149036544
617346622364778497
621504260279267328
623616851516461056
623619848455745536
616036913137348608
616655438205992960
622392817277661184
617974656679587840
624711570728202240
624409411126046720
623512528639950848
622686151220948992
618784145653805056
623320419274129408
625243570224631808
627168863998857217
626737700607885312
624428169110683648
624611214111313922
623700025336446976
618906408835252228
624599011102580737
624758265881038848
625827823387721728
626022783412125696
623627904870678528
617318353669984257
620844941388943360
616345636733087745
621690491583729665
626510221058379776
617026206949621760
616964579852218368
616642574682587136
625927968376795137
618118456949493762
623484591786053632
623862030911602688
617435427579002880
624364455514800132
625685326791614466
623771350755229698
620066552184877061
626874117166354432
623091972329328640
623775591162974208
627227432777596928
623520534446239744
624663059169210368
616275414126866432
626150934960181249
623509126568501249
616988914499203072
624258704880177152
626745595869417472
618351674000867328
616636340487237632
623193972211486720
622234570465751040
627113026009833472
623443541176492037
617441580849344512
620977467667255300
623954100540043265
622873629907247105
619987271010267136
623621101332111361
618305926936850432
623238856226140160
618316603114057729
624964778994200576
621504930889777152
618311157812629504
623686935739904000
626671403983634432
621761095934607361
619282835375927296
626750265228701697
623539070896107524
619676033755709440
623496932070137856
625892817483792388
621504252565958656
620433085188845568
625428770992857092
623366826915794949
620600153443991552
626551317071204352
623645947772436480
623541651357741056
623544033768554496
623489649823096832
617294549854064640
619723072640126976
624714975714504704
624478598871691264
627172770431008768
624219223997349889
622029621387784192
618026876968136704
624843560513212416
619894336562573313
624859172681584640
617383764570849281
624408644747026432
623538392777666560
620980824813498369
621055781232898048
620905452860276736
623506019067559936
623631752888778754
625654099753738240
623409935297216512
618559057083830272
620247615914016768
623508617942159360
618620607102586880
618339254851239936
618485311857913857
625033554251153408
616043318670176256
620739173213970432
624616361604481025
622243298586009600
622044079472381953
625339048580788224
618090997361283073
620785805057875968
618529473659555840
623570423029088256
624924103103741952
626444610726801409
618306588546215936
618423335710396416
622680864082673664
618576827506753536
617142799541080064
623527908838084608
623686948951949312
617333920741232640
623596372449562624
619559509392896001
623997322939207680
624664655043133441
624171276702081024
623915858931380224
624170015789592576
623343317292576768
624937158298705920
624325647465234434
621504224141123584
623491943201439745
623563213267841024
623417452047822848
624424512285753344
620615667931324416
620896220714700800
620449599547781120
617300036964093953
616213519495766016
625604897027788800
616096212278624256
623609694247088128
620982572894552064
620611364881502208
626627065798725633
618484930159378432
616788822223908865
621764243692605440
621504171146133504
625943546797944834
619407798225403904
624346402080972800
621049720308236288
623853830770290688
624535490784464897
626683131182096384
622996060366049280
626756113401167876
623406939158900736
622159637660479488
623640069044326400
623508074163240960
616510430127747072
621250969272127488
622677580571873280
620367852030136320
617008580391251968
620451953416343556
626108265051652097
625013460498296833
623343801440952320
620271182168756224
624515497233551360
616655511933595648
625462518799048705
624370860091174912
623767155914375168
623520093767626752
623492467510394880
619556697628020737
618572671522086914
626391887155462144
624256702972600320
624057230581702656
620956104198090752
620053291225993216
626550783719288833
625151825780432900
618311825789165568
623649450154684416
619331403751145472
616043605459894272
624615460646989825
626942462678958080
624293357448208386
616994213180383232
616598872371134464
623409903735062532
623336361748094976
616994676499832833
624962418834284544
624497518445891584
616045519685578752
623935375648661510
626686982962454528
623552925395210240
626716742325305344
620950102308294656
625946212995362816
616524760961257472
620364376231403520
621148592258945024
626728996919611393
616694846279921664
622678116163522560
616655785637117952
623489756345675776
624380686598840320
618484935062458368
626720314446065664
623865339315535872
627025016031477760
621637693718568960
619684338410614784
625326692026949632
617473726804668416
620932005149085696
618162705875226624
621765508652732416
624922792685895680
618503581654716417
624594124595802112
624649680413163520
624218162897231872
626833303627268096
620597403192852481
626287807300931584
626744868019290112
627189211121221632
618971673262444544
616609350212263936
627111362771218432
625326819126964224
623950548899921920
625239134945173504
618829072324558848
620900984605265920
624964241125212160
620676531128532992
619622063314067456
620971265336168448
623707019426398212
620454572415283200
616277030821339137
621249677804105728
618053508458135552
623631780508078080
619636958386479104
623430990401138688
616986855624409088
623864231797129220
623078176164585477
616341167819636736
623423471440166912
621503886533263360
623220157494767616
623053362028744704
621454229719248896
618313394437763072
618874949814452225
618587792453562368
623370707100000256
622918127777509376
620157738207850496
618005398725881856
616705810064740353
618882764599758849
624691538497564672
616303544233250816
623595175256924161
620637806130556928
620948061125246976
618576431757393920
624215328185274368
621386293138857984
616914891308462080
618531335053946880
627142728481161219
626810742340210688
623561916405936128
619684623920967680
624333136802021376
623572576980312064
626729776179490816
624791214907359236
623411336974708736
623593611691606016
621095610851065857
617523968644231168
626509782921408516
616811309993099264
623613204678086656
623529949148905472
624224934668169216
622543984959750145
617844878941118464
624919792747704320
623457669085548544
619681181546717184
626671376817106944
623489756375068672
623577857953001476
616997039084302338
623528885456650240
627218318617767936
625032216817594368
620057005747650563
623078224218705920
626179298764783616
626438182599553025
626386492794007552
623617653672947713
622820923972956160
626692598204375040
623462890432004098
620690653962469376
622685958463471617
623775643549851648
623590729735143424
620900705000402945
623583264951902208
620683237434765312
617298383657635840
622678037981712384
623765064483479553
620956658055938052
626696669187436544
624210397831106561
620800560535465984
623067976108011520
617329207786491905
626751238294650880
618487939778105348
626322060906729473
624745388734578688
623638165476093952
622892242039017472
621666029496848384
625654118518951936
625037056297701376
