425873502319550464
428605757890625536
427997790677917696
418874027063533569
428610226435002368
425540582896070656
428644930706489344
427923170369499136
424620434508640256
424807985496326144
423398250407030784
422569062959710208
424259671680360448
427864823347826688
426364552130068482
424341676992114688
423402354424020992
424135340937728000
421466545693265920
428702327525351424
425617083825524736
423446490158493696
428606454585901058
423838573545013248
428682915934126080
420336371770085376
423039035242577920
424104543627255808
421362576791199744
428604241041580034
423401526934380544
423401526275878912
428866625501016065
424194839136051200
426802904586924033
428623980853874688
423431236712144897
418769390134640640
428470009237868544
420185488931454976
427033518682951680
424005640176947200
423924449155362816
422386628103925760
428577245708697600
426550711661629440
428641581928022016
428747414413922304
426330923018100736
425142709762801664
423780138367844352
429381192962408449
428696563028746240
423339182501539840
428662261784137728
423730882395246592
428994272864780288
424664092171698176
423463311955730433
429075331887017985
426780110885122049
428493157219569664
419481001610715136
424704377862238208
427024571393273856
426475924507222016
429319364311937024
428669507075190784
424476288163008512
429309727965589505
426505617294249984
428356234987995136
421659672232202240
420851703970537472
424014934083522561
425468124125618176
429303957941678081
428638248450416641
429007624680374272
424180645561368576
425039117101981696
429346356671434752
424766690103005184
428740121152610305
428724797309485058
426508596445458432
428622345704857600
425014508403183616
420498876177870848
420180593196814336
428802693587804160
426389098379485184
423430805956739072
426343900576378880
429082728890646528
427204601104695296
423431409337139200
424110490449481728
424708295194968064
423458557292343296
423141217480613890
429224602557227008
423499763401883648
428627320828874752
425918482593886208
429071694796701696
429378318807609345
428161087326781440
425715320947355648
425715321484242944
426705405570719744
429308825867649025
426795336581922816
429112958501679104
423780038518243328
421270978803806208
429308348521922560
425842710193262594
428136053870850048
420402079027318784
421338679760920576
418876432065253376
423463274764836865
426796378526728192
420899112209219586
428425232932560896
426431606635524096
419065093037383680
428649926936264704
423426335831523329
423488007136890880
428588106736869376
424180508361494528
423732875943350272
421630860094607360
423779519825457152
421606483647025152
424194019561078784
424703093238812672
429335440731430915
428637468750270464
420263619503591425
428622592283402240
422017688496766976
426067491618836480
420368970168815616
427775201213153280
429308313595936768
429319111458693120
429304995037446145
428630855389835264
423437865490845696
426628895950270464
422569178491781120
424104329243406336
420323607202369537
422918606934900736
425616161451954176
427925787421863937
425631207460581376
421333488311083008
425477785969115137
428664130481184768
427515554560503809
424775148332273664
428890844180283394
418873870347534336
418899690805927936
425715320980910080
422718096067948544
429020238122729472
422586163191611392
427425002133008384
428595319757344768
425471896323620864
428640290438537217
425173286268325888
418762402981638144
428625777580859392
424901743856472064
423935008060219393
423465109655420928
428684052447518720
428891016616505344
429308502184849408
428684560767795201
425623440150642688
428520013705011200
426419957048832000
423335942188191744
423513505451343872
428614775590113280
425367079059861504
428757657604743168
428037447130169344
428667280873226240
419948901781626881
428618538517942272
425618701745139712
428638794632273920
428628813702914048
423453455580409856
424185759159947265
428877653903286273
420798246663901185
424185539340664832
425446097805258752
427212299430932480
423838488098656257
423465040713224192
421335222933016577
424749036583677952
420951911383433216
420852195962421248
423838077631889408
423460648392347649
424181042463772672
428713878571081729
423396269076533248
420851704746491904
419076260237950976
425552463803219968
428640318029041664
423838427943956482
429393401167896577
424115046034075648
419669292670398464
423784283804012544
425079330926891008
428620042801262593
428596935210303488
423932391690739712
426648025373503488
424143659844399104
425579633040711680
419816766550724609
426260506127912960
426441845766246401
427868957362503681
423017352305733632
423456645570904064
425941542256513024
425308822081511424
423401343588384768
428759940480507906
427902959511678976
423621210878910465
424734228094283776
423955993387487233
423133188198633472
421785459518619648
419740119936282624
424894668011483136
429303823556153346
421271159540563968
421271328004395008
429309010928336896
429064247956738048
427814695450705920
421452496381308928
428889858199674881
420278042502914050
428204973974102016
423833323081723904
428642565509120000
429219896694538240
426460388364779520
423820868532572160
426455891920318464
423289883311230976
427695394550579200
428378005786734592
428699323061108736
429342257247186944
418762926800252928
429305046023417857
428646189316472832
428624803918925825
423981128114909184
429173669101711360
424180064658259968
428638070276370433
421321232118984705
428359417508397056
426464218582233089
427249374889254912
428639453562036224
426420861357551617
427698299756240896
429293630520426496
425231662642114560
425348157115875328
424060982638288896
423699504370442240
429368255409430528
423819164675874816
428640405505454080
428597167314329601
425660763424821248
424236876455612416
419073163465859072
422572495078576128
424775133912252416
429095341590577152
429273336263098368
428625384197083136
428640378548256768
425444712984506368
423955633390362624
421569283320475648
425045059235758080
424181358618243072
428464427688423424
423464359252074496
428696558818054144
429318562260324352
425588119963189248
428642658903654400
428577324708020225
426280305717043200
423838635826229248
428632117791432704
429317135458762754
428203060469305344
427380984015634432
424839845702139904
426974571749572608
428648943225147393
418770453050576897
424019045675847681
428603042460889088
424702757376122880
428587206429523968
424842298736656384
426260525572317184
419071680053776384
427548514105962496
428644313795289088
428697759349477376
428642746396471298
423759790515712000
428623746401042432
420799053677359105
428762084038287360
423098797065908225
429305032786210816
428582370997190656
427864967929688065
423825313458442241
421976224509227008
428629474054127616
428356409432891392
429300605811580929
424189159209578496
421276185658945536
428654239691182081
429291329714409472
427606968602472449
428640683600379904
429322648410415104
429304113814585344
419273329824907264
428800698592284672
425700610688954368
429019323785420800
429023735786397698
421219309407330305
422852285585035264
421334698124906496
428123887780388864
429303326803361792
423839735425941504
428998689865334785
426452968615837698
429004890397233152
428567338472833024
428651866646261760
428675985442365441
424475847039651840
421991128968073217
421338181632819200
427441143132225536
429257461707841536
424267331288956928
426251406945681408
428003941343715328
428344904897421312
424700121826488320
423381491611996160
424005744564781057
423464966919045120
429148272251658240
427379186840641536
423450369986166784
429304732042395648
428678053514846208
428611687915458560
425924736007168000
428805880528633856
425501791774842880
423391688434786304
424205718346940416
428741895850692608
428640056258355200
429245428518100992
421338672848703488
423764940583751680
428809649689591809
422945630822993920
424477434520416257
428629900749074432
424071103481262080
423391694399479808
422426909524647936
421054927268741121
419289517581815808
418418642099769344
423466082557378560
428310117209997312
429318712017973248
427962417973166081
422685129946177536
427768285246275584
426167403077046272
426426886521360384
419260675404611586
422174949143760896
422089449573347329
424103853806870528
428676212731310080
428036843624361984
426436608145891328
425620643476807680
425640330042413057
426487329310928896
428346066572808192
428577719647870976
423838508948537344
422004161346273280
422672013694889985
424368416401924096
424807720353415169
423030213589483520
428622674151997440
427972518729621504
423463788181221376
429384120536272896
429321162267836418
428639148703244288
423671573577342978
420744621875286016
421337531595382784
421467055087312896
428593106649636864
425501608878022656
429022719695282176
422845022220730368
428702232557543424
424753006907637760
426452195043598337
426407047333429249
429292521156382720
428663924788326400
425583048264912896
421783683104661504
427555311608942595
423887986166468609
423428055227727872
428974622076600321
428595252229054464
423890911240921088
428919011536306176
428942430378164224
420369058639257601
428125336187199488
428944515156959232
426362813657784320
423505489754738688
420801586869186560
427776812182036480
428999813800402945
419382299889643521
421144840680656896
420144319123570688
429291986105806849
424701149170921473
425715321471635456
421627832171651072
422800654751395842
428731925432258560
425715320951549952
422129523564363776
421331704448417792
420566812690874369
419504874917613569
424487226613841920
420365736314281984
429289429250105344
424060879181598720
429151410769256448
421212615314915329
428958290932813824
420885624036401152
428634812614574080
429305083172368384
419646791047712769
428573551499939840
423831184074743808
428763910381260800
429374266606624768
427528640213970944
424195166446948352
426280588354412545
423162906981564416
423390270533943296
420141100959948800
427863061924687872
424293886979502080
428356021372084225
426490283220819968
419872638878896128
423723909582577664
428569135836975104
427866014433673216
425449024347312128
426337582901780480
423355587875717120
420919231774208000
423874861664968704
428662026886316032
426364569531846656
419327826806845440
423083553254285312
426506641119653889
425575076696567809
429273321499525120
428013521859665920
429001400647819264
428595969051987968
428663897605025792
425858194960048128
421226983096217600
423444177490567168
428673984998023169
427741204353409024
423856479913787392
420996129912672256
429314846509645824
426355940896415744
425525924658810880
425942649506652160
425715321043812352
423313003724177408
428187498033205248
418201158432194560
423779518969442304
425314461415915520
421600559029055488
429340148715630597
428705450880950272
423477671255756802
429310433925660672
428627958056894464
421334742009925632
429006869164589057
420805540856741888
423822316628217856
426422550386577408
422671300759662593
427037014647533568
423839593226846210
428641937361752064
420167193469263873
429320926598287361
424894618086694912
428229907895025664
429312532751216641
423788723218546689
426552182217768960
424920289357492224
423838521439182848
429052647471988736
429212928907411456
421362347219750912
429315385326714880
428695055352606720
423148531541479424
425920771907530752
426361804034703360
422860743261044736
428760666736828416
419326900725506048
428641199155867649
429322198675767296
428744744722644992
424894188912513025
429324305412136961
419445217893556224
428660515368206337
426260529917612032
424183420450013184
429315322160492546
429304885096742912
427876735204356096
425419258344919042
429292815395209216
422725231979925504
419174999778283521
427778560162807808
423401428800253952
426425964168773633
429086394967797760
429327188731514880
424104566016446464
421337503527075840
424518582417231872
423427029351268352
420559656793030656
428599590166618112
428357460542246912
428937174906445824
428597733617057792
429324794811535361
428919860014227456
429212003312631808
429305058472124416
425577503668043776
426213095476711425
428646896211886080
428637482381369346
421598627971088384
422934769198833664
423788609573888001
425895753127432192
429005555739267072
421337467665780736
419671769281081344
423398282984161280
427818835992117248
428212070689943552
424244961765523456
423955780941791232
428987957484064769
422717765175111680
426358505365196800
424347978241810432
421944639986597888
427430036858093569
420777633320677376
423389019771531264
428605661543677952
423949302726008833
429381079561023488
428648862371545089
422073012305682434
428700165629673472
424905223627239425
427039923724906496
427861806111932416
424374647497695232
423956296308506624
428159290957127680
428566449494319104
425579524634734592
425321404293083138
419385463208566784
426365328591835136
420858923717890048
428165921652625408
421363467267100672
425715321459052544
423453071281487872
423462160682217472
424896682128441345
423822264854138880
429271124501753857
421612228798713856
420778243671605248
423809318920912897
423497608569446400
428939976923824128
427865814428295169
428614945693900800
428632262515912704
427373440849297408
428685505299898369
424476684042395648
426666030815924224
428812383826747393
423171639296413696
428814743110180864
423300057233108992
426532726452125697
423498248251539456
428740015493885953
421648715602870272
429210987342745600
420746857342840832
426795036479471616
428680339876507648
425574802682691584
423726523804176384
428582342232649729
428768327973236736
424191321612759040
423668996013948928
423426284564119552
428648810181840896
429229981773103104
421983922516668416
420523375422103553
425644283320754176
422576344879230976
423463031079960577
421270285791551488
428156342491426817
429348567288152065
423425227733733376
429023515312783362
421130028382814209
421270348886454272
428858490946207744
428441935565443072
426431710629081088
429013824729931777
428697082338082816
425955383933288448
420862027570376704
424192729531551744
427072243911655424
419488486174240768
429329768345919488
424200250694590464
424571101943848961
424037640661266432
422685130864726017
424019096439517184
429380259855626240
423653737849032704
423958567658323968
426394696815243264
421300501737897984
429317206091243520
428582105615187968
427035076656775168
426529696663474176
423959812833951744
428606477150855168
429322534706630656
420866558953783296
421648919140245504
423824836071137281
418659922746699777
428651779631230976
429308696783753216
427217116773629953
428286635617554433
428281433077993472
425378503790723072
425515171482566656
428646127986933760
428869417209171968
428961656253583360
428759718006644737
426433228434862081
418466692012859393
420776916128251904
423893695348228096
428814336941756416
429318515032477696
423586257554665474
428071332287610880
428163356361388032
424195169672380417
423464025985282049
428676050772426753
428687277301039104
428640102600802304
423483108516581376
428636696629248001
422771385195196416
420924228805095424
429303046280323072
428618766617174016
428167581879390208
420864517774405632
423432778857054208
429225431238451200
423458985824776192
422767781092659201
423046240180641793
423411649555333120
421252522612105216
428920365390516224
428953755292151809
423389224109223936
423460491353010176
428665371416338433
429305096187293696
429316437262761984
429315385351880704
426075595902971904
424278646577057792
428596935210307584
428767084139401216
428658642632835072
425597614705225728
419631279361908736
425640049502216192
421331709674541056
428745487546454016
419112567861436416
429124642004279298
428212633892687872
423101770718392320
429117060158070785
423211226915536896
423820868859727872
424239866201653248
423392627510509568
426541639985668096
429318269875798016
429312644915658752
428697837095100416
428630369047674880
426480658652098560
424812573947482112
429002493029539840
428638213016539137
423931389818314752
427762944361762816
428640317512757248
429293353868754944
425536825663709184
428706138020794370
428962073104879617
429232755424362496
422746669344493568
428120813129068544
423461949981327360
428636414717079552
427373104026107904
421485300842381312
428642542243315713
419874872655769602
428676745177219073
428637450232410112
428596584821968897
424728702526574592
428644701227728896
421503316355338241
420378458489757696
428640359472582656
429316019589353473
428595903231168512
428854692957806592
420338629131517952
425594962492030976
428616570940559361
423445165010079745
421281964818046976
428664486556618752
428639369029640192
422041862489133056
423576124560773120
422666811176665088
423191684437245953
420379435007606784
425422587897085952
420854458453483520
422757051698126850
423451686506483712
421338183616724992
425513741611200512
427131456075231232
420194925997604864
420997582261723136
428671132737085440
429315488473042944
429380823351967744
428624709731639296
425479053660127232
425715320980901888
423833944090767360
425232775013494784
429303021067976704
420251993571983360
428626923552800769
427737825723703296
423439911858216960
428399991808196608
421331702284165120
420286745825923072
424896138828066816
423048709010886656
421336693401468928
420776323314106368
427419384634949632
428907279178420225
429378772169531392
423459440126611456
428638609898364929
426357169282220032
429003801312256000
428847672553127936
423826155225882625
429318004342419459
428739554795724800
429308444844109824
423745353343447040
426336889709137920
420778192115216384
423130563244216320
428472066216439808
425307863775322112
429277581444382720
428681255744323584
423469961646858240
429007991241588736
424395886073221120
427089971032637440
429308714974457857
428356425191276544
425707358593884160
428020140509126656
426451610890285056
426337776892530688
425436821552889856
429070401801830400
420951837790208000
427922926843613184
423280253004288000
428879948758011905
424295994222592000
428627572466122752
429229886084247552
428355702784933890
427089900626644992
425411316032237568
428118725452001281
424619856726851585
423458587940114433
421335957095608321
427765996720771072
427554967583723520
428597402275024898
428624779248427008
420501992201797633
429304827701514240
428591768037523456
426366235555930112
425715322125942784
428751441356787712
426471293118976000
428356838115909632
423838351544696832
428729450487107584
426336657214676992
426406773113647104
428785581007446018
424920768141463553
423140695667646464
429289652218908672
428818709072060416
419818280724230144
423426063851466753
425283849799495680
428667247163633664
428681741524406273
428642899006619648
423838310004305920
429305436505133056
427861624599621632
424902004029526016
427071722454798336
429231699692498945
423838626028326912
428582233205526528
426603021108137985
428746006453161986
425581385957777408
425582442477785088
422305691165294592
423886318859341825
428600612222435329
428663286197145600
429375015570505728
419819777150820352
425211137454387200
429309749524312064
428741670880821248
423144578351259648
429345724611178496
424925050811076608
422015671786938368
426357482827825152
428716039107788800
423463544861257728
428622427619610624
428671557008105473
428814570216378369
425587694128095232
428628588213321728
429022607564763136
428818667451990016
424926554440073216
421600559922434048
425715321995923456
426361678331412480
426879498693664768
423462146287366144
421338159566553088
429309778859290625
429081732617236480
424476468643905536
419321281105125376
428680275711643648
422854301032017920
429340640543916032
423463334416244736
424109773618155520
429174913501388800
428358294462541824
429310225925951488
425675480071933952
420362550237085696
429073369766846464
425612987668242432
429316667391627264
423435388423000064
423459649270984705
425525957450280960
426476322764775424
424193211397988352
419817265479954432
428629375920386049
426155084829827072
428577289211633665
419064760014237696
428707428977618944
419874962036764672
422050756402098176
423747511719698432
423450110463578112
425548515037544448
423881360064135168
420765154922332160
423076688478896128
423101457299025920
427673824532774912
428642461578051584
428176798740779008
423051490446413825
426478262529712128
428357028327604224
428872570490740738
427764250996527104
427807936744673280
424757975324950528
428585810019889153
428618556876394496
428663888780226560
429380121955663872
429336737790164995
422117343024926720
425609945367584769
429306724231970816
424491700426248192
428704252936982528
423464492337733632
424769958732513280
421338918328733696
423844721531043841
423139172292259840
426401972556546048
424107971958681600
418855173050470400
428815227967123456
419266089445761025
428571086301974528
427901112038215680
429380348388978688
426532517777526785
425610351728529409
429303974546927616
423703786297630720
423431080696643584
419085840363819008
421598728986710017
423014438409498624
422945185719275522
428632948490137600
428668083343851520
423782572414353408
423463306763173888
421338465478139904
428811331299725312
423823974909607936
420663576253046784
424525297556660224
428847381707517952
427601455072423936
429364726150471680
418900430211407872
424015065667219457
426289373886545920
423447785749639168
428924504283172865
427628002697281536
424003073896226816
428620022668197888
421588185525649408
425699316133822465
425630741855100929
423766356895338496
428979130680750080
425715320938975232
428608749805527040
427836683682197505
428632352730783745
424195563882831872
420564861429362688
426468236327002112
421317058458968064
429304338133954560
428335988495376384
421398819826597888
428980338380251136
428104201944588288
427880988224413696
429322932641607680
427373971534008320
418768514158055426
426346232399687680
419178292113993728
428357181621407744
426361632894119937
428642701593300993
424699916464578560
428883802598178816
429311135716610048
429322725945909248
429288977363779584
428708367260200960
428753302613139456
421178495155200001
427808335513939968
428635371811770369
423518396316385280
425456143092027393
428397925295595520
424512433063874560
423725130229899264
425926188977381376
429381444390354944
428629833753452544
428762111674576896
421602029099024384
423125915607269376
428629918646538240
424753006886674432
429057388650307584
421335018330685440
428661538094723072
428620337794674689
428787108564992000
428663868962111488
428795868125204480
428641594313801729
424835118293729281
428621168434622466
421530989588803584
428814592689852416
428604116642721792
420777304722124800
429162579642961922
423438629982048257
428641017504346112
423891309171310592
418226305831018496
428632244853694464
428659874189156352
428606699612954624
424895899513671680
419275814425743360
421040136219279360
428564582320570368
428670991170928640
419657304615972864
428644309836238848
425116246246301696
420138209189048320
427764330809937920
426459660548571136
429291054362542081
425551392577564672
423150915265114112
424865212886315008
429210333321113600
425138490611744768
425522007531606016
421335730229895168
428379741662375936
429303004206886912
423398747557462016
428889703518330880
428667661728632833
423115610852032512
418821940577452033
420362715282939906
425315981427474432
420904604592001024
425951314976464896
428894272029343744
429211502542061568
419678674669940736
428660861901627393
429379199195807744
424182987492970496
428740640273211392
423810513844588544
423379630364848128
428913205155340288
428597255567048705
419618678528036864
421594330768609280
418356390269169664
419276493303205888
425417848224116736
420527745282482177
428812981380476928
428896389012025344
422671568154525697
420858501561204736
423380614100697088
429320727905308673
424526410099986432
421620670255345666
421280275809583104
428663811831496705
425441622843609088
426422299563397120
427863216987709440
428843061255622656
429375137868046336
418227922797727744
419339423226949635
429309815731412992
419215305869520896
423839498397437952
426346573639868416
423726788796108801
420393733398355968
428698327522099200
428098725014032384
428644064812998657
420175342314483712
428647566390345729
426658732278153217
428640966082584577
428688050546167808
428711857872838657
428801364743831552
429330650533855232
428580171994509312
427776625523310592
429227076974301184
419372864710918144
424210742796357632
427445586774605824
428754301347831808
427051112617607168
423838647851692032
428443893189722112
428847128304025600
427865647880863744
429088394652954625
418463543738896384
429082456416067584
428356279442997248
426420739562934272
423723020717273089
423938732085874688
425869996854489088
421999749277810688
423792362100236288
428675693715525632
429019865546911745
428645382621392897
421265001169420288
421983415521804288
427763991705051136
425645293967659009
428663173198008320
423394800424194048
427602817608454144
428606858774208512
428637441088446464
429312324038438912
428638116895670272
428894723571318784
428639440588640256
419068652424810496
428567706036879360
423076689246445568
426459596551512064
423453252207009792
420085193836228609
428831711669919744
427591095388606464
428944471301304320
428618550844997632
429326118752370688
428747546219905024
425309172893089792
421331707036319744
428582136380411904
426365668972593152
428605558661185536
424082444766445569
428962866579128320
429002895569473537
424370257936261120
428868538523463681
428700834252070914
428647373083262976
426452735291318272
428636941169344513
428602117730103296
419511006390648832
425609768967753728
428254666389221376
423919587399569408
426410470937870336
428852433625022464
429072521351405568
422666810560114688
423441714834333696
427595530634416128
423463850935992321
425597063435255808
425715321618432001
425528048285679616
423432553488736257
428722335110012929
426487381655842816
425842817756176384
426416982716465152
427863214672470016
424837368751722497
421609554225668096
429370733824061440
428279280615706625
425715321714921472
425501609297453056
424721276666535936
423577589920194561
428696259848052736
428617826182905857
428151266217177088
424709368303476736
419659978622763009
423955260919382016
425715322205646848
423532019239247873
425327419814182912
428703757317451776
426346109825327104
418463541394300928
426448975403565056
428663737290346496
423597989743976448
426544167037054977
422755825279455234
429304982483914754
428708144663891968
419068482417078272
421307276356370433
420583039480000512
429316102695292928
428623936688259072
425458146463981568
428158919115288576
428573030290558976
423444934944120832
428625790935498752
426352740214644736
421337542152421377
422540977815834624
428639938351886336
428836754158669824
428596920886390784
429309827718721537
418791574483771392
423402210362286080
428601745145880576
425601924642009088
428852114471657472
428701990198071296
423838391487041536
423461922114007040
422841159032262657
423164340829564928
423955777414365184
420335657173516288
424704848768946176
428673512119615489
425584240768475136
423957415403352064
428598451895803904
428373491482902528
424664418907979776
422386788955873280
428652922792968192
424090386584199168
424095416649404416
428788765234954240
424705298268315648
428643262073942016
428191069822787584
429187409499410432
429378268135817216
423401663198547968
419260738792734720
424013000526143488
428724667705094146
423431444027826177
426434675960074241
428605243182809088
420625451434782720
428414928337113088
429354752560746496
427654559994224640
423424378639224832
419860601746100224
422830627897872385
428635691191246848
421192070204628993
425501794723446784
426345810175868928
425459271149436928
429315158028996608
428679281808769024
425586780247568384
428797300623044608
423856480748847104
425549674217353216
426737312760745985
429363892352192512
428511111416401920
428762735590268928
429139676675313664
429065617556406272
422899043442753536
425747440671543296
428630626514649088
429303375956819969
429131060060762112
423687823753895936
426424666974998529
420950727456874496
422759742700650496
422771278521442304
423461284764327936
429375348883865600
424844370026971136
428636886782193664
424731972275937280
429315511525314560
423866141308485632
423723318571585536
422046417923092480
425572552530882561
425634871252221952
423464337974759424
428638852199493632
422846866955317248
423955299104337920
425665025060003840
429325281908645889
428898654644998144
423297938094178305
428597484227555328
423442695131238400
426525816189911040
428642852600426496
428158597386993664
423858974581338112
428788998014660608
427553346203824128
428736013888806912
423485030568980480
428067791195750400
428621718341435392
423423982121910274
427768286009647104
428697461004062720
429308574490042369
426430371006521344
425178536534478848
429160396268654592
426260534195781632
428836409642713088
421333577234911232
429309309181501440
428643775133401088
429071889890557952
424136716308733952
426376000566341632
420801900498284544
425532636778356736
419114022613430274
428747866581241856
427373232845754368
423036245162213376
423822161984638976
429303994335244288
428158842296225792
428590046787010561
428799042110623744
422568578635026432
419652862264631297
425616872772739072
428694143682875393
429067406796132353
429077407543214080
429287441892007936
423354034594910208
428899705029136384
429291149988098048
428903942953517056
423453252957794304
428018317052620800
424140863048908800
425874654654263296
428673268308914177
423445093291290624
421311800273932288
428973599840800768
429290985395605504
419269133126365184
423511661484331009
421408409020530688
421476579814825984
429286598023200768
420428455402958848
429002460628144129
420356762642829312
428606092864913408
429308805017763840
429322239667101697
421251746405814272
424768956256108545
428603872211238913
429315137648852992
424181231904112640
429305584211333120
420098398390194176
421242596107636736
419514503454556160
429344868083982337
424184738484862976
429316123902111745
429308290070085632
426690921166827520
429298831797149696
429026400637419522
425926716893057024
428610887109210112
424705350705905664
429022172514754560
420142868318392320
428691892423753728
428627485777874944
423836990489251840
421265002964594688
421371398582714369
423838465298423808
429310188563464192
423461435654807552
428691644632666112
423478041096888322
428646017970352128
418425154155184130
423821499511099392
423456950005665793
429374678084243456
428653439791280128
420854813191327744
421647124778864640
429303173791363072
424630689326063616
426417294076436481
425045188923244544
424285740697014272
421268741398466560
427051161758466048
419266659103158272
421648918871814144
429303352006963201
428610714148687872
429303514162950144
428697786838577152
423397548246958080
420363030346473472
425020090870820864
419342276285186048
423838410017488896
426456583015370754
423755008203841536
428739189832572928
428830867801116672
421338183629283328
428751273286836224
429340253967507461
423467479265193984
428389308966240257
423681964843859968
428583699689791488
428592908279619584
429129067284025344
427036385179357184
426757284895920128
427094223754887168
427391819068895232
419261088279298048
424095425683931137
421639960614027266
423042123680604160
428675343080103936
428691562868924416
425231661891325952
428125772889747456
429309526131896323
425459198131204096
428139080262500352
420193294681776129
428642989460574208
428601888494215168
425963894494883841
424622356519059456
425627238567268353
426947268126580737
427279233442795520
428591641234927616
428641993489936385
428640009965809664
424630197674336257
428051663052488704
421188089688883200
423457110572433408
425430652092026881
429279644538638336
424493526332628992
423759789383241728
423457257431371776
428158112546054144
428671715091431424
425107558525722624
424061074208350209
419526995492732928
428898978076581888
427695676105846784
424279214695542784
428593170742394880
429371466732535808
428649657762586625
423031145299968000
425521215705341952
429269366216327168
427604696233017344
428637415511969792
423498942215888896
424837482312511489
423835576597364737
428943525292810240
424861539275776001
422770705202421760
427047747607220224
424135341696888832
423824937087143936
428630005224976384
420774974324875264
427373655275089920
428741041353551872
428631877034184704
429183557794545664
428699233878044672
428580697545379840
427462854661652480
429227062428450816
425736708349386753
423392295225139200
425609768598659072
428597951514935296
420944432809410560
424502645793910784
422576456401969152
424708689803481088
428574639141691392
420497946996518912
428600926752874496
428161910409011200
428605940049248257
428968939737989120
425577404233285632
427882768442220545
426695969389154304
429292543700774912
428610576785211392
425674370992726016
420207525989187584
420246216480681984
428606714058117120
428606178101170176
429298465127292928
425632754579935232
425564559198662658
420136921747058689
428615369159241728
428615381343670272
429278194987188224
427046822125658113
424745934841323520
422786382730657793
423891673316196353
427373918622851072
423740621157707776
422569120106684417
423453070585253888
429303345073762305
427829807464738816
421686737052901377
423128356540776448
428792267563081728
428740660272070656
426707419608002561
420745289364811776
425962336319725568
428963556093353985
423456027208851456
422382907114926081
419180773389107200
423392245018927104
429333672081489920
423490612399452160
428615780746276864
419619473922875392
428158723450998784
423466494249287680
428642738675150848
421337945103405056
425692117541744640
428656623318360064
421783705582329856
428981980781625344
428609952114933760
428638410153418752
424709942369464320
419701557181964290
428358715096727552
428681105752215552
423465101552001024
428674746440359936
429303494537785344
426355589904875520
426429864414281728
425610469425311744
428899079738109952
421336666075561984
425513056882262016
429340761490862082
419339044359639041
422750099429916672
425498735683317760
425942233251323904
421385525681856512
428657341118951425
422680752728178688
423391695167033344
425554991869603840
429310234025140224
422415179922825217
420376678620078081
424837365861842944
429025646971351040
428664396198334464
428988867195052033
420400067229798400
423416844276752384
425387884800012288
425641458339561472
429299060957528064
428291083597254656
423463358281428992
425614548826324992
423458899677552640
428855053659963392
429315789486043136
429378253871001601
429007220701790209
423466786563301376
423480285523894272
424107982654144512
429373259595792384
423474930001653760
428632975077810176
420989222963523584
428847060352507904
428703069996851200
426289878738145280
423381350687584256
428115883324497921
428662577212964864
428691773700190208
429304969670295553
425675361234731008
428609593779163136
426102290852741120
423462390697431040
429319330044456960
418880970066903040
428606479869169664
420502289213050880
420339046850629632
423727859480264704
423702013117861888
420808424163516416
427399480229781505
425570173043896321
428755571475361793
428740620597723136
425308378294784000
426347963607416832
421268740756766720
423400508338892801
425715321530363904
429316636449853440
429135242574569472
422573947096289280
428664158209318912
428605681088745472
428577518665596928
421607540301254656
428789592402046976
423461010872094720
423447785028218880
428668330321256448
424821686593015808
425681975077507072
424659142130040832
424002799743926273
425674842533142528
420247339388108800
428578608949784576
424748379101736961
423141211957121024
420431213804154880
428666296125751296
428672218592059392
424494225376301056
428658122568527872
429303968586412032
424497944729899008
427757977248882688
421336004646432768
425478453052186624
424496082169921536
423959762326151168
424107672913584128
428674335679971328
428989975942537216
423220012204040193
428304093233565696
428882939959844865
423162711568941057
423821908862586881
420285707723091968
425609945384370176
424039705408442368
428150223383584768
429223123624660992
425480400723406849
419263754002759682
421132549130178560
423930842482626560
428685009021833216
429014849838780418
426361430195982336
429074779849895936
428640156170878976
428621552884535297
424886171471052800
429384826920390656
429308639258476544
429313589862600704
420275129394806784
423855000792477696
429373749205282816
423177430275076096
420900821866274816
423140253029769217
428625433681096704
423838454997196800
429320158554095616
424912009902055425
419482717051707392
428763909181685760
427824507395383296
428815545379852288
423495529490698241
424295679914029056
428649985207705600
421470460900278272
