103462269014392832
98621031673106432
105838409632841728
104658170898677762
102575203275636737
104602949287817217
104063015082672128
103756858942177280
102086795264659457
103478854374535168
103783386698625024
102228014070374400
105994999136653312
106712974491787265
104713635200372736
105653246596616192
103771024042115072
104601968089120768
103055843351732225
104813574005862400
102236088558551040
105043959256064000
103448571877130242
102048869801672705
103462644266176512
102086449427525632
107062507134390272
103194632510377985
100932233774366721
98065139055591424
104756346410377216
102102722911813632
102094631004684289
103263644418195456
102092227228090368
103373555785412608
104576633322741760
103292580338475008
103198249250328577
103397934778953728
103263794972721152
104352445685178369
105875588572651520
104487398083276800
103882641052409856
104783691905122304
102134626050519040
102161201684942848
104607667267448833
103270171950583808
103618369172946945
103203574695211008
102123391263313921
102333139589926912
103194630929133568
102010329554354176
104870329607925760
104175619100778497
102074114948333568
102103418612617216
102092224770228224
106342457880481792
106025213489197056
102108999473836032
103783434522075137
103443630617923586
103266168554528768
102086276492165120
102244108613070848
103197908035309568
104613080281006081
104605098856030208
103503456802836481
105733754483515392
103194630815887360
102872185433104384
103509222314082305
103187970043035649
105782904721899521
102159250188537856
102087475425574913
103343688557658112
102308544224829440
107027232316325889
105938151851307008
105581624208527360
103590618571358209
103258927843639296
104496696741990400
103282888870592512
103199299508252672
104586695550320640
103858986553589760
103143808870522880
104480236636348416
104563919758172160
104294816862576640
105987171210633216
103438309744848896
102164991309910017
104674539883081729
105989282258370560
102283757935005697
101605879140450305
102371311329878017
105914761048358912
104527516831711232
103744519132037121
104495694278180865
103485257684234240
103380747049639936
108948552947990528
103218339173777410
104520737934675968
104480811549601792
103744519316582400
109041947989118977
104130346576130048
103034576531759104
108963877865259008
105734646012182528
103222167021428736
102111187457675265
103785177624481792
98678249768484865
103210037610160128
104786460435156992
106317340928512000
102084476569526272
103862792473419776
104531338266279936
106586437545246720
104502894102982657
104487357813755904
105713478718853120
104780753161814016
103744663340593152
101171021448622080
102095790947827715
103034475914604544
105502031413907456
108727232461156352
103936255456313346
103811527588589568
108948499340591104
103212237438717952
105366895120756736
104114442660364288
103183992181886976
103264692482486272
103188006290206720
103928704060755968
103820256820203520
108251477654515712
98611902556536832
102086344662204416
103209105711300608
98400705966125056
104546770582904832
104260029670096896
102313760349368320
102089157119180801
103291308600344578
103263583005188096
102146408987107329
103947716681400320
102099941022896128
105872612755902464
100707601486065664
103567571260940288
105580539116912640
103257967893286912
105742663956971520
98721650899554304
106710499353313280
102092225055432704
102090073486524416
103221958254149632
104659002478182400
104050828469469184
102095015299395585
103237724596744192
105746109351215104
104579940686626818
104485940130623488
102102720969838594
101058656161898496
105726121647149056
103194631969325056
101803218207649792
106347682532032512
102092227043528704
106027536634494976
102101680325279745
104873329361559552
105041176377307137
105845457477058562
104562589383667712
104749538081906689
105862448971657217
105586900051574784
102086795851862016
103201776714514432
103817821204643840
105622756271472640
104551750270328832
102088013273772032
105589210366492672
102010438874705920
107303444083249152
107673815873622016
104747339524218880
103511274700288000
98791254527197184
98819902177148930
105155611448184832
103785106233233408
102979768034656257
103373558759170048
104252509643743234
106075015841189888
101976287039602688
105513643025768448
103198250445717505
102092225378390017
105605381224529920
102122122557669377
102093816089165824
102099062127468546
102732455018106880
102103240480538624
102086277356208129
103160411486035969
102137113809666048
105732414072029184
98981248386596865
104168064848887808
105571668432392192
104543715317649408
103201124298932224
105869274052173824
105367835861204993
108850009050578944
102096949649477633
108978022585073665
106216325147406339
105245506510401536
108209004060229633
106610636636700672
99331824932753408
103931683224551425
103485058450587648
103286538108018688
104510770020233216
103506691559129089
104575524508151808
104488513323532288
103842286986727424
103818442750169089
103465312766275584
103269410936074240
103280671363055616
106626571267358720
104313918922563584
107342513966288896
102087945896464384
103212090726162432
105491974211117057
108949157917626370
105498620031270912
102515658486595584
102737799123451904
102136175925542913
102157692595998720
103505941961523200
103200755674124289
103195379595620353
103140214624616448
105098767828656128
105804959777427459
102363783124627457
105854808963039233
103243348034326528
105638342426767360
104289018073718784
103206953639096320
105679058175655936
104489337256808448
106406540738691072
105506145178877952
98064341055717376
104484526918610945
103818817368629250
103744664829575168
102981378639011841
103399657044058112
102106358421274625
106656829102239744
103194626223120385
104103125736112128
107170691912187905
103201325508071424
103266163852713985
104496375500251137
103206999143096320
103221083796287489
103245901551763456
106662638053883904
103444791710318592
106286619539161088
102087016338042880
103744381974093824
102789526593867776
103468474931757056
102099062815342592
105989304878239744
105505936378036224
103446009648132096
103194632065794049
105511314893455361
105506977463013376
103210342737391616
102086796074164224
107036688999661568
104651491243077632
99466847157628928
103473722765221889
103140694545268736
104976729071824896
104563628736397312
103821806846222337
102098143847530497
103744525234749440
105606097318055937
101390216358658048
104522446643798016
103183747297452034
99331823900950528
106356787636207617
102347090323177473
105237685253316608
103181519161532416
104765308136456192
102109128079572992
102086479861387264
103264537188384768
101203724822790145
104480809527943168
97991273423704065
102110047064178688
103200546005069824
103796528656814080
105730440660393984
105245511417724929
106822191135465473
105866542255833089
105679165692448769
105237302887989248
102333107960692737
103186658614181888
106026675002806272
103199188870901760
102089152304132097
106745763853385728
103759555250499584
98186075947794432
103758085650264064
106394008883957761
103748135272185857
98480104396689409
103281130471559168
102094126060802048
105491332704907264
101703718663237632
104778599613214720
102143215297249281
104495699948879872
98064343706505216
103708375249985536
103422914627514368
105211972882145280
107489917810126848
103229353143435265
102086555455328257
101312617183846400
104582861327302656
104164187537805312
102088734354325505
104578066084401154
103589713264390144
104621217289474048
103234458718703616
103204042855038976
105063398152224768
103180617893679105
105980472999411712
104346362669309952
103263459025756160
106159203634262016
102102915484876800
105524820682358784
103797072611917824
102088011671543809
98375712947441664
101392482289455104
100708286646587392
103019980408356864
104267580436516864
105765120227024896
103749307735343104
103599138087780353
105491902241058816
106052775808471044
103401100195012608
103206074781409280
106656831757234176
103019982354518016
104791546112651264
105858679806504961
104415518282350592
105888354708631552
105184368347201536
105516456309047296
102092807556169728
102626039498407937
103199090413809665
106184134602395648
98393950003531776
104263273343483904
103228460733968384
108194099470925824
102129897870327810
106724947396788224
104500360583979008
107031709144453120
104746649775128576
102148489093447681
103852498594447360
102094081387270144
103291760331075584
104487806088396801
103749309941559296
102090091891142657
104483303922479104
99129637199822848
104511890989916160
106515589639581696
103215381442863104
103201582430171136
102088562949890048
102088012866920449
103239212387672065
102100453499744256
103744694344892416
102961944696340480
102606251149639680
103138110577180672
103201472858173440
99132307750916096
108209258901942272
103526500829110272
103749808677855232
102092226519236609
104491264992489472
104260503114743808
103043106462633984
103473345047166977
104489004078071808
102112485557026816
103207007288430592
103483002893516800
103160666558443520
104687123285803008
105501855207010305
103743780703830016
104873331559374848
103627024769363968
103697558253215744
103194632074166273
107240467846012928
105590737520955393
106475892104105984
106336425603117056
104562950668427265
97992665353830400
102098581183414272
105996955372621824
104509412219166720
102096061216202753
98203241631850497
104931623308496896
104572932558299137
104063000868159488
103463028464422912
106326585342300160
102084477492273153
102048932145803264
102090603814330368
105686951646081024
104175432517173248
103194632262918144
98535282340659201
99320712636006401
103782600140783616
103373552069255168
109048206503059456
98733105694769152
102092927114817536
105396778945347584
105136354765176832
107295865160474625
104771995404734464
103496783681949696
102792050465980416
104523338537385984
103474252983959552
103194791994601472
104566504590282753
106025698308800513
98393037415256064
102095787437195264
106408368981282816
105780783456845824
104488268187443200
102099173242966018
105588382020804608
106043215383240704
103198245613871105
102636152342855681
105178005286039552
102903129917505537
106066835123879936
107041745585455104
104016239898263552
101767953602711552
104501409097064448
104552344276058112
106286616762523649
106041046542192640
105211542257152000
103482584562020353
103264894241095680
107130196787863552
105714077417996289
103209896253726720
103195502249639936
103194632665567233
102087475463335936
105631407119933440
101672157238673408
106058849865306112
105600171454382080
104480812510093314
106063430426951680
103230392735252480
105491972357238784
106174563645263873
104480817207721984
102090091270377472
99520017854504961
108934391589371905
104063008854130689
97844821900795904
103744675852201984
102361705639718912
102097113067950080
103463651515699201
102312419854000128
105919636352151552
104562766555258880
105514429973671937
105506153588469760
104487940683612160
104572521734606848
105938149003370496
103194262866362368
102228039684988928
108247902199095296
104573535766315008
103744521099153409
102087953270063106
107034648030363648
105619177095696384
105770826053337089
103195220849602560
102088504342872064
102086653555908608
102184566952964096
108195638608543746
108111187295735808
102643624403152898
103506349220052992
103157583950524416
103743808130400256
100603775722586112
103478366824443904
102128993054101504
106474349166473216
102141725887307777
102724831862206464
104578078654738432
104533609951666176
104769452771508224
104530033464451072
103175897707843585
105280381468680194
99304185488621569
104747971572285440
104111433641496576
103151906028912640
103211740636000258
103194626680307712
102425875500384257
102111217862193152
103445412555390977
100459288589377537
103798916792856576
102088013080825856
103677918210818048
103746407969730560
102094949218140162
98377567261822976
105519558076547072
105938145773764608
103848579323535360
103554935899168768
103284318868226049
103162205654106114
103187364750438401
107748563412459520
103265555456339968
103171467373584384
103773948889673728
102086277788213248
103739564270686208
104561598961696770
99547732640927745
102099062509150209
103219161630642176
107141462369640448
105942939125030912
103280035707895809
103919164292468737
102088011939983362
106614511624134656
107722360999780352
103321279993626624
105208354686779392
103239287507664897
105581309577007104
104532557122633728
99497411931684864
106375356906352640
104579937045970945
103492490807619584
104190007631294464
103089437839335424
104016067650785280
103479564839297024
105245509228306432
105585330295541760
103739847340072960
105506147900981249
104655374270988288
102092227450376192
105632006385319937
105730639667544064
105986711800131584
104699781720449025
101803981264793602
104495691627368448
105506154796429312
104726872591564800
103749418406260736
106793387755180033
102729749725577217
103622862337884160
104280942008475649
106456194935296000
103349050958553088
105836540374163458
100944616051838977
103201384505151488
105571665072750593
104262630381854720
103925289385590784
105571671980773376
103833811149783041
100529195762982912
105519559389347840
107234952181063682
104910632129798146
106057969665454080
107222923483426816
102092226645078016
103769231480463360
102083350092713984
103160413402828802
100707477976383490
103749312181317632
103482347999068160
105156415433347072
103178320807600128
99709044201226241
97991758281048064
106831094585896960
106342458119553025
103818418553233408
103736201785262080
102089561764659200
106891450461073408
104029246091042817
104897203746783232
106656826841497600
103512222407475201
108191436058533888
102146405832986624
104714548778500096
104976045802926080
103839498030424064
106395329666097152
107136390898266112
108546226911326209
107476146052014080
101837108230107137
99513846380765184
101063732687405056
104918982259245057
108727324815523840
104601273738854400
104490514774097920
103439316751101952
105733748443713536
103257396754911232
104485840696258560
102098324416503809
105763140817526784
103201502167969792
106494564839329792
102086277192622080
102157878558863361
103216587682742272
104913355285868544
105550531027681280
102107599117369344
103865252990554112
103289341161373697
102109127974727680
103744384222236672
107236554359062528
98333540739059712
105725940247699456
103395296020660224
102333109181235200
106285035618959360
98026644098387968
102141620463484928
104147726144503808
105592829228752896
106262650400423936
100459007956877312
103200809352830977
99086121169989632
100903078273880064
105498228996325377
103403309058109440
107032718499512320
97840671897042944
104549135566372864
105999972872368129
103623540082880512
104263281618862080
103249820365488128
104480822924541952
102634323701792768
102560494107369474
103297979397578752
99881155687485441
102798158337290240
100497224475213826
104769717306273793
103273308040073216
103199619080663040
105490090456924160
106030463197511680
99479758299078656
106565852157054977
103382685560483840
103291549256916992
104918287175000064
104486936147791872
104747854723162112
101691426605236224
102776881954299904
103744381948923905
97840146413662208
105836191647154177
102954211360247808
99101038040199168
106616055245447169
104307893851004928
108546231336304640
99253770969559041
104873333585219584
104316395742969856
102228860879380480
105777565725241345
103267515383283713
102111330114338816
104496363580039168
106006188176588802
103145590027857920
103724012655484928
104215030626660353
105173493854904320
106286622483562496
104262060992499712
102729557529993216
104673962419695616
103221457307443200
105832703831715841
103797580353380352
106389394386194433
107961398604206081
103749642008797184
105499598377852928
102174917440704512
103190277119934464
104564846170882048
105211893450412032
103182092174766080
101391967765807104
105087123346034688
105664521359728642
105834266432249857
103839680310685696
100541781229318144
