562248733803692032
563434905204686848
563642180427071488
561696575987396608
570649422150967296
570295423778336768
562629674799345664
568311161709400064
565094349487091713
568142191354363905
564953933580599296
570948087385968641
566800199629033472
567440414496804864
562056841878724608
569390184850010112
562202861220950017
567477144625086464
566605553917378561
569974346183110656
568451787948204032
569147738182385665
565878727720988672
567987041910317056
570231793233858560
568132925641924608
567438873966694400
565252540074590208
568353143299416064
565880901716824066
564179113741524992
565131215293128704
565025799451860992
563719856097607680
571160980886941696
570232856355725315
569466974268313600
568716957261926400
562296421903499264
568955886925819904
570886908777238528
570150906865405953
565864450410823681
570772730414542848
561909542024646656
562609825709060096
562245469355909120
562284950796664832
562001812073762817
562740105539227649
570606550529798144
571103807691567104
571280658833809408
565797086004645889
566413516190412800
564974625252057089
561916814670983170
562495408887582720
562348812841549824
570726378498232320
562074404088053760
567634683739918337
570644530971586561
569672025532461056
565975154908737537
567466353636827136
567438320121417729
565879079560175616
562284607866142720
568195084258312193
565202463666741248
565964234409123841
562143199511080960
569753442614292481
561962243219156992
566019579315355648
565451532167294976
562198721384161281
569850973302206465
568932481291825152
565881330047922176
567799957940629504
569405118027841537
567278810949627904
568724459797946368
566426481891741698
571049335854669825
568315348237340672
570645721315201024
562080355235024896
567444889789796352
568457613026811905
562372342123622400
570245559052845056
570351767717744642
568310161254817792
561921833247965185
569018025271291904
566426933563375616
565881314071834624
566290100414611456
565066215719051265
561944000475975681
571124452332691457
564903444691947520
568866961721040896
568948601927409665
563239041588797440
563617300667183104
566937123891462144
562343475149275136
571662323045122048
566241161938231297
562834820901117952
565881311379095552
562652148354531328
565876617508290560
563416074511589376
566158399000547328
562199958565453824
562076939968475136
562272772240334848
570218092539863041
568875430528352257
562772828504981506
568834421995888640
561939052879175681
561992479592177665
562208092574601217
562612179636355072
565881332900069376
564172204511068160
567891699600621568
562627894678401024
569010094744182784
562129037879824385
561707997597290497
567702825744871424
563440695386468352
562767254719594497
563433530739290114
565881338197475328
564207900093321217
565182013767188480
562267662609166336
562774225908666372
562441538366865408
568683381354950657
563848564556963840
561768557256511489
571337005885313024
570703317073928192
567805169963114497
567185064513925120
566426362802880512
567081729090158592
562249279440699392
568689417138753536
570691946894790656
565249124153696261
570245820202614785
563295756950327296
562235738477977601
568717247268696066
564884696656404480
569019814091444224
569238857079775232
562392271698419712
569161060512600064
569413095732355072
568842608576868353
570989755636305920
565884370821459969
566643016409284608
565185401129009152
562266978900267008
566734932278779905
568663755715776512
561993200286830594
569416378047864833
566064132202299392
562767326014365699
567073885057994752
562425605254168576
565815607262990336
562245986878488576
562336211977916416
568952954314723328
562862118119415808
569758755597918208
563390639962738688
569654153309335552
564891567526137856
562593650161762304
569252670453600256
567115630055129090
562258225555206144
561859697893203968
562253285600423936
566658292236054528
570850059698503680
565035037800673280
562398763982274560
570701588618219520
564069385375993858
562125849147633664
570225213020844036
571342879429419008
564223784786227200
565926521555009536
567389746934980608
571710182935425025
570485264738586624
570960950435512321
570327360265781248
570688021227552769
567075075061325825
569249970198593536
571368508187025408
562773407365095426
562228754215616512
568008570723274752
563579774174380032
562316023961903104
567648828552380416
565212709680320512
570635065438261249
565136173895802880
566133615793152000
562459813821435904
568069958179033089
561958516647546880
561756369338908673
565973333515444224
565179678466793472
569653412851269632
569540773101723648
568977943592108033
562491691547246593
570238026879799296
562705973094404096
562434580569796608
562436158819287040
570716177372192768
568024888063234048
567163019990278144
571695882682429440
564880414981230595
565873409968463872
561859592028971010
563553236909846528
567038822475522048
564930703108743168
562088514620100609
570683451591905280
568959325693063168
563675273242378240
568538254208692224
562531949026480128
567343323120431105
568910209298472960
563543393838460928
561909773952495616
567074697469497344
563154609754365953
570808140603613185
563027787658051584
567685690440171520
571816913459789827
562257888773955584
570234481300254720
563052765673684992
570933158633480193
567779624882548737
566544666175492096
562192330396954624
562233735181905920
567517197728096257
570653841370140672
565188234788237312
567528565647081472
561957209899159552
564208104695275520
568420251806728192
571001991297519616
568576353349582848
567760782168186885
561958081874395136
565166596696465408
566451911566426114
570295595165986816
567073809745063937
565159563167404033
562538006850969600
565144438251323393
562265110308073473
569525586038808576
569805302750699521
562344449096052736
562458725424693251
566095971591786496
565551035037405185
566425880483086337
563233919617601537
571338725571080193
566646360599175168
567446040400629760
565897211108945920
566401794272940033
565167619376816128
565898453323378689
571048740485615617
566031090192621568
564443320303116290
563737131567566848
563767385572655104
569908298402668544
563242747529011200
562077435219292160
565936372213497856
561877422220779520
562244495031279616
561994414860820481
566427940561227776
563774694130978816
563704942796361730
565130357977391104
565193644991606784
562315242366304256
565875679925788675
568452661202329600
565984056857624576
565179901490524161
564930146075815936
562247220381364224
562343662164905985
567278261705531392
570333050040508416
563639128332312578
564631567083921408
565881365737250816
570950621102268416
569127626092220416
570708972765888512
565119973132361728
565260729394417665
563872244091600896
569700822558351361
568718246880387072
570070950340890624
562247444075794432
563419302737367040
569591624877019136
566059284199649280
562809749285388291
569681105336578048
568840559307186176
562344304023445505
565185416320401409
565898328127578112
565744629463920641
561845470855954432
570912882080272384
562995800134144000
562793335870717953
565180177840218113
570642862494384129
567835974253875200
562446627705995264
562246414722662400
562245973045694464
571117498679955456
569084206971817985
568313889198362625
565438577518338049
564773350505840641
571365940148854784
564072592064004096
563718189872594945
567327740156583937
565180678430797824
563347421850529792
570501140334419969
564173230416859137
564104328726999040
567272725580754944
566594938042073088
569537815282884608
570685201044672512
564441480820183041
569115621729832960
564906148319727616
571389922826985472
562507080700268545
565448076702527488
570652830253654016
564163675867869186
571099796225835008
569183753773281280
563868018669674498
566155202957705216
567766103365021696
571415828425367552
569028696088170496
570706386314792960
562525541379878912
567369605866192896
562371698196897792
570913496344465408
569509299321380867
567906908562006016
565888152368197634
564630657742012416
569652801183182848
563765886457503744
569695059693580288
563207747798192128
568085354517016577
568830966011076608
563271419245907969
566641953849475072
568663120777883648
562627894762287104
567277607264088064
568993495022587905
564223620063326208
562246739080790018
562284133666541568
562602798190436353
570811696270290945
567634201294696448
567731536951517184
570542501427355648
568477549099139073
563297225401704448
563798053963190273
568855678313324544
566210155277459456
568677441973002241
567073992268591106
563719404836630529
567188099344498688
567543256519430144
564085473392730112
562212233560588289
571047816912445440
569008290685779968
562246049125785600
562253242042953728
567529767822319616
562244105502482432
562259441748570113
563031934323138563
570961671390429184
570644640833150978
567009307301265408
562257744829620225
571038664014340096
570573832496422912
569656998494674944
562627510530506752
569394974762123264
562249561008132096
567892810818457600
571713645819928579
563719118193721344
562491419860815872
561915687288184832
568689980635115520
565448075456819201
565915642587803649
562245604890669056
564528866098954240
566459752624844800
562594152676728833
564903814264676352
565896119474200576
565881341682941953
563344412525465600
567011409855135744
562330378770604033
567188218077257728
571549714400747521
567452016642113537
562447865004318720
562244982065471489
567802930645192704
568781781781979136
565198435322966017
562390021576327169
562079266087522305
565159825269878784
565171135705145344
571178942415048706
570967759518978048
566296326959562752
562768804930142209
571056313955848192
568451252423675904
565929723662843906
562304526615859200
571119476629876736
567696932747763712
563455277576359936
565211581198659584
563071688783691776
570404794952601600
569166670612209666
564860607870930946
562256319550205952
563030013315145729
562416412208427008
568929796886888448
567078228003946496
564907562156310529
562244800544374784
562259325536989184
562593367180443648
562774771721834500
563721943044857857
570955271641702400
566154743722958848
567636817248522240
568805661905018880
561786088943935490
570664369085788160
565836993557704704
563766364582998016
569003046836903936
566433097810731008
570932543052230656
568766378603368448
565543401215787012
568077633671409665
565495832028278785
563756304804872193
571005245851103235
562169457666060288
564177095895834625
562889651921641472
571132093591220225
565691348716896257
563031943739355137
570627941509373952
562461750109286400
562698050544861184
563151545832067072
571333969012084736
564821192566390785
563441787822276608
565450138567856129
565881300008321024
567472889449156608
565286808695885826
562967099489124352
569354350214160384
571314213836226560
562245638700949504
563548361513369600
569522123607318528
563588897951596545
571209785682628609
564987223452299265
570539129596989440
569240516140912641
562872486359232513
563774695527686144
562750596248502272
570582129886822400
562397198303133696
567411866238873601
564321275380645889
564395780111601664
566418510004621312
562157654554865664
569249969036775424
563525135081025537
563793255251595266
568770401125462016
571356767852077056
565951067750662145
561959300646436864
570660014836178944
569985082892484608
565157039878721536
565462266066518016
565888540978843648
568437343885123584
566713347316645888
568954402322587648
571295549707702275
562299695817830401
571787977946370048
571281170152996864
562496174859378688
568865572135559168
564566067893121025
564182157032054784
568770903754059776
562795035415293954
567941228148310016
562531154234863616
565795127869071360
563547817785176065
565449552254496769
564085580704006144
571807412400730112
562594429660581889
564082797825241088
562593373001764864
562294774691266560
562429073033789441
567516833561853954
570668849420476417
562170520783708161
570968881709199360
567118577593901057
565454655464177664
562080825840123906
561908942931263488
566936918995533824
566238787815374848
562244288453812224
564907798044377088
562768810298855424
570941733355302912
563133717997436928
569215471171448832
570741514558681089
565188416824815616
565216333571563520
569795922315632640
565831108190019584
570423153329102848
567373925269528576
566555868590665728
568967044386787328
565159490157559809
564471612888875008
562285850466066432
565164124284649472
561993665472905216
562084800635236353
564870886390779904
568678991114178560
565900576831983616
562264633676148736
570653860123025408
568021883981041665
567367625588883457
565670733326860289
562731238289838081
567634200590024704
565904313281941504
563771497966100481
568701117292363776
566421744366649344
566526067180322816
567224819607801857
562228754073010176
565154654015995904
562462432161832961
563766690656563200
562603132761690112
565019883952279552
562605188218109952
562237862893342720
565546807716220929
568785209627258881
569595310860845056
567378515654623232
562283278703415296
570964019487637504
562287787253047297
563340522408779776
562351832950145024
568789139224727552
567802871174930432
563026960193167361
569179046048768000
566821983648632833
563720274827550721
570471309186109440
567982747446157312
570940004203147264
568895961092755457
562173242945720322
565131215205060608
570779024391188481
565597598812495873
563727248058884096
562539161748779009
562456986118524929
570302626790821889
570808111566491648
567305664780042241
565908715820171264
563698481206796288
562078800352010240
566409867921854464
567592543920336896
566155010551988225
563774333118476288
562444039002140672
564666613329178626
570660044578131968
569085687091343360
562283825007693825
565228991238639617
565763386340691968
562284781099298816
562030695221313537
561905057659375617
563816560863625216
571316277014339584
565099781245394944
563345952581242880
565388854962966529
569103148603678720
565938693425610752
562079246756356096
564473795856302081
566154291560611840
569021233238450176
569465656111960064
571339858670706689
562797014220816386
569183618490376193
562244216123035648
565691343193014272
565464392008228864
567487084667998209
567722973986324480
562366937620307970
563755505324408833
570321036102803456
563530397149958144
565885388557148160
568881130272919552
567988449468403712
564779637444968450
566359944753348608
568157031603015680
567474341042872321
561788953808736256
571235434216460288
563295756291829761
562234294668902402
570856602665934848
570642668310519808
565882052046626816
563757683002867712
561807691043971072
565932981684957184
562414444496842752
570233336930672640
570917212506222592
565908680365719554
562640474121719808
565886695166324736
566251395154989056
563087369755455488
562291877055967232
570327422094036992
564169505631666176
565481932008722432
569179546420797442
562630712763748353
568434029890031616
561776726603075586
570714795818795008
562380001308590080
565585122624569344
566652747697901569
565085520502722560
562169864811327488
562249952458326018
569555948387340289
562089357830389760
561707398709403648
562974376522702848
565448076677365761
562248357062926336
565881321533485056
566415010121797633
564188055897387011
562589476481163264
562490748663504897
565449160347090944
567702825757462528
566515695555739648
568844645335040000
568556718432452608
562245281958596609
562434895457570817
568769788580896768
561988727749505024
562815979944955905
571118821139828736
570929048261566465
564860572110712832
568611068458737664
570885935946178561
565815240693395456
570780589499883520
565883168948244480
562249206723661826
569027263502487552
568633799086469120
562451452799365121
565881371965784064
566723648736997376
570643435855556608
562133207261278208
564931467373854721
565951134074818560
571751644939079682
567841307793616896
561808704962826241
562449267659661312
569027222935187456
568118067575681024
570482556082249728
565376005087690752
567386260885766144
571325107249004544
563632727543799808
564782879612608512
565805630565666817
566429935565553664
562292568050778112
562247524652965888
567636893526151168
561742947390349313
565288174940061699
565466625441550336
562697110790107136
570689686005526528
563756798570532865
569537974087626753
562259573651042304
566645834436337665
565879413401604097
563553593593044992
569489703763894272
566428404447080448
562143088848551936
570826386249625600
568026587708432384
571579064659644418
567445280141099009
564887874701512705
562283210516996096
562202404632813569
565610034361819137
563225053832028161
562504812399321089
569521791561027584
568477646981599232
561920554307842048
562654347000307712
567441452557287424
569514116446064640
561962247396655105
562428086474797057
568321229486202880
562345437152444418
562245204099747840
565239117647478787
565232611707346944
565954931815755776
571732239924396034
563295756304392192
562374204725932032
570928933719257089
569043493148094464
563870829448925184
568960768751702016
570280667038277632
562078197936705537
566314951875514370
562508407887122432
564231765645357056
568147204780777472
565166882659909634
565193361595068416
567685701345361921
562133863409790979
562080986096103425
566434987722153986
562418465495973888
563870135627575296
566422551086125057
568761198822494208
567305524740632576
571709332129239040
568340018680303616
565451405553844226
568948342060937216
565985473902825472
562375450979483652
561919035814973441
569249210387664896
571709952747704321
567419253046140928
569938275768664064
564054215623200768
563464292503023616
561690711880265728
562607776191750144
571791941626683393
562600765446172672
564873599375659009
570666511444119553
566248538384760832
570870262163501056
562605981981347840
562513368956043264
568978165390974976
571061920427606016
569160940119130113
564306899550490624
571471861260812288
567761648413581313
571108202600906753
562291826347212800
570700820779548672
565182270193954816
565156109695320065
563710756383121408
564889959556206592
571805018459774976
570966331023089664
567869230789431296
562367135503351808
567440803086495744
571000574461616129
570919585135927296
562928758228008960
570653455162974209
562245626281226240
562325220460343296
561761612030160896
561878909252558848
564716155965693952
562658716760031232
570964224375177216
563766889735016452
565272667788681216
568957378147848192
568969621564465154
570279502993080320
568960089463263232
564982583721988096
567076133582409728
562140349238235137
569245004490784770
563768497587888128
566200613806288896
565154374889242626
567748668036743168
566409181469868032
571718927820038144
570380298787131392
563600230898495490
569252921633738753
569521452065685504
569655964548272130
569134864164900864
567807867475222528
566409963560370176
565585881780994048
571210957940133888
565881317490167808
570684257364025344
563718706438877184
567103063304187906
567812062526619648
568955480225112065
565901291809812480
569602574673960960
571276957008195584
565901183580377088
567634467008040960
569551084412387328
564472282236854272
562511589769629697
569115994733596672
565889609398104064
562132002279665664
569656931461292032
563766298522705923
562086116476452864
567841897273753600
565286754589372418
565212529966989313
565523009520558082
568416642792878080
567436890890985473
566156245954867202
570651576081240065
562076700553396225
570832666137911296
565157421979815936
565156860630953984
570651599749525504
570746042976612353
565655488986353665
562793795612581890
569540524354314241
567079800805019648
562261101426257920
567987041818058752
562081426334437376
570129211018641408
562367090611724288
567654712632020992
565158548473008128
562251770122891264
567036896459915264
567009434962911233
562251417357139968
567099369581981696
567987998840754176
562305573140447232
564063030783119363
566444959906426880
566083698840600576
565926306035286017
570639597866057728
568314555392094208
562285079964418051
570225742329610240
562127835007959040
570076951454613505
563704703838879744
564357004110856192
562900380947062784
565183228042952704
568325514991144960
562094140834336768
571235351781453826
570407084182757376
562245392289374208
562368578683691010
561814689777479680
570682851705937922
565278801211699200
565219759562956801
569252345290186752
568825163027869696
569559795272777729
563720243114020865
563341839361904640
570220072863723521
565916040283299840
570700615350915072
562968530459852800
562884752538341376
561977632922021888
568803849290551296
568125822202023936
566156788555186178
569162338064060417
565501806168788994
570038817362743296
563185425335193600
565482564585275394
563215501493432320
562264540876791810
570699760903917569
563397153222299649
562592125628731393
565942784083755008
565103281496928256
567105764859191296
570884859448696832
565815607799840768
569836865160945664
565183930501177344
565815460630114304
565945652358963200
561955108003799041
571727825495064576
565479682871922689
571059920214355970
570275820784242688
570242135917789184
567453087246589955
570714836490973185
566072343194525696
562266684976025600
568876017911275520
567488147227832320
562995643028086786
562244911496699905
562592280562106368
568765540677722112
566409412676292608
564082599329415171
564395873489412096
562451100096540675
567281260737753088
562581187701796864
571283250951421952
562270211915513856
561819220468445185
562307666521780225
562283529531559936
570948616002666496
568383111165300736
569870597850689536
567041562342092800
561954710010486784
567022553198526464
567406079206621184
562283245207687169
563295324861919232
562285556634484737
564200433149685761
562691226756190208
562411074666762240
563342092886638593
562283221434388481
570923058585866240
565162723039014912
571718600353959936
564191381933916160
563775213738160128
567475067119222788
566591333737852928
561953406198513664
562296694386470913
565836993947791361
568953474253230081
571339512321716224
571270530134704128
570328626249338880
570525655055478785
570044055163248642
569266635673968642
563260695735586816
561958725456392192
565887881554567168
566534435269787648
562960608686247936
569630630046101504
565886710257827841
561913071141404673
570643414221336576
566464394347806722
570646249445191680
562592566613639169
570735340199251968
565879430124683265
568834254341165056
562301576552153088
569706111944814592
570841054703960065
570366023813038080
562301583958867968
561989013683200001
566054583240126464
570238378609930242
562609537853956097
567804416326385664
570678739018891264
568016936614940672
562507755366256640
562550989710827520
568609111174037504
563541411732000768
562531743920447489
563051484808761344
568513642385113088
566161539963432960
568722928310726656
567323512155951104
568954276082556929
564202987988725760
562605202352914432
566356337756733442
563053343581667329
566253570723680256
562245134142963712
570645941402759169
568949047576416257
562171589840498689
562767740692606977
570224755883827200
568429590206550016
565428713102540800
565187726350102528
570426376676704256
565907146647564288
562206366920503298
567443523868176384
564904698415575040
571354511278788609
569006150101770241
565580321572544513
565880901960097793
563298901768568832
561888535733878784
570912458573025281
566654433950695424
565881357763895296
571453966493425664
562255300732796931
563721026711060480
565982237049360384
570268197435400193
569673392422412288
565182950321307649
567986508340301824
569537393692418048
564997366756171777
564860573545148416
570695732304310272
568857154641268736
571365612854751232
567079505248804864
566466945508065283
570639591465594880
565147500152373248
568415773649035264
567437830075330560
567075027607363587
565884697276715008
566428026385477632
563766305879515137
567473174196289536
565280606016503811
565154392434049024
564851613127684096
571008944077987840
570642897139335168
569797587844374528
568948383374831616
567807470513709057
565881353720586240
563807875425112066
569008674594627584
563419301307088897
569945264556937216
561695961169534976
562794117244420097
562077983809089536
571473098957930496
567416465083887617
565878722209665025
562146366495801344
567986508231249920
566733462426906624
563260961184698368
570651163906875392
570676130308603904
563823526256582656
567279665270636547
567466156135809024
567013227822088192
567807894918537216
562284271713681409
562335656811454464
570969555360555008
568716957320658944
564899339622158336
571045848546721793
564223822350807040
565449179359883265
569795442072027136
568883231313035264
565582019980455937
571114467443875840
563601645725290496
563723051809112064
571140561106800640
569888312607023105
564076319080996864
562466332273152000
571009827838799872
568108320965447680
571312975916748801
571726649588252672
570972128243257344
569791411337502720
566426966237392896
564924809495445508
568717247163863040
570793609357864960
562126506592190464
565634603084685312
568108538444324864
571454288301592577
562318943994384384
566967480628051968
566422652294672384
568970597369311232
564801851871068160
565621433343426560
563295174667685889
567486541103370240
562260098685632514
562247971681878016
566057515709112320
570232770762543105
562397246059454464
562930320534945792
565896999099461632
567444155098341377
562355845154217985
562325863124189185
571723325514362880
564899623803056128
569133364361469953
570622077386039296
563653724828999680
563295174604763137
567307078445043712
568576722137776128
565884079480918017
565481976665481217
566290100523659265
567472583969222656
561983324265406466
571783985161883648
566944437532909569
568108750470561792
570939541294620672
563341719228649474
565193177926496256
570651544020000768
571294215512170497
565927054143545344
563341948732583936
562645089349304320
562491079451082752
562058312825331713
562056770529398788
562787120247762948
571579389810515968
565745419763073024
562245316552843266
565878719328165889
562198720922804224
569628777010978816
562250144373284864
568339864233648128
563204480418979840
570941658096742400
567666530796986368
564596419311321089
570481592512225280
561917023241109505
568974478228590592
566451632192241664
569697492134023168
566419098243174401
565260405489291266
568302715207589888
569653923633618945
565180692242649088
568959771199590400
562348013256183809
565815241179947008
570420515418083328
564206399257731072
562284433215352832
567822315321585665
568338574866817024
569050272934338560
562256283017830400
571412414467411968
563529506598957057
562491590724177921
567078259334983680
562245834080026624
570229766726541312
567451132734103553
565881362360856576
570498747299459072
565884060342304771
564718759991345152
562802548609138688
569668423455780864
564144569701662720
562284424017223680
562245439249190912
562339283852599296
567078706964086784
565283241691979779
565966275562983424
565819192889192448
562146248715542528
562344104814579712
564068640228909056
567478834732490752
564334750949998593
562930779257581568
566587082924363777
567689511845392385
565881305796476928
565768283232550912
562198877701689344
563912575457689600
564221934313807872
567023426381299712
571048450478854144
571065714968276992
565493378646024193
566423500831735810
570038520380846080
565172390326706176
570848727214252032
569535991679197185
567424303033892864
565934911790776320
567450462853402624
563488886840520704
568913272964952064
564878061246480384
562310260346458114
571018699349594112
561905647286231040
562244553412210689
563454801111830529
562108191681818624
568527139739340800
571119723267518464
570252895351762944
562761005596680194
570648782116777984
565834084250054656
567268397658800129
565168977601888256
566640849313099776
562990305612660736
566251717017493504
565162563495682048
570420440235159552
569293105985228800
570509554770800640
565462265982636032
567548366565830656
566644243557404672
568895285608517632
568768282569928704
562014212063784960
562169649534472192
565874247390617600
563031934428004353
562913660725915648
568841266638807040
568164526769594368
563349308540334080
562728560709091330
568415317669646336
565881345529094144
570652813568684033
567520450305994752
568161889479479296
565149460574253056
562218575067631616
565633880292868097
562452422677635073
562617162150322176
562325491580141568
568856591383990272
567438161282736129
570722188925341696
562256630939537409
565881990646603776
565260729276968962
566434745660473344
565174445287829504
571740444754886656
566056105738895362
567074733280092161
562082282199343104
566400436706746368
561992440681201665
562710760246484993
568959781014261760
570736109094719488
562131877671075842
567073641804730369
565949086323314688
566400085810900993
567438205017153536
568721874634428416
566419581091078146
571136606909779973
563342238789279746
570978592068407296
563346618091446273
562245075389132801
562170760404271106
563649054861979648
570605259568996353
565915813916319744
569429065838551040
569009848035123201
565920864190074880
570043411996266496
571797010208071680
568453014190751745
569193817514967040
571363161183363072
568757230826348544
568859606140608513
562339793334710272
562186732666626048
565130358069661696
566207967721443328
562079062449864704
565450198097608704
568988561178894336
570964931991904256
562770799929864192
565980702857265152
563399868514062336
564102340316110848
565154435030978560
561922980817952768
563574850951069696
571314370334085120
570642675482783744
562252544106586112
570328112560345088
570274440442830848
562248483436888064
565141947720159233
567016080800247809
571325762810171393
571061604344860672
565908594168569856
562745954726866945
563676327409377282
563256964365701121
561775050567610368
563052742865063937
570683309354840065
565107155616145408
570689766154477569
566439747326074882
571392112685502464
568948665940713472
563766228557496320
570235577745805313
565202504850636801
563297632643477504
561696109064904704
561955863749869568
562084809992728577
565601713311461378
567852417347293184
562531443759259649
562291345415766016
562247735252774912
562622738821414913
568831298904543232
562771969259892739
569328466061078528
562755002822053888
571037719196860416
565377657148555264
563740964834263041
567451764509532160
570652772871352320
565305165822320641
563227890058543104
561909917456400384
571099716710223874
561931694341885952
562271258470281217
567636912161423360
567460629363961856
562253977769631745
565879785310547968
565939551357911040
571065834329780224
570257348977152000
561825805740027904
567419099198652417
569537273135542273
565924873164554240
568404871994429440
564901005725147136
570704994330148867
562325132413517824
567701453809401856
567439408194801665
562410045171052544
565926849080205313
567132742086066176
562202877029285888
567383197042749440
566360012877230080
565109182983307264
570499615805612032
565893027130929155
570351087930122241
565172495792480256
562462435282386950
564630954988167168
563365970492665856
562999748886810626
563458192022056961
563442093666746368
562283135204098048
565896502422536192
566510917933105152
565191137506656257
563578230423027713
565429979090272257
564900441436069889
562284278420340736
562079597659828224
564441218361610240
562622966564126722
566427657383215104
561840465142902784
562531274838257665
565462479208480769
565151992616865792
565945630275944448
562198720843120640
565493588185055232
568022271962578944
565878639737049089
568240632621195264
569106302971965440
566290815803486209
567650289713709056
565881325518069760
570812650977783808
567958134297227264
565942804648427520
565179984416104449
564801520953470977
570910165060362241
566683500779429889
569756680940097536
562529119372853248
566232012311494656
569543795936772096
562645089261199360
