405689370801618944
405297600339128320
401310624098959360
405286344177352704
400517500351578112
401217816117780480
405919575193038848
397598569227501568
403709939849240577
403411799728345088
400179227711897600
405293442395148288
405382534147895296
402263415046955009
405394124196827136
405308876872237056
404858470559936512
405412595169230848
402473248358940673
403505240416088064
396317192926801920
400287291509186561
401010889140477952
403911296774463488
399508924954468352
400778948868456448
405496315330576385
405240340040265728
405383299205722112
401523445101363200
405667418929758209
401523433155989505
403585675854766080
401039028939948032
399553025896759296
405497323389591552
405220122966495232
406867938600177664
405572875249520640
402945239473594368
400153207097143296
403531493252665344
405450264095649792
405783215127805953
405612236900540416
405646410407620609
398703725717360640
397627462315569153
405222414293815296
396331119249227777
405395801913819136
400753396451270656
405289321504059392
400720222383927296
400300520604442625
398909001129156608
406211241766420480
406244994001809408
396223976143605760
405251612937302016
404474731069718528
396220791273975808
405387076851335168
400696077005099009
406253512155082752
405953752479584256
405473239507292160
405230784132284416
397549829124927488
405737734159204352
400761073411690496
404029644091191296
406279852514234369
406918220910981120
405360490240425984
405411104446107648
398205337561346048
405305243635695616
406095457920634880
404199127178682369
403881045377814528
402336462344962048
405256881037271040
400271253313175553
405779441474732035
405247991801339904
406344783381008384
405273708815978496
404675343120089088
405312798491545600
403892675230703616
405312811506888704
400664484953735168
401085321603207168
405318171453714433
397480614548365312
399904739871436802
405326464100601856
396741053782708224
405309393555959808
406069820195471360
397491069056585728
405262647982948352
405293738915663872
400513203148701696
405393944835416064
400476608235966465
403955176052359168
402273669617303552
406483777838669824
399042936802775040
398019854432628736
402058934061510657
405327404648112128
405604559994638336
405428055092371456
400508603129667584
403668575611011072
404597511111069696
396186394449551360
396611942854717440
400595170271715328
398784619677351937
405953932846841856
406362520078004224
403612649218244608
405699617481707520
400623604179955712
400683247333810176
405214204065366016
405259072968339456
406252520437071874
399840303546265600
401044695310024704
401309463690215424
401762290598686720
405525163321475072
402343025051193344
405927587538423809
406038439847407616
405065786760658944
400508956428079104
400262729035837440
397697173854236672
404944922609864705
399228788866699264
400801714020040704
401310840672231425
405237389578104832
402739585379467264
403649625287958528
405387027820318720
405387030731194368
405567874007187456
404289413397487616
400354780926599168
405381836723204096
405746393010413568
404843123547054082
405609962526605312
405280108576919552
406538475622514688
405464906763218944
405315023204909057
404443316777132032
405994689964572672
405359204933722113
402488909554135040
405265935352602625
402385385856458752
400387547508916224
406243748675215360
402111456629780480
405274702592999424
401123745873805312
405397024083685377
405314566886023168
405273055477628928
401103408263733248
405492290270928896
405338975985889283
405381173205286914
405476694397427712
396167600683487232
405390975788269568
403593785256325122
399313206335651840
398467003926990848
405428641997127680
400901645606719488
401077777887395840
396217398984196096
400528405013487616
400137430809845760
402487939239641088
405289184039927808
400276548965527552
400192774005194752
404668091512389632
405396209008783360
405672694206566400
401232504041910273
402493866693365760
405389010953977856
405243457762910209
405111637561978880
403582726134976512
399524528071528448
405373781360664576
398406844726538240
405387032585048064
405253810882617344
404936985712013312
405282102268002304
403845302043807744
405236241366392832
398332604241293312
402365288630329344
399964269439385601
402457441427660800
404001357478100993
403601438854504448
400395773726429184
402896262564823040
399669126144090112
405662112376033280
405253404123209728
400967872920289280
404934873208455168
405289091035455488
405256959244267520
403883890978213889
400080778605785088
405374916834254849
405347259664957440
405317680241987584
401152168960348160
406325561532108800
405322565880512513
403898188966277120
396337346959773696
405730520329232385
403815113238392832
402464720654827521
400190757564215296
406739772955062272
402813603398438912
400282812177461248
405382841401622529
405254531778236416
406730894003949568
405465108391800833
402231697296867328
403898196293742593
405272062748418048
402572458839916544
400093982903898112
400198695624273920
406835829009842177
401285894319378432
405289120240369664
404202136050741248
405302982067363840
402654961583939585
396624528073588737
404014129368682496
405635194478014464
405270831569588224
405289352642588672
405256208158044160
404751014752165889
405330331152048128
401167425883734016
406846436475936768
400814215734116352
405528979626405889
406608104277938176
404011880303566848
398818349855309825
405253796978495488
399082922205925377
406002993486888961
405381244479102978
404828381897691136
404995235882610688
400629907652612096
406624624844476416
405337087936720896
405277804121817088
405268298821939201
403850580361097218
401023907919982592
398751310473748480
406876890050617344
400505829784170496
398580438483992576
406257828815335425
405271331748327424
404121730702397440
397259914529099776
399357414392074240
400484524926058496
398706264173056000
401087458089373696
406179767843450881
405375907084251136
399484394059988992
405380301649870848
403148944319848448
401119409957511168
400665613426642944
405288940434767872
405299404443095040
400561607233011712
405421398547378176
405450401366818816
403892661100101634
400965107825393665
405796051002462208
400492941447159809
406603042323050497
405766766540107776
406073378789801984
400578635121557504
400512983551713280
398230837277491200
401590976843485184
405281121136418816
405701680265564160
402802978576281600
405018479075815424
405882304469688320
405788833821642752
405664730788159488
403287455454871552
399557208536809472
404794787665965056
403975840184008704
401140701338955776
399982509804756992
405294091946057728
405254527709765632
402416150971043840
396318359089717249
405599623089119232
402550520990031872
406789265373560832
404014065422729216
405271180522713088
404766366148083712
405253858525339648
405377824779149312
401309650769162240
404324654455992320
400607640901804034
405377333478977537
405961497676754944
405002546479378433
402777385239474176
404018303867158528
404167152371896321
400506248069541889
405601915565654016
403868567445045248
402054419178471425
406239589603348480
403599307548680193
405834736678871042
399944798565826561
405360775797039105
405066153480839168
403210439745478656
405330167918104577
404947734870118400
400978169290694656
405289132508721154
405942132927520769
406039090526945280
397933198799142912
405779441520889856
405568750763515904
405411415697424384
405372393096376322
403613479405645824
405349859588177920
404000557519499265
402064296101703683
399886272296390656
405269874739806208
397897990696099840
397759098550497280
406675131918852096
405492615052656640
403638848321630208
406185448235859968
405132589545299969
405705481697894401
405364568307691520
403969408600920064
405327860166299648
398268658025529344
406206159369285632
403673288112496641
403385228535672833
405381840728784896
400282404880777216
403778464215748608
405289807309307905
397583714185519107
400237260378877953
403898215952429056
401717303072399360
400248309555539968
405470141225267200
404596043578617857
403604400167321600
405470604842651648
403154781931188226
404755339788427264
399909119659765763
400806222636802048
401761462676619264
405316751183069184
405320373782077440
405257000985972736
397335057326555136
398189365647511552
405410281477533696
405627340438249472
397924695238246400
403892604036587521
405728402759360514
405380681548587008
405796493116055552
405269778106839040
401153663244062720
400054739489939456
405711941840412672
403558273242001408
405267268960923648
405411116265648128
405297116659974145
400562410710634496
405640249411641344
400956277884743680
405293669890023424
403385759408734210
406583760923394048
405405174899826688
403913593273327616
406478948672221184
405526568648208384
405297834603597825
406903309958524928
401058653492772866
403797037033873410
400605504965070848
405298338548838400
402650024586534912
405447667070664705
405274307968139265
405366962097647616
406934782510370816
405649868959801344
405417469784764416
405256078830886912
403913694905507840
405337566875906049
406602810021523456
406469653696114688
405463935672807424
403863744817942528
406581555008905216
405241914724605952
398769245901062144
402440607601139712
400484676986359808
402080709814530048
405207243974397952
405779808002768896
404996599413497856
404106382288621568
400945066677530624
399237740484915200
405309117352644608
403916589348560897
396216473779060737
405342885937029120
405779439314694145
405565326428889089
403599401882746880
401523433017602048
400509827941543936
400249774718603264
406591490949779458
405172999956865024
406008533516165120
406666360215711745
402574435451797505
403898218490363904
401572315114135552
404380699697754112
406048900987236353
405380082937892864
405265692716728320
403674124968787968
400199874911555584
403892669803274240
405761658556911616
405345741977034756
403994426382753792
406715541005795328
405364595558060032
405833641437061120
405253405326970880
400509465218523136
399043028368629760
398818765464694784
405904096731103232
405529424898293760
403928981034258432
400655983740850177
405291914120814592
405726989140508672
405271897660600321
402824047308070912
405806181362327552
405629964550438912
402618875730092032
403958735728828416
400510674175930368
405412641436622848
405289166981693441
405384086841462784
398595865012482048
405241760613289984
403550075093524481
405789896461139968
400543439705874432
406187351095128064
400306302435356672
399282919443038208
398708487913353216
402103165707116544
406428767150960640
400687134417637377
405321218804314112
406759816594722816
406136120372514816
405292704357027841
397418114700546048
405371692068765696
405375859974242305
403933491454574592
406872946192297984
405623700328042496
396229080615751680
400610042992267264
405549210470461440
401509410196832256
400601036336791552
406009760790499328
405266721860120576
405387026943705089
405763017234976768
405300818674343936
405242596140023808
405241103978221568
406514725288026112
405489121365221377
405243106447982592
401338268383334400
405320596092764160
402250254776401920
400915131619495936
399965541945073664
406221674582130688
403632949037658113
405493420963028992
399982534194642944
401012070550102016
405267998334013440
404776430586036225
399907530434154496
404532393538617344
405262133241204736
403958303602278400
405244019304718336
405266018521456641
405390133894979585
405291179761094657
400968032467841024
405297888823377920
397916723573039104
405893160489873408
404667607129026561
400563233515663360
405276328779206656
402224011947429889
405341651742515200
405288246516518912
405726243494305793
405299865862676480
405507680997232640
403964306552651776
401203903204585472
397604866660761600
405092391834906624
405453254680522752
396283237032796160
405412625321717760
399587823835021312
400757039020134401
405210353291640834
399612954343387136
406113918407294976
405568767708516352
405212241722478593
401828662565408768
404456471607672832
405021800972955648
405482543996080128
398706904983011328
405272508284551168
405373823291510784
405394853376163840
405878511086235649
405266707360382977
405260619076485120
402377363679236096
397732445203607552
406108763704160257
405253402936221696
400404344983404544
405337488136208384
405060904125231104
401344859174604800
399963635235426304
403656636713017346
403813775234830336
397524051184205824
405269136806510592
405802783393058816
405020058096648192
399236881940246529
405285944997060608
396185800423243776
405380868501667843
405286698851897344
405275173575602176
405317674613235713
403633253975736320
405463275204120577
402466456215887872
406519893711142912
400628208447397888
400801095943208960
400457488211771392
405292311963123715
403864237589532672
404461729658064896
405724544117506048
406206265354760192
402798100429176832
405322336288530432
400711177719652352
400969177659629568
405287767707373569
401596873539977216
404937985080057856
405286713934635008
405823419968925696
400568963991887874
399854453353766912
405309766290780160
400522723153440768
399151404633165824
404047484374503424
403646192053387264
405545835016257536
406277734793355265
399913104957796352
398209923571802112
406480467295105024
406528668304162816
405472484473847809
402830215782862848
398763929981034496
405656945790427136
405491086614740992
406798917662408704
405544917356666880
405266679560556544
401913941242019840
406842159833182208
405302250936868864
399938382819643392
405393511404830720
400007352919007234
405285989272133632
402192023220142081
406746265893220352
405313344459927553
405280614158327808
398792344285106177
400508842527559680
405268448995213312
405098640936816640
400144893776916480
406874530615795712
401363308311085056
405315037600157697
406760320787816448
406718170355875841
405289190209761280
398199972866170880
400966602268893184
400248516141805568
406414914392428544
400519123630698496
405262028849172480
405213079992303616
396291582699126784
400493443413471232
405763456403390465
400238737222692864
405222435693154305
404492590592319488
400272350664753152
406855802566500352
398114013617594368
405550063155281920
406918953957486592
406419793307123712
401284122665963520
399955911562641408
405695319788097536
405400568312512512
405247574200041472
406554933102534657
405276856779145216
406067830116077568
401015031963201536
404318701450964993
401892621003407361
405713187527745536
404193654212161536
405376789574602752
401163907303108609
402234924834369536
406514477056933888
405304693976735744
405221420629651456
405890003772772352
400610765239238656
398137193950371840
400427898642776064
406288306943442945
397576529338593280
405779368527810560
405913774374125568
398189473600512000
405376778325069825
405971335269998592
405082535832453120
405289313153204224
404919178873679872
396337716226306049
405624064665862145
399298288375304192
400804008480108544
398389272459620352
398046500930211840
402108288675741696
400727213378506752
405311938462105600
399951438346203136
402104644106600448
406734158212657152
401803750609666049
401160742692327424
404459380298743808
397249412491001856
405006387773968384
406906904414126080
405366928232816640
403429658743414785
400761075047489536
405227784592556033
404566881752719360
405270125324304384
404764351091183616
406104349861888000
402948996584337408
405325590770634752
399889366589640704
403869543548071936
404448473228914688
399163253634260992
398083612312367104
406002190130884608
404668178489286657
403934999667154944
405318637231550464
400588555405127681
404064877787873280
400746882214817794
405267881925279744
403922462812815361
401775928222945281
402296970200350720
401741358215733248
405407646028951553
406600059094986753
406515481609510912
405327958690123776
405321482315640832
405273122426720256
405243309334855681
401085246659371008
405867212725944320
397728130191720448
405295908285612032
406199896559980544
403622752776888320
406479484884250624
396640660683776000
401144275619946497
406685212282990592
405716781462863873
405329458959110144
402703106213158912
400801327954944000
400621389042167808
400271696621355008
403768527142006784
405321444353409024
399982522559643648
403964131675734017
404402238376124416
401523443528515584
400092572451733504
405288977768263680
399095132462387200
400667656639901697
404175572013953024
405382743057383424
405919251971989504
405343919434899456
401533982312919040
405651799564357632
405256177514471424
403708552256040960
405066653261496321
405380162906492928
405113449073893376
406021903846236160
402952079419121665
406757056906289152
405270092101206016
404010809304420352
401282091607801857
405383970948653056
403925719191150592
405775264887476224
405245431099432960
402233612642164736
400902245279338497
401011942623412224
405332969008537600
403589362413486080
406835956340510721
401459832986693633
400754651382812672
400268796947992576
405267981321900032
405399269022375936
405297240144883713
405272011880271872
404091037393891328
403609432569184256
405289166176391168
403839388758441985
399341827863887872
401448260109225984
403967993605931008
404223664247554048
405420848950947840
406700196400492544
403929789473366016
398710749289123840
400587905175138304
400836008381411328
405272871473135616
404195315181301760
405230778897809408
404640497479598081
402053219745931264
400513014719586304
405472073444634624
396266416061812737
405290993504624640
403898207320559616
406500474490089472
406541495639220224
406103977626189825
405931131666956288
405629461116497920
405337132903841792
401750338442899456
406133326043705344
397665902868856832
405295280293421056
406636036987846656
405735081022865408
402053218286313474
404882964300849152
404075687692480512
405051096562802688
405673788786110464
399973216548290560
405246896173617152
400512232527650816
400463590424985601
405517907838644224
405317678857871360
405268555878252545
405337458893549569
405524648390963200
405269529950822400
405710716097032192
401072997278416897
405307656434618368
400128968684478464
405330221177384960
405451062393307136
405337637697114112
397717559887155200
405308969112973312
404541140999102464
401026005327826944
402441930552147968
405127187667222529
404827767143157760
405314026076254208
406056646499368960
405269196676038656
399312244405596160
405480542033817600
402545500693757952
402191934279925760
403898214228557825
405287840189124608
405905173136285696
405459894238580736
401665353958576128
406385882002776066
405278073475846144
397777905159135232
402842923764428801
405635517967921152
401005748081016832
399811017422544896
403719499884425216
405070937004843009
399949094095159296
405270002858602496
400507173270089728
401828008429752320
398468822148988929
400695369098883072
397795728778874880
405440614054887424
406251261168603137
405151163814645761
403898192808247296
405267587917152256
403896127197442050
405289149038481409
401200120181444609
405267088907829248
405280769712848896
399967429188911104
399011597802143744
406242901388050432
405627413750493184
405728220625920000
399946936599736321
397863739786940417
396275327229759488
404680422158008320
400506140586676224
405471022431739904
398109914813321216
397934908389089280
401424854722703360
405656976186949633
405251424495235072
398131776603684864
400329343252979712
400680586823479296
405461173664886784
405570783566921728
405401084526882817
405376650050678785
405265813441347584
396190654939672576
400529544748097536
404490073913438208
405468755771146240
400350697297674240
404936756526854144
406684846510333952
406568016772857856
400360792169529344
405951622796566528
405242961400565760
401151566780305408
401026008339333120
405049832546775040
405289484784107520
405313317738409984
405150005209468929
405269235712008192
405228575797694464
406494289615945728
400541932977651713
405155950681526272
405373271375245312
403599602265243648
403242603895738368
399105245277859840
405227782919045121
400285185930821632
405599882242572288
405289014522961920
400401804749336576
405374696327495680
406231863192068097
405908425139167232
401828195327950848
405332196984381440
405286700781281280
405278583028871168
406412073661255680
405696034849845249
399311252222394368
404932573580652544
402127672152563712
405380469786550272
397365335642603520
406301415259136001
401360644773273600
401752881910775808
405284220186001408
399934093124968448
405217871749316608
400542962041368576
404873817300140032
404730886010044416
405713509939310592
403548237736321024
400081325442748416
406878133204566017
405568953029627904
406934225720311808
405856483499208705
405288288103464960
397252546710237184
405721676114960386
405253812791050240
400233866314539008
398733597362094080
404007040974336001
402581912386306048
400152029785374720
405900737781051392
406535832598614017
401680421890830336
397250857462288385
400413162760970240
400456437513461760
405352688092598272
405554249032925184
404182215384633344
405345967437668352
406590326787149825
396613532008992768
402932722747719680
405540416168427520
396468903548694529
404603734182739970
397895729248604160
405290982343593984
405561260864860160
401701984450781184
400357108576555008
400663458485895168
406510689285451776
399952109942370304
405681629483372544
405267627334848512
405315034110099456
400535568654016512
405455273176731649
405655269646303232
405328698837962752
397807665029849088
405297235333619712
405289129438507010
404018526954213376
405310547836796928
400262985261662209
405402101406117889
404141615494598656
400222429215068160
405453176708407296
406871579411218432
405469193736171520
405388965055705089
405233687223996416
402112221666611200
401508225423376384
405293024877371393
396298414654115840
401896270651879424
400584512541057024
405271021076226048
405360775838965761
405647694045401088
399989300588052480
405712538899206144
405363031691247616
398083049297956865
398510458875158529
405740113852108800
406056647141126144
405660287707394048
406684140549861376
403932852410413056
406669317464281088
405601916488388608
399301377379540992
403934517590634496
405262144205107200
399017479575330816
400978620359118848
399834184190935041
405721611531452416
404321253592690688
405462018456424449
405608918740926464
398948306560495616
401018548304506880
402340822517288960
400272967252205568
396707533852655617
406546431424483329
405384019522895872
405319872487247873
405456978995990529
406560399916404736
396279990351712257
405374499303870464
400557578335182849
406518780647718913
403942519886839808
401451734285164544
400679495277219840
405444877053202432
400737603466821632
404010857275088898
401523424872247297
400130043122155520
405331181295906816
406724697007849472
404315971680485376
405544728479150080
396235532247638016
398746557442301952
405358605936758784
405278714973286400
405259240262344704
403996648528809984
398959750466924544
403647872735797248
399866189989441536
404551467199365120
406746061093761024
403898201213632512
402274097322676224
405272844126666752
402204057697140736
400612837489651712
405337544511848448
405337469886820354
404296708818870272
406242682076274688
399894472617508866
399329675178037248
405726491952295936
405244210951233536
400508067013742592
406624694855802880
404181454097485824
400443687806566400
405378089230020609
404152429404762112
401310654155739136
406763643158929408
405272718171308032
396480299019665408
401054917433262080
397568499914006528
405268835885793281
405486256567488512
405565579920408576
403810289491386368
403742618825146368
405338241735200769
404723948463861760
406237382158348288
399295492493815808
405332222242467840
399982520101773313
405360785959821312
400345611645767680
396454665447280640
405706546744942592
405266200415842305
405639451428134912
404382642424270848
400616899148382208
400129445219946496
399357004487327744
398196558585266176
405373287321976832
405735458816425984
405631560910512130
405461630617518080
401523441360068608
406745193728053248
405792758339997696
405203170642886656
404020833003130880
400602478460149761
405527314785509377
400613254554083328
397649032899997696
406360699854921728
406592757185392640
405516168812707840
400089534626414592
405321542399045632
403488318265892864
399940298127974400
398706329583251456
402057857043939328
401189061789904896
405392042295320576
403599186786275328
402048253882941440
401350475834208256
400549944324399104
398610029416177664
400532032469860352
406196253232746496
405226161170427904
405278172553306112
400379290422087680
402974646657888256
406011477020000256
405377865228632064
403892827244863488
400279921320542208
404676278785024000
398668953448243201
399073972215508993
406762385954066432
400194130761904128
406709309670567936
396317193874710528
406518963950989312
405398462302154752
405733225189752833
405467486474076160
403113000241872896
400614027598266368
405307397641879552
405292274646409216
402809752125587456
405409202027253760
404809646541897728
397620520633389057
406601178416685056
397718922239414272
405250058230042624
400779860395565056
405392113073807361
404904515054624768
405364576641769472
405363025269760000
405384136363618304
405153713473347586
406583360417697792
404932800928698368
400079921680089090
397540352124403712
400199411407802368
406106211902181376
405469739561934848
401636210030174208
405382250055090176
405319868527824896
405287810409566208
402340812597764096
405403984607072256
404874824537083904
402796057866014721
400256430315278336
405412349110415360
396256323303522304
405410970270703616
405521114329542656
404935208019181568
402655780358594560
398740669809717248
405421151863595008
398168409449697280
405280650359357440
405568754005725184
406561968355434496
406514224270409729
400234995005935617
405524708831268866
402076836802199552
405334707279126528
400280430374440960
405334932467499008
405284558058569728
405478055511982080
405278736016097280
405256105070063616
405222407100583936
405289228315021312
399214849407733760
403487535541669888
404528406198382592
401903694003712000
405524973915107328
405779440711393282
405733950301429762
404919859567665152
405947486440665088
401648191424045059
401389395145945088
403893635705360384
406750988469407744
400292696553562112
404677828614320128
406745195863375872
400023108985167872
400506294160728064
398045888041332736
401035173476958208
405411259849261056
400525241895886848
405533615808708608
405298328776097793
401192271560716288
406877531338735616
404015030993420288
405319665851039744
401568744428019712
405314646539657216
401241707955515392
399292665604636672
406046227747192832
405499484764778496
405410179778228224
403914379139108866
399982508231909376
405267229144408064
405365392572690434
405932590223613952
405470432339304448
402398466506100736
400260506931712001
400879111855673344
400471168433397760
397524628110729217
403898203491151872
398954071727411201
397895918655406081
399330411999793153
400380133585874944
405424262560759809
402212162778972160
402565726437146624
400454507563204608
405853107373887488
398980774394748929
405253402742898688
405251235051077633
405402310572257280
403477179771523072
406204765073575936
403964774016229376
406143303281688577
405345741268217857
399097161171742720
406686610508357632
405485104790663168
405207939004514304
400509014582108160
405424993548251138
400828170548830208
400699644843683840
398118078871244800
406538207971790848
404582166358937600
404040067175288832
399052936770101248
406249034014539776
401624257903747072
405404757402984448
403892621354889216
400456649434882048
399916491694284801
405609062806454273
405591425288396800
405493108281847808
405256074464206848
400839788879556608
404402015805378560
406482996498141185
397913618676600832
405464786181177344
403982328734576640
405407961796734977
405284046714208257
402731648456073216
401587033522462722
397719076371324928
405241448380899328
405260601582436352
404676244656357376
405374804473020416
400158148297629696
405301553306664960
403813203526057984
400662714801864704
398268657962610688
406874747444543488
403704531567251456
405360098815795201
405368935232450561
401161691473661952
405261473909604352
400713125764546561
400413470941663232
398711869059260416
406472380446670848
400491297649082368
405833946794971137
405331959318323200
398365654861897729
401368045475885057
403897660891217920
400144149615112192
397713596446015488
405312585823555584
398949286114652161
405315763760033792
405652359717470208
404259859774074880
400488998201618432
399293824759238656
403210210442883072
399957838510194688
405275688615165952
403585304017121280
403649164640546816
400615462364778496
405409996995055616
404566814375825409
401257323693228032
406122707579707392
406469798282166272
406289857862840320
400758830814203905
400142941450031104
405928638773997568
405322928339705856
405931228249227264
405382588447354880
405970682989010944
405521306390519808
403210714556297216
401824600855543808
405213838225571840
405440965076205570
401515694996475904
400552445660495872
405334958946156544
400955141056376832
406856598900850688
405289354790064129
406264048850706432
401740882862280704
406507368437256193
405150120439595008
406462564978028544
401509699914174464
405162506374496257
405592056745062401
405320419840126976
405848344469057536
396207103024852992
405798810065989632
405451999111434242
405001112983306241
397105183676592128
400642950272520192
406589487263653888
400505874625863680
400439646527565824
405654500217597952
405491739638525952
405291112262152192
399861645750444032
406585597596532737
404032626060578816
405165364561977344
405301923441422336
406892026295517184
400702645465128961
405278788172279808
405238885367566336
404245396287139840
404775538817892353
405274638038487040
402966215486091264
401025053858340864
400508047115571200
404221103499124736
396951400682631168
405495835799982080
406090179468742656
400517852907978752
405454576519630848
401163734069964800
405310714526842880
400978307371773952
402058893083152385
405335968561250304
405511200483446784
399843870411730944
404524796421361664
397763617007087616
399914695055777792
405784032392134656
405423799425708033
403916811106021376
401178322572279808
406599142811910144
397807409772494848
405231153562394624
403171270490992640
405607020826738688
402167113059545088
400676337956163586
404184032558460928
405292756865519616
406405086210834432
405469706309496834
396185889170550784
405277674005745664
400197019622326272
397479281657270272
405355170164252672
400275289462153216
405856859711475713
400276365767114752
403897943927029760
403991667382177793
404991904078905344
402710782661517313
400920032903200768
405270334418735104
396222124035436544
405286706808487936
402197524020465665
405964369122824192
405698028935610368
405531937432821760
405414433901391872
398715732793389056
405404453525663744
402130693863399424
396317081941331968
405448551443865602
405384090821885952
405250486179475456
400958393575571457
405560547279503360
405512316185505792
405201558960218112
403609906256678912
399944619162869761
403968213949485056
406549326127964161
405455985088528384
405779439356624896
401523444791013377
405743807456505856
405445515317239809
403599339748352000
405281850450407424
404083773538435073
405304392393691136
405475419303862274
400190685115973632
403128943240179713
405289222736592896
400614225938104320
405740102120652800
405395092791230464
397267662742376448
405210442383257600
404794807932825601
405267708050022400
399925778135007235
396997650274189312
403977582401818625
405150030593409024
397764834852634624
405233057344811008
405189632121257984
404334387564924928
400416972027858944
402337846876323840
406182473307926528
397636768750501888
405242049454034944
405272573644406784
406529065189789697
402081960807235584
400610785489338368
405413141275635712
405243849913933824
404227709376536577
406861453363126272
405341775768076288
400639078867013632
400084928043286528
405910760359866368
396200961146126336
403709738640093184
404937898476052480
396392236176269312
405024761907916800
402802762851053568
403369138849988609
396208528907862016
399950242046418944
400852440935055360
401770997206241280
403656620691161088
406926939836788736
405385616692486144
405286697471987712
404939242516017152
405340516687945728
404632466872209408
400515139486494720
405776461723754496
405563649948778496
396776357222309889
400680799139164160
405468197811277824
405271251309969408
403389719133696000
400710013716426752
405692463484248064
405259957815111680
406588651641274368
398041026931068928
398702524607107072
405280539705630720
397541610684030976
399963411280179200
404735663805046785
406007386424750080
405549533351788544
405407032846868480
399917407327633408
406044214078603264
396626201025843200
400711621321834496
402050345158717440
405295970843627520
404255654095110144
405698071998496768
401569812708864000
405289131976040448
402666816524550144
400639128364396544
404371572833923072
405357962153058304
406475046337908736
405384778351775744
405278583888687104
405262135220899840
405002473846222848
403599309754863616
405265480145182720
406515006050951168
405883046437871616
405442491584770049
404781715417468928
402641590738370560
405651765271744512
401651786223599616
405535452087582720
405384990617112576
404700896220958720
400505542470139904
406606916765614080
397719056951697409
405327705417469952
405696567664857088
403613547994705920
399913071403360256
404302478532816896
402814689316708352
406625855457468416
405230788938956800
406594778940182528
405291984429920256
405541959508701184
401957018245660672
406851291319902208
401776014889861120
401321927026827264
400559007590805504
405273976865161216
402096942617853952
402567822737305600
406361533854130176
405394863820009472
405331471935606786
405387028604669952
405411495967612928
405276919920201728
405779440673644544
405391203669385216
403955061434224641
405277445911506944
405121327394467840
406865423825526786
397721245439258624
399833135099031552
401318468181843968
405310287144050688
405268884149657600
405539472185389056
400592743153803264
405733225739198465
404633582053777408
401206013434404867
405961234899427328
406198325075931137
406535006069084160
406078219084128256
406541861332213760
405262136890241024
403789187847303168
401920368077582336
398733955308195840
397605245251244032
403964808099536897
404213816327557121
401586189095825408
400969176615223296
401335262292500480
404290560619712512
405550640882937856
405261661558546432
405380810938675200
401543030911430656
405314752215126016
402263736628817921
403918834035605505
399329425323347968
403914661990793217
402049800377741312
405272258526330880
400956969554440192
402064490529054720
402863361370882049
399960738757742592
406584700103168000
398108298555039744
405568759567368192
401121868943355905
406516210713755648
403897188540891136
400801791819784193
405353715692879872
405352829717843968
400574236110385152
406218110107000832
405387031758794752
404316038000422912
398195318203748352
404206419970248704
401136935546015744
400263311062601729
398843782004609025
400507545292263425
405269203940564992
399587718486687744
405925001187975168
404657896249491457
405397159635197952
404043530932604928
398884286251945984
400690336038526976
396458759679385600
403964355261526016
405061516199596032
405160851373428737
406581676836675584
401679880771096577
400990320756027392
404965901487075328
405423278023376896
405244080994521088
401482984986923008
406536011486085120
405313287619092480
405272149319229440
405269402498920448
400678338110685185
405295747572051968
400461598826848256
405418550367510528
406746251041185792
400648124630175744
397840196156137472
403599387810877440
405289351627542528
405224471193079808
405243514692194304
405287200729739265
401166561114730496
400613539624546305
400518794986000385
405345774902329344
405372177190367232
403599420450938880
400584553481650176
398133715655593984
400588401029971969
406555111138545664
396316998822821888
400703341837025280
398950813647007745
405333447515717632
405682075233054720
403769647658307584
405270684802494464
396260870902120449
404027792519880706
404990817984847872
405941586414284800
400508250459996160
405457492127129600
405218057590566912
405837536515203072
396781447291215872
400613867304525824
405392759298990080
405318628473438208
405526413542842368
404296449262759936
401393133658730496
405446226952200192
406148093608865792
406038931353128960
405289346288193536
401433636299227136
405364889260421120
405566412279652352
403160392077033472
404162595944292352
400984786212110336
403932809414594560
406906249175760896
405257909661364224
400477871010885633
405310848266022912
396234813163585537
405336020583211008
402845175254642688
397933363685629953
400510410291675136
405676086232502272
405373302807359488
405960832103641088
405393590308044800
401523456384045057
404408583410163712
405398885729705984
400979901852827648
405513326941065216
397257374915756032
406676174019248129
405626557927936001
405334085029339136
403600931226284032
404720326443298817
398843796898603008
404690776200056833
405469010889674752
401523433780957184
398574020322656256
405377885612953600
406749573709705216
405754278490701824
401861556528377856
403604610549428224
402988624905396224
404183117310984192
403642704321871872
400471802884808705
398200920666030080
397209297219633153
405564707295465472
405257160227295233
405277020549951489
405291183808606208
405721257062055936
403983608454864896
401976002600902657
406838991045287936
405266314895179776
399496530375081984
401126284694016000
396328494487306242
401167667404341248
405306443378982912
399536310551326720
405298971369037824
405122866389458944
403916075491794945
402340424263561216
405764885633437696
405327728481542144
401019522578415616
405254768706088960
400753651146162176
405621694242766848
405687567560896512
405925214711582720
405707342999588864
403648859705847808
399774151587536896
402319934828466177
405623646703476736
403985902244216832
405719755870322688
396282591315128320
405447402879844352
399952541263224833
403701809682063360
398691129048051712
405720835740033024
405465830516740097
405554855705452544
406891906077958144
405268183075938306
400964213658488832
404351951162605568
397526016807419904
401321417347567616
405461558492274688
405308822245609472
405302311569727488
405549636863029249
402360730583711746
399928015016046597
400670715395190784
399736565754109952
405279171242254336
405383327274004480
405453335097921536
401059873926176768
406914033132900353
400746828188356608
399999911057297408
405265379309518848
406544371727609856
405276816039878658
401492244235972609
405412243883720704
402735074614841345
405336203521560576
405290299296993281
405212998467596288
400681312098713600
399644276709023745
406173751223410688
402852675244789760
405372993888845824
405286373252296704
404092485837664256
404235906703699968
406904504328519682
406886629706846208
402382133781475328
402323112194088960
401492175701422080
405320344967213056
399950925345091584
401153528879529984
406677835756339201
405457539417899008
401154112269479936
403782707710533632
405105746821382144
400599439200362496
404026477278019584
405276146398269440
400625080675598336
405461088453406721
405291179807211520
405259935815987200
403644828111491072
405281520501657600
406201864435531776
405240743683715073
401181831250210817
404003382148362241
404565162159390720
400237188320739329
404985730239574016
398526249724698624
406134704401035264
402197509818155010
401365347183656960
406638805794713600
405266534907392000
404277365150212096
399213616525606912
403898201922498561
401053372499111936
405229198551162880
400802411516022785
401032479768715264
405289038958977024
406561813648535554
405275704662577152
402448592759033856
405416966464491520
404246956861849600
400161934189674497
405805137580412928
406475673336041473
403965655923572736
403649546057555968
401009261725356032
402205828976869376
406746257261338624
405304344339566592
403318810964291584
401058692516544512
405374052107177985
397627509317312512
400559790394331136
405605553717526528
402102863134212096
400523686739845120
405289331880779776
405266789166104576
405371717142732800
405212591552606208
405411426015002624
405523931517685760
400589558007353344
406751077376487424
399982527655710720
400237092971630592
400743207308640257
397349602157793281
400675012031438848
406081545582424064
399147382916382720
405373285191266305
401078651217002496
397719088799035392
405236251520811008
405723254025105408
405631608155172864
399367832032378880
398820299455463425
400723844639358976
400237171442868224
406603040557645824
405647409545371648
404612859063443456
400951273563770880
401844882853347329
400511900116860928
400439313315680256
406161894794215424
405267472091074560
404279173319233536
398155974093328384
405389455227621376
399428671347625984
397711533179822080
406584332309262336
405763842262593536
405334253547696128
405373312236138496
405156708290666496
405287174553083904
405721680149884928
401635577625186304
405409024373321728
405395799846440960
403687119991758848
396200709495853056
405301262754672640
400143020290363392
405471135048798208
400650956087771136
405199907360739328
405109282020270080
405241532048871424
405891233207582720
405255249121640448
397981640942579712
405814679521738752
405289107284164608
405254452208074752
405395211196833792
405319216561016834
396278608886378497
406243659680460800
406515000610934784
401838996374167552
405947996246138880
401154011702644737
405317657240412160
403898212466970624
400276816742477825
405300915676004352
405289356564238336
396361215532101632
404683662853427201
397735227399102465
405446681988059136
403649902548221952
405255769479987200
405547785359220736
406000853972025344
405373311317590017
405289347013824513
401048430442971136
405357133983907840
405301053006315520
405267819925090304
401344141163900928
396188244590604289
398045889216135168
402321046356762624
398761863884070912
403927351278329856
400277826907017216
405612339547742208
405420776439824384
403913816108720128
405667577692577792
406806138680651776
403658883245174786
406533040836333568
401437331502403585
405891144552562688
405508046467506178
403601443799592960
404444037744431104
406197473573888000
406672552874876928
405110210332606464
405716263541825536
404266148117901312
400675135553683457
403607696773234688
399941835583270912
399967408636854274
404001911046561792
405607441481478144
406233442201116672
406753057780039680
406523433120313344
400656539637137409
405363936746164224
399118461860712448
405447530411864064
405677972528844800
405338220126154753
404674147734667264
404266345388179458
404271998387253248
403239755733037057
401046979632840704
405438168184287235
405278182825136128
402131251282587648
405702183888236544
405333536393019392
404536122610819072
406552679691735041
403924198008975360
406746510609883136
405552176422211585
405270028099923968
397473542994141184
403943649127694336
397061050623098881
406745539167150080
400337639695319040
405793143754203137
400955623832969216
396280117002915840
405259642516668416
406094804838133760
401126224459616256
405295140178100225
400302102452654080
403930024538947584
403963842339680256
405687137669873664
398199868633518080
404421986337955840
401059210747604992
405225024497266688
405362658930466818
403599855970697216
400648148709683200
405389053220372480
405523969878798336
405382847810510848
397561667875135488
405417456421715968
405361849966682112
400752212571615232
405289207712608256
406174978673897472
403966203938361344
400327315034349568
405149566493679616
404014301218086912
405598984393072640
405431492026724354
406711768158072832
402741705583362048
406237757724712960
404265726615506944
400513161469493248
405393694427467776
406277961998815232
405513350509260800
405273973178793984
405536896786259969
405584007611420672
405352658359173120
399291693721460736
401765127047110656
404731835038449664
400085852832800768
397965889846272000
405478928271159297
405289196228575232
406790973373444096
405355741835706368
396647955639173120
404131098273546240
399220243283050496
405373511394271233
399992434136195074
404011267330822144
398035878645202944
400640125383626752
406518458138914818
400700467732160516
396711694917193728
399973150953201664
405287809985966080
405358574236626944
405768106901262336
405267021392125952
405223100893364224
404119969405100032
406007953683406848
405663851112198144
399511009800359937
398732552430575616
405201651604406273
405463358322638849
405286704577130496
404694293765312512
399967425808314368
405471903172673536
405296260686839810
405244165820133376
398888670260133888
404251680327602176
405291283846946816
402826059021697025
405481857099120640
405269681285902336
400612367664300032
397919717458849792
405253043023007744
405227423848857600
406276429211377664
405607117585129473
405365362142621696
405493948128296960
400909128446787584
405516587257823232
404757160128970752
401091941594836992
400427809006297088
405524123696500736
405519072055787520
406315115760586752
405330123186249728
405270348121128961
400574474044846080
398008608891633664
403898205441490944
397719162685911040
405256094584303616
405236243773939712
400556874073792512
405262131496357888
402319878360551424
404397991886594048
405450991928999939
399671037740060674
405450664215465986
405288662914842624
405443176837562368
405266016114339840
406899533247823872
405293452042067968
404378370701398016
405373273216524288
403555732592672768
405419489333755905
403635292458213376
400199673211670528
398009535979204608
403894586160189440
399308616815370240
400516387287756800
405317665234763776
403111767191994368
397256923764240384
405531917677633538
399310219064246272
399893642833592321
405380496110022656
403932048957919232
399647434563141632
405357498401837056
399412226018521088
406500367460233216
400649290340909056
401523424075329536
403906903551406081
399643322668425216
406176313662119936
397925338358894592
400952077469626368
405635589631774720
398324153272385536
403897089240739840
405270667420901376
405329929278992384
397174787392299008
406891908791689216
405288531020750848
405555674521690112
403985041744621568
405293741830705152
404812579572158464
403649684289626113
401724892879405056
400155062942449664
401044521514852352
405253728045137920
404069439038967808
404220861840130048
406613588531757056
399949850935955457
399298311670075392
399982512308764673
405676137533018112
405234383457501184
399010738745782273
405357944163680256
400801808446414848
405310623346851840
400367349183688704
405317696797306881
397521969580892160
399914697647878145
403647871787872256
400610085401288705
405372429217710080
405377772555894784
401625150744850432
405275477868560384
403658808422973440
406519114199748608
405472344761589760
401323607915114496
401055743161692160
405391489360207872
405279099406782464
404012396504965121
404206720593190912
405644928715591680
405654592064880640
404226128048820224
401184403654590464
404006664355196928
405289700048388096
405387029649047552
402904186301337600
396184928863264768
404084997101219840
406577061063454720
405473241285677056
401572837032349697
405489223441985536
401554685749760001
403475910478688256
405784535524061184
405195314061393920
405288991571705856
396963313268973569
405410401937940480
405426193412812800
398821242548932608
405395283338862592
405439013403635712
404483009929170945
400691318273241088
405285246507024384
400570174157225984
398040268827402240
405592121073078272
405316946172076032
405250201922719744
405376026173112320
402384431408623616
398026474344939520
404663367476199424
405289053374787584
405257937196572672
405245037224529920
405401505190002688
399903592200810496
404795545580875776
401147535126843392
405690179156844544
405268626200330240
405257654190084096
405272169221197824
404356727250096128
405272086488571904
398365270869540864
397603533257986048
405450267753074689
405331266024644608
406248004098596864
400989411833561089
401723049172803584
403239695246569473
405658802906595328
403743405140099072
405153240708546561
399215779029475328
405291258723041281
398703683837251584
404933252344864769
405305063473958913
405289712933289984
405548521388273664
405331268222455808
405035828319375361
403366533209919488
405251541575434240
405290313192722432
406244609107300352
400454970769936384
400603859988402179
405317162006753280
398185878863880192
397006620200538113
405559645588054016
406199773176156160
398213771501391872
399339669533388800
399691315187027968
405625466570416128
405259945429303296
405720338388250624
405121696945815552
400192523437490177
403998955396423680
400853447039148033
406838329708408832
403603901901176832
400664723408306176
405309075694813184
405425242710872064
405389002477289472
404042663475044352
405380937347006464
404130286054944768
400512034624012288
400607541329022977
405369282407968768
404899393301512192
405380609767247872
405338282235424768
404952032169041920
405728690652188673
397092125029842944
400616888901726208
405110782385721344
402059820624125952
405253857300602880
398843792792367104
405855359387987968
405277891094519808
406491655722647552
402325312790224896
405779439516020738
404800412374417408
404027890175848449
400704269495455745
405423578717224962
401042861002866688
396625119616843776
400859312630685697
400143008676741120
399046187317067776
400227300706246656
405727793717080064
405746723634417664
405399593543684096
403600555605753856
400583633649803264
405356884405653504
405671773683085312
403816794382561280
406776936611201024
405412559026917376
404537882196852736
403931940257947648
400512603702984704
403384389188349952
404052101472714753
400799054726463489
405847058038267904
405853600955367424
405743426643435520
405785871515148290
405260698017480704
399839457093771265
399865940700975104
403957763531100160
399894543556177920
405383814907965440
405163272829018112
405253867413061632
405987070109556736
406552181668454401
405381700412526592
405310396740804608
403935140851625984
400525314964459520
400237132188360704
400724318755508224
405462018800357377
405364889939869697
405291924635910144
405784224222806017
400623528916963328
397719235771641856
405347149984317440
405361133348864001
405335504867971072
404719055862779904
400764044438556673
405357183610540032
398009285851877376
405272150489436160
403862920855318528
405271982729887744
400920822380265472
405240052394909697
405308690200530944
400144889666473985
404178731796672512
405730950744915969
397363825394982912
400507050523762688
401458231639150592
405542471150866432
405766679424008193
396086956318531584
400703513971261440
405381801793040384
402973213321613312
403631785445437440
399958693036695552
405289324922413056
404854953329836032
405305251042844672
404215168714166272
405160519843074049
398764785942003713
401045625682157568
405009995043196929
403775183389208576
402804863853027328
396309745612509184
405304204232630273
405382927703224320
406626969350975489
405296407382597632
403573319653265408
405253403892539392
400472910965403648
399099298228350976
406650542560010240
396280578800373760
404236207888293888
400413335209791488
403599998379909120
402749738014867456
406761589841616896
406015896549728256
397523199191035905
403964274303062016
405251481713926144
403664627508457472
405678999105732609
405322473450663937
400513189688795136
406175364692471808
405317663032741888
405781903057629184
402792648270172160
406466077145980928
402557445714616320
401387451262205952
405225024199475201
400986478538285056
405412092137996288
406349914315444224
405634532009050112
406179767725993985
405329764904615936
405587298139377664
397524510431514624
403994358732435456
399889453453692928
405243912702275585
405452756388806657
405254111106330624
398907958957842432
405300432534110209
405296391095717888
405726349169397760
405342664611991554
401975867544330240
401051480255250432
398482836535410688
404223980904542208
405155264141078528
405397114810675200
400531399444160512
405660632436862977
405629394577666048
403499704136114176
400572270990852096
405313571778600960
405365479545778176
405355157249982465
405532237682057217
398831704883736576
404415255964422144
398000978978283520
405899258684911616
396242663147438080
396234484074692608
402798541024010240
400800894025232384
406310029340717056
404537713304825856
404320464522051585
406077563707334656
405647620720590848
400199007391076352
400955165915639809
400280336526872577
406252718261415938
406036038726193152
401433635347116032
400648978460454912
405390294675243009
406267597923950592
402427781608255488
406061166306131969
405504365651181568
405266882187374593
403968292647206912
404812267818340353
404267124949938176
401888045932093442
404039707296026624
403618524532588544
405149808249155584
402194893495214080
401523464042852352
405369551845875712
400505975754326017
405748308628353024
403725630652416000
401542540173647872
403968254429122560
397718961401233411
400956395870498816
399431066391306240
406605287554969600
405207312123432960
405499055674896384
406661051414249472
406584121746411521
404724847139631105
402971448160948224
404183318725283840
405379783040962560
402517585847386112
401282370051260416
405324246978949120
404367296678080512
397379688324018176
405417012090138624
401046801467572225
403172396456501248
405408372880449536
405733225189744640
406762294614294529
405408601092550656
401175868896051200
402384303402672128
403464420010913793
398212876080381952
402473312997347328
396319575395934208
405478848071888897
405243440419442688
400477292029177856
398766778878533632
404003317644136448
405748832874418177
400825809088552961
405239405536743424
405471627896311808
402066199401332737
405521466872967168
404802000811876352
405415631106744320
405267168541290496
405252496991346688
400641410954952704
405371982943748096
405103632053727232
405815049551216640
402339426463776769
400586488523788288
404167771657076736
405563422118387712
405729817242652673
406049914477871104
403648663802499073
403628703227183104
400551143840825344
404137082370936832
406418777908449280
405149779270713344
402254044003336192
404348067404476418
400636523973853184
404019018249805824
405818925507969024
405323854270054400
401048522327199744
398482865354067968
405397979521384448
401647041756946433
406751296742379520
406095262180855808
404229162388713472
401065139430252544
400158178328862720
404693428325605376
401447858383384576
405510941418061824
398852479799947264
403914996838838272
401058958174978048
405287742453460992
404037099160346624
398766925888507905
406613681838227456
406610161126490112
405802894764421120
400735948175966208
405237722048397312
402823945885208576
396202115334684672
405256913949954048
406029014789128192
400626031100719104
403912491538714625
406888603865055232
400506270592925696
398919405754531840
401492524583247872
399931740879601664
405464597101961218
397853628758634496
405437654407196672
404407056012419072
401115721750437888
405992748471558146
399982531116032000
398664484551548929
405779439453106176
399962235197734912
404756936203468800
405274616283037696
405381148240789504
405727051727921152
405275034715181056
404019426166464512
405412299420073985
397250662179688449
405295333518761985
405354380523622401
405632040659599360
405670830362734593
401044632798105601
401369792084316160
402162951953477632
405321203574796288
405289242412085248
400657318754263040
406181338119553024
397719143140446208
402311479896342528
403913176972279808
400420518571962368
405982799024238592
405502983946776576
403967434891472896
405403570779877376
405957497376473088
402814291721846784
405788839824068608
400183104096063488
399888754418417664
397896797609529344
405303559551348738
399904122414985216
405607784244195328
405362661228961792
404218438731964416
405464977076543489
398706367818522625
405154310104678401
399464360629633024
405568755037507584
405278664767442944
406419793290334208
405487163422171136
400516487791648768
405658098888884224
403965234659856384
400790389080473600
405479602123853824
406690600042631168
405291292982124544
403655761777029121
400286443580694528
400634265865822209
398803204315832320
402441205620826113
405293816636518401
405548334246400000
404632281219747841
401262169779486720
398862634453180416
406474914036973568
402824737312612352
400669761945612289
398013939717398528
401231322888146944
400221418689818626
402623333591564288
405337900297904129
403909534470504450
404273193734914048
400062942080929792
405425913187155968
405805395987271680
406746237883674624
405310716015812609
405276319501398016
404992003445776384
405676593671962624
400681529074253824
405227582066413568
396276900492226560
406747659543011328
405373308583292928
406669498595680256
405248731093557249
400415230276022272
404925079248965632
404021535264223232
400150949529784320
399889689252868097
397418886892498945
404021594408112128
397443280079949824
400237161603010560
401175701983748096
404292958469365760
404670048406499328
403885116554248192
405284559513976832
397349212041404416
404633580514869248
399925776302108672
398876424116776960
405109385002618881
404413341881606144
405416873488969728
406321056883179520
403993458295472128
401807684426412032
403656599924793344
400748089402605568
405519708100640768
405290246763315201
405345347070734336
405321617909116928
400911300475506688
404886214370553856
401523871221698560
397475192328298496
398851792034750465
405634656814383104
404275687840038912
400685080638533632
404371518496325632
405405974913376256
402064930561871872
405413405215166464
405377332212277249
404956948959088640
405749765486297089
405391333151358976
406918669478813696
403174895598981120
405826255909421056
405214077087412224
396973372539551745
406789848687575040
400506159548735490
405244699184615424
406059993947852800
405826627008868352
404971528590069760
404017168532406273
406828232328355840
397334275646709760
406792285020749825
404899089386438656
404933018407559168
406183495677906944
404044991582199808
405273145990340609
405253404756570112
403890728255774720
403844867169984512
400444402449260544
397719109716045824
402155083841814528
405262008393949184
405265733841477633
402548812499386368
398695064253104128
401263914803269632
403938893600665600
400689656901029888
405290476116262914
404278859430129664
405284628262445056
401067270237331456
404369136404672512
400517362220556288
405009609829523457
405319653364604928
399982529845166080
405109923530694656
405458556503072768
406215971255238656
405536582494453760
406032925138759681
402570811459895298
404428688923840512
404986852605566976
402145453594390528
398173188397342720
400424479269978112
403994388910862336
405304431337807872
405381210522005505
402849349014540288
398708874275872768
401648881202892800
406038044785926144
405675875804655616
405516017545138177
405378723534221312
404757223730987008
405289349870542848
404962935430467584
404280421917020161
405173056462524416
404540106436280320
406475431911518208
406905607032025088
400600682505703424
400692752083468288
400991033804460032
405280049923751936
405292378434461696
405377335400333312
403824274525257728
406571111070318592
405317676274176000
405243341614219264
405284596708691969
398766249733529601
403911177908281344
405594747986649088
405339711843356672
405409985636470785
400673887777615872
400521946397294592
405272280697028609
402802735512162304
400692371551051777
406888605492051968
405705362407686144
402635815924146177
401738202911752192
406006250669752320
401106285304639488
400023985364033536
398869731249496064
397596764020441088
405629318732472320
396435679132925952
405549783416176640
400610001883914240
405405619487653888
404993680349863936
405315944815529984
405681997055401984
404014523582910465
405988948742115328
405760897496276992
406868581285396480
401299071056752640
405364578214633473
402796250090991616
404897846614192128
396239991040643073
405266141532422144
406173819804459008
405438203722608640
406002993499504640
405368495967174656
397719123569819648
404704465111904256
398745241794007040
405319534158295040
399918033835393024
404185758988509184
396626980780933120
405380097609592832
406855989863145472
406469360740757504
405474309088346113
405998094762115072
405569858009444352
405968828254793728
406371862596161536
397838140712697856
397719043437629441
401192156464807936
403995152424792065
402380057509126144
405382295869476864
396454114072088576
405267408803213313
402887859419373569
405309629845889024
400427900635054080
402090165520195585
405348362310135808
405418281692958720
404198463845707776
405267589665800192
400741552009797632
403863743505108992
403607070316183552
401093463556775936
405057734682619904
406073116352192512
405338135740952576
405661379862216705
405162259162206208
405857933692375040
404231008243183616
405310668897001472
400984130948968448
400106709382733824
405523925641482240
402915579918811136
404936755725762560
400511486239338496
404218363658113024
401572382709534721
406238243294699520
406689302769201152
403582850055667712
405244494607417345
405779439499214849
405383492210786304
405265098379231232
404825102723719169
403649449643499520
405696126361550848
404010522808692736
404945524450918400
397525016411406336
400157348338991106
403410723264421889
400507740444844032
400532016623411200
405241025678934016
398712124425261056
405253831212036096
403600619690160128
405269015368450048
400727762496798720
406503683661103104
405291184701964289
405273089149120512
406856177424027649
401076511023054849
405360773351735296
399308023161970688
406472883876007936
405601915641135104
405971323580461056
405268809151705088
406773594786516992
404725931656638466
405288991970177025
405321226505052160
396306702053945344
405262125288796160
405414286337388544
401059109170348032
405407782570311680
401398861412851712
405243541942579200
397364223162195969
406182400712904706
403944183360000000
405777171353841664
402978938378792960
406217311847063552
404569974129557504
405323600817053696
406654150119030784
405735867173462016
400954613769465856
406188748943400960
405275057393782784
399359666406559744
403897144387457024
400630676531081216
397524055949324288
405295430654636032
402729510082465792
405289171930992641
405642188299980800
403538708953325568
405131374358560768
405975030225321984
397651313715986432
405397209216061440
405642585303023616
399839023440490496
406857110962462720
405556688687616000
402815283884064769
399691198954500096
397603938608111616
400233957280604161
401147395884347392
400495751358193665
399361754947665920
399097357767147520
405671159967911936
403368252450947072
396280107154685952
405275788586409985
402797442686808064
402064717411528704
405411263494500352
400513052824461312
399216018842984448
405695985331879936
405355054028558336
405574953975549954
402513301055082497
405345924727443456
406037976909881344
402486696874237952
396333140358078465
406285934540627968
406476166409637888
405477502438494209
397906810859827200
403898731718000640
400585213493137408
400456782436663296
405319964191510529
404358950528630784
400237106603098113
400721087992180737
405319236488155136
398312008913022976
398110237124984832
401343485883580417
400653649506234368
400276833788100610
406716330247602176
405645284195053568
402512551918841856
405795762639876096
405611883509854209
405268627152453632
400956020560003072
401619769247281152
400561287559938048
400514424420962304
405396882475601920
405284356832641024
405779440866586625
401320904568754176
399378641315848192
404336601826078720
403898209711316994
405237767615311872
406003752198352896
403479748581396481
402904171600285696
396305750018244608
405252238982909953
401760797249896448
405210151860195328
405474047162474497
405259966849634304
406865217910345728
405779440455532544
405285842630889473
400902557113257984
399019771565318145
405443777747091458
405009103291834368
399421545908432896
403638361446825984
405317971796447232
399577523270332416
403938643087081472
406248944738381824
396279867072729088
405355742573912064
405651296914395136
403718204528148480
405996296890114048
399982514355589120
405480091020324864
399645549986865152
400205195595886592
402254452532330496
404536823839727616
397814114015141889
405695420447617024
401857978476687361
398711234175844352
398947640882102272
400647256145416193
405371253407485952
402533163559559169
406932763624087552
400506159716913152
399652878056292352
405617039567364096
400524637852794880
405604319304876032
400648152950140928
405392543158132736
399082513106083840
402192015527772160
405026773240262657
400506221871910912
405324921997234176
403519587037511680
401276076782915585
400395049868869632
397397352060694528
405272777109696512
405924515881816065
402034157326712833
400959757257039872
405508836372406272
405525432914546688
404932852980006912
401855446400917504
406005117138124801
398752977961238529
397941958737276928
406341879924408320
401147951952965635
406892609009754112
397518942639374336
402934870336626688
400221879333826560
405272095153995776
399982520986763264
399994477538181120
405317667336101888
405515209390845953
403146812208328704
400499882831536128
400700715251023872
405018392190390272
405444907864580096
399219947114876928
402385855182295040
406175149197508608
400128636977569792
405266049236340737
402193699460751360
397524177776676864
400584114031443971
400603237881225216
404311436597661696
403916072408997888
406242341456859137
399982514498179073
406531170520678400
405747698823102464
405207317299220480
405267877470539777
405075414562779136
405452846394388481
406029413718171648
405326238400532482
405667410906476544
400918791112380416
403898199154253824
405568832229900288
405473248281763840
403217315304853504
406932905311879168
406802349311926272
405331299441057792
400542556351922176
400763540543250434
403916074464198656
405808222260310016
406585326023770112
398909926354862080
400748852179128320
405256103094530048
405667388613345281
405352625622638592
405652250003243008
405121696392175616
400661998486028288
406892264812584960
405306277544620032
401099135266197504
405239155073884160
400613977274974208
405675267919970304
406876235629727744
405413070513913856
401634079428591616
405847593692823554
405672920061861888
404505426907369472
405722979856023552
405362352880496640
405289138577883136
406322654098911232
405779441525084160
404044192391114752
405464561483927552
405265982140055552
406069811232272384
400329343915667456
403507263597334528
400398611562786817
404865651614826496
400298382553382912
406332177974968320
405289228709277696
406317538193465344
405438356395286529
400193407739375616
405264503354318848
406515063265456128
405697986094964736
405811328289218560
406623456470781952
405413080529514496
405110431112765440
399563597531324416
405985601582690304
404353636270374912
400686505003196416
405288379228491777
406806186789326848
406009192190062592
401190059145039872
405777573168173057
400741669097598976
406582658072707073
405353851416358912
399291937293090817
405366929587597313
404273532030308353
403941653310078976
405783788598226944
405443822299017216
405255934449971200
404318915825647616
400596160424865792
403877330365333505
406712131275722752
405363134288113665
405796612619763712
405384031837380608
405384547539230720
402161579795681280
406009890981687296
405424948090380288
404900240878477312
403593537259720704
401620272455106560
405406952102313984
398947504017784832
406872546428997633
405625705733443584
405321206527578112
405275637205573632
405779440472313856
399643859262914560
397919542724141057
399982530583330817
399233490941513728
403892621770096640
405424993174958080
405394791338217472
405338420181884928
402146710555996160
403652755052453889
400766144761430016
400453206452346880
405337709843345408
398001030232678400
405234405515341824
404447303509225472
402966780089348096
405657059750084609
406524515184050176
405003179735388160
405255328486260736
400738552990146560
405487400530345985
401305024904847360
404675128086515712
405240412220043264
405275484243517440
402232539928334336
405256204706119680
405318736619384832
404305904675598338
402316002462924800
406495999843373056
402860248664264704
403929469737373696
405671280428343296
402389993823293440
405331345687052288
400582738912509952
405282336842846208
405398995008503809
405427030730108928
400757389022224384
397876689092374528
402744624932196352
399773801962942464
406276554801426432
400585159553994752
406877042811359232
401298940596727808
405545094532857856
397773227998445568
405695134693879808
401415270272487425
403881766059905024
405401169465335808
405282200423112704
405289266957152257
404275206262636544
406233942681866240
405391194387013633
404018537985212416
404540272727838720
405241998816186368
405621281296769024
406092996724027392
405286625623556096
400609648216006657
405319129562755072
405289252818137088
404731459094593536
405268024045080576
405609019609731072
405393225948479488
402727880775331840
402637441724448768
404981247577165824
405436173763371008
405154757234262016
405444477738688512
404689618286964736
404520770891943937
405392666650615808
405444667426103296
405720636447662080
405319343015460864
405253406144876545
403214688659316736
405261739387674624
397217340703506432
404010860626333697
405695096068509696
401592593559355392
401059576633503744
404391094806663170
405262138802839554
400537287416496129
405545641239011328
397499175384129536
405749724290232320
399911785207459840
406600280034140160
404919615698259968
404666009937641472
398688887125442561
405277414126678016
405391947873124352
399104053184974848
397610951320428544
405709082180739072
405222294277988353
400634577242165248
398359091543695361
406866019148242945
400493354422915072
405445492605083648
405159461611773953
399051184104697857
405382625634058240
405269120792264706
405321414560866304
405411878655901696
398027787413381120
400673129456238592
406243112718454784
399049757051461632
405411855738212353
400986876976578560
405325568150757376
400595526862643201
405289143489404929
405257176580907008
404270728733675521
402627026177110016
400551593029795840
400514848679022592
405779439474057216
405381486569734145
402632541867216898
400514719838380032
396185792281735168
405760143721103361
403887815831736321
405707754163011584
401046740771405825
400624027041280000
400089777862504448
404462848182464512
400638542440706048
405023322863190016
406621191081033728
400697941989408768
405471071618355202
401851983549591554
400601347944222720
405658987234082816
405251352852324352
404244510235840512
398145215091179520
405296115425091585
399902509592223744
406875939709005824
405267088748457984
399027918820495360
405440548879626241
405914181331079168
405279461702000640
404092068957786112
400666632038531072
396310641780084737
402250526529581056
406898958922186752
400908630410919936
405752387337338881
400638141410713601
398099099742113792
405292027157692417
400951737898782720
399640615572758528
405265180730195969
405320932707020800
400149349105418240
400613089395367936
403633055392595968
406493877311250432
399652501604933632
400215832564736000
400190378986332160
406221910863654912
402170060963192832
400268945393197056
400000231603195905
396626271641165824
405390046355664896
405237673595797504
406904675682643968
405500630489243649
404650055509893120
406537588388798464
400291398282272768
400515073229066240
405253403598913536
400507180547207168
405233875179163650
405463634379173889
404259473206022144
400665180373544960
406245665988022273
399952278213640192
405556087262179328
402065541952593920
405387983324323840
405287751526146048
399982509330821120
405279048659517440
405779440363249665
405011950364790784
401178002060771328
403386289749114880
405422500474933248
403591603635253248
402208517701894145
404674487364222976
401702618252070912
404411525785731073
405674032604803072
405721093492994048
