453660760774701056
454656384068775936
453167664173973505
452886546711318528
452180580206010368
456507829042429952
452447173062717440
452854288557961216
460781777729363970
452441246749822976
461535669933076480
456330572869017601
450791019273940992
456127323746865153
453242279835500544
452763409868926976
453152894741913600
460749423048273920
455191473965641728
451239149237174272
456447714373664768
453400738002001920
453033510219939840
453057208335343616
461171944990457856
453374308895571969
453213683406364673
452476091756597248
452932625695801344
452220975371673600
453176153293864960
452054774448676865
452834948362563585
459336177553006593
454373830631636992
453952736388603904
453221450392952833
452819247778263040
452628691642613760
456233524056444928
461235985385541632
451183591607635968
461241996322275328
452717450073997312
452782070339612672
453744065339596800
450919942750085120
460067707678113792
453056036190957570
455489632999055360
460748302502199296
461646670438989824
452608478373113857
452790874124984320
454378614692134912
453053372879233024
452634216942276608
453143480802754560
452942019850031104
459714741838307328
453604388003913729
454258876020310016
459714937997103104
458303526910066689
452221764849131520
453160895741693953
453056395013664768
450786058586697728
453624274704531457
452792562613354496
461282768651956224
453509802165944320
452762806660898816
460972650018635776
451115998460903425
452790893079040000
452160096039342081
455777867528273920
453196918810628096
453017626818535424
455208507151626240
452289552057503744
453157673911861248
455868413882019840
454280514203951105
455437069486006272
452849834740154370
452302671912108032
452592111485865984
460739754280378368
451080001161424896
453220479005114368
456567508028231680
456145882421800960
454368864873086976
460873432314683392
453008008289587200
453035546139316226
461324223479177217
452903015981539328
452729169579753472
450827508343402497
457284808889356288
453530899187892225
457198652826861568
458643838023008256
452604745018920961
453181791503785985
454225550844784640
452894299387330560
452797551092453376
452895378124181504
451129760350208000
454838402521628672
456827185999777792
460001030378254336
452597695287263232
457134762113904640
455083597457002496
456507917374476288
452301387687157761
455116501322723328
451033075422883840
454997748773703680
461253144463171584
458728547058581504
453366710738112512
453223702080270337
453359701359476736
452699067944951808
450842195797348353
455150257098080256
453170943352139777
452793791175745536
452645236045389824
453251673163833344
452117420648697856
460565561005461504
453086447180861441
461246843083444224
455296637963743232
456087497689145345
453279033246375936
453246388084944897
455023172388409344
452718797388918785
453020341485326336
453252355069206528
459603529800241152
457337667970023424
456122166984335360
453077341003341824
451168600372809729
452431413170565120
453213240894697473
456192022152351744
460604678720348161
456889366883733505
452836481003171840
452827992067436544
460403912873213952
456129582849351680
452836230884253696
453298668733341696
452902342367510528
452878893100589056
461408331035607040
459918806568013825
452763285603876865
460148632541724672
454175265162133504
452229394396758016
453113882156863488
453798615475965952
454390067994558466
455775614835109888
458729979350487040
453136466479046657
455288847262158848
453566885993254912
460747094693662721
455232807732649984
454679952655646720
454377545732206592
453243834349387776
452358926294470656
456172692886937603
455974252991483904
452497905216413696
455188221396127744
454377398000041984
451773594797092864
451396753648914433
461184209772503041
453017294541553665
454523722821820416
456153755847622656
452214911842545664
452715133744058369
453153536659177472
460668292361760768
453311364598337537
452242160222347264
456121002603204608
455821556514824193
458858521694834688
451550360159526912
450801716561469440
451426531793846272
455194492727853056
461087807038300161
452873306153439232
453630909640900608
457914499786231808
452557214935683072
454428026969653248
459798880377253888
455851057713651712
453278190186676224
456770598157316097
452942526802956289
453002872574447616
452385933518594049
452362448625229824
450807223917113344
450791443372601344
459918496629936128
452304163766947841
452787646654205952
452833936369274880
452907078232051713
455149526974595074
453264034000044032
453349629891846144
453847885692801024
460673844215152640
455202216870043648
453178187695259649
452232366157615104
452381367221751808
453447851322773504
452797799596167169
456131409623543810
452595782122618880
450875101085700096
457151747275120642
458625115240935424
455343220814516224
452986088672342016
453254054924533761
460942973891395584
453426961621475328
453854746651422720
456159891120324608
453168856874229760
456179917936263168
452755922193227776
452872661811462144
455870419489144832
451260336742473728
452502983725809664
452945587416354817
459323236665139202
453446052331655168
457285459484618752
453194951426207744
455117037207965696
458408985528643584
459732313203408896
455430366686228481
453153976226025472
453199444310118400
452585700785799168
455855155599396865
455429583806812160
452801568568397824
452632762538000385
453559452134682624
454390063162351617
452854854080155648
461514159717617664
452859478556164096
452698298043097088
455145010883608577
461126810399281152
461189240714301442
455230796173832192
452487028521697281
452835702938808320
451377363993907203
459715266189217792
453107591522947072
452791757864837120
453156613407641600
457981239278829568
453173518323027968
452484880291483648
453459471222992896
456210622251036672
454685112173481984
452977314016800768
452434585867911169
461136692402196480
455889583511965697
453205484455985153
456447127439167489
461399857509322752
453180697738375168
455042533379158017
453638045493755904
453033750826209280
453088587454500864
452750991897554944
459604952009424896
454212110457647105
453598425653997569
452970430651830272
452816569975177216
455968728023592960
454291050992246784
452902487402377216
456793034030473216
459062535057321984
450797574031540224
456380470813396992
452263409564651520
452633910245982208
452915033425842176
453863332500746240
459238950142746625
460548876601413633
452907681742082048
451069204989370368
452699310317379584
451404585538949120
452610594915364864
461080790357377025
453099454615547904
451377448404664320
455429200313217024
452736120925990912
450809296729546753
450874717785030656
452761300750172160
452945631527833600
457569716349849600
459715475363364864
459464866240032768
456154137164406785
457288657653997568
461399849842143232
453156228622200832
452220660031303680
451253675332100096
453210598801956864
453208993423319040
455784453231886336
453602182999584768
452278784993939456
461412197210411008
456881379670638592
458654415655034880
460797094358683649
452873536315478016
452872481477382145
454362923469512704
451184089920315392
452647011024523264
450799050976022528
452866240734703616
456155342376665088
454292008392470528
450818308791476225
453144993608122368
453054216324390913
452747956350119936
456592510723174400
452522363771318274
456937644434288640
450924908013289472
458354560860684288
452532039557070850
452930234502086656
460608815969214466
453510444742115328
452944246015029248
453221870683172865
452604911168258048
461521016167346176
453589666256920576
453613394953007104
455429931225198592
456893493739155457
450820901735759873
452982047078752257
451008638581080064
452823314583388160
458516852038447105
455115100802650112
458652721281642496
455746188013481984
456526822574784512
455969259173064704
452843152609931264
452911305754951681
453560886293446656
452765023170199553
459794079724093440
452891941638656000
452551369048600576
453112571751440384
458488188278177792
458138841887809536
456122105831358464
456343405224665088
459640626972082177
451394031386234881
455968885725204481
452572099820154880
451689552051056641
458852877205655553
453255432501354497
454695551414861824
453221451076603904
453179340617166848
455259061093548032
452839255963107329
452901572268539904
452695951891640320
453060963965489153
451299262828007424
453292404150255616
453433216695672832
459236968803876864
452786739141021696
455125341313695744
460746925403148288
453234070525190145
452632070083186688
458520606753820672
451353946289086464
453006614719512576
453314421369339906
453266573319757824
453213212217839617
455387804801830912
460774150093950977
453109893458038784
452814688347111424
452906092969074689
453201164407152640
451234814784315392
452357853097885696
452754724979109889
453272755203342336
458857634469117952
458990640576339968
453208455827165184
452056844828024835
461059754132262912
452827201822801921
452866537573982208
454655957298339840
450976436854456320
461185205345058819
452296954400079872
452815484136980480
453565238194221056
458361575662157825
451782884526153728
451419970854199296
461137913720229890
453462201404125186
461402999760248833
456692640147206146
461353644856971264
458705644195811330
453339010111242240
453210304949018624
456883522225983488
453174675648937984
453548756840251393
453341627050770433
459111312048406529
459985447402213378
460752072254554112
452727938329223168
461239637562761217
455283711026544640
453411805897846785
459714858553212928
450907956897648640
461082777061163008
452415915171147776
452882069639925761
452288881673519104
452687238418427905
455429076182781952
452525960110571521
453169695810535425
452919596664635393
455093344402538496
452917300719398912
454341286993330177
453272681308499968
453134673439244288
452484356762656768
455240580142886912
459717678601883648
452753740030681088
457911850143735808
460931591393771521
452930747880701952
456882284499464192
459932878663475201
452917687493349376
460761539222720512
453905781772259328
452110328302542848
460872992432865280
452441637025632256
450810816275550209
451188959901540352
453666201701728256
460758297457729536
461146819486298112
452284660236963841
459921601954209792
460608309645434880
451982604259307520
452784489065095168
453072362909728768
451264174249619456
456106853752004609
452837904276942848
455123660156960768
452070708664102912
461068457409544192
456884195852161025
452814938047000576
456155614641528832
457182470895861760
456799747857063938
450821483841855488
455111646256451584
450918249190813696
453559165437214720
454613147194630144
453068184594423808
452660258834366464
452703401319464960
454694691200438272
452837989715308544
460837572907122689
459788078778167296
456597619213479936
453084022600515584
452975610743504896
455149647556665344
453150833794772992
452660848121495552
452561708092252161
453123234532450304
457606196225376256
452879390515277825
453226934948741120
453067955907989505
459715392605552640
453656582862032896
452626439624720384
455192732319764480
453106178982440960
456772552115761153
455688840011710464
452776413842534400
459463373038833665
458401485420634112
455854309440106496
460768288847310848
452931328942424064
459005114615726080
452613457704017921
459924957028306944
452853420655796225
452894080716902400
459355349925912576
452739243874336768
451286709183860736
456791966840524800
453485670749569024
452656752954060800
453263450140311552
461497869196099584
456285364466892800
456164676561141760
459514986763517953
456870938924306432
456225407197380608
455680863116996609
456791645468377089
457136801824526337
455869500693311488
456512944415584256
451376144877502464
453338688601075712
452859245705175040
451828369059897344
452529285329596416
456791874930741248
455784449402503168
452758979446595585
453878970111377408
453317138506211328
453205587061256192
455533155584188416
456619462087548928
452935545308450816
456109715131334656
453238340469653504
452714329260191745
455147424982388736
460617628860821505
453664639948054528
451288045938286592
452961703404527616
458363068939251713
453321746116902912
454625855965130752
456145477520470017
452731429643120640
460944587872555008
452881822800936960
452731886507274240
452571393109282816
455146287109644288
461255889224470528
453169021945675776
453242926509076480
453214170528243712
461529617942470656
455856422719209472
455204239841558528
453184215363096576
453147493279076353
460747573389578240
452706872147992576
459922199227293696
452845952580087808
450936865412354048
460654577226764288
461405675898535936
456306234698641408
453027811092332544
453681845536690178
452943969169969152
455105577606053888
455097578225672192
453034869581684736
453219160781508608
453145996025815041
453984459121913856
459731367996424192
457281125413421056
457453747258814464
452186834026500096
451431909751791616
460346442209820672
455531024466718721
456394328194031616
456792157945229312
452997739366727680
459212938885079040
452814163081838592
452631981856014337
456062005577674752
453198840808894465
456020475131359232
452602031941775360
453149890768433152
457379216841924608
455189978130046976
453172679252926465
452792738665488384
452430184386293761
454679358750208000
453284237341241344
453186870973714432
457129101694754816
461309949696806912
453173642667761664
461542962380697600
454988426538782721
451184140755271680
450798458115723265
459923320998080512
456580402832883713
461650254857646080
459277659244359680
451265088238788608
452887525892562944
455530964240703488
452840333470994432
455108232474669056
452486557551710208
452729545372618753
453193527036755968
451400235005521920
452501521268490240
453603992346849281
454259520928485376
452932896882696192
450813901853061121
452650978568077312
453170593303519232
455402592743727104
455128940177141760
454623477165989888
461314502244306945
456820140567703552
453080556079575040
452315721318424576
455428938664116224
459749452538855424
454366856036376577
452920269951090688
461091352139558912
452840676854493184
460024663419002880
453816796546871297
452618802044235776
451730767140630528
455207432344444928
451557538719232001
456120842372407296
460961730995433472
450893150354411520
455114466053468160
453064222659055616
452748695742996480
452971090621779969
453249382608277504
455294141790814208
452326148127858688
453355117446565888
452927748894248960
456122219555323904
452724412165275648
450797958439903232
461113138700894208
451022074606149632
460678315833974784
453400119845871616
460245498704560129
453189069975994369
452541671566086144
455153376976596992
460537905882992640
456524726345547776
460844947479207936
452856659044761600
453015250250760192
453504032670101504
452908666266849280
459715376952389632
452260897533071360
452966720504737792
452662533435179008
453212017734995968
456192332757356545
455191063737552896
455155884608323584
452758324685967360
450815775960358912
455103969350541312
452828635519803392
455231278388744193
455879313980526592
453451251741495296
450795751115718656
456432719157661696
455274119123443712
453543317117349888
453307782142640128
452898467875389440
455231689996775424
452669032169091072
459466038858366976
453202071920320512
450887407546552320
454377396699811840
451488488350056448
453247106707623936
452599618560589824
452675870709145600
453204318779637761
452279344946089984
453219599312752640
455158493159251968
458361239560024064
458070624175661056
455531286107406337
455135354614333441
453121410530283520
455685956000317440
453188046775521280
454209092572049408
453336103936741376
453036079990312960
455303515837960192
452908881270673408
452765137833701376
457795679700930560
452894901345464321
452783566754422784
456209058869956608
455990785461460992
452929472598384640
453451299745308672
450795136562511873
453135018252967936
452922820658356224
452446618500218880
452589018153095168
455851188958011392
453051935009296385
452829000306397184
461406485206298624
458399813370142720
453187667799580672
461240339559243776
452690543412117504
453573808512061441
461293817476308992
453253293897416705
452902965276184576
454535507834593281
456126688280064000
450815416592375810
453223129809047552
453575886982631425
455447894623940608
453263890697035776
453313853464391681
452720383465377792
452627157429125120
455821281141981185
454468449025015808
458455018879066112
456836939883114496
452785286955556864
453239033959694337
458800557717598208
453014639199002624
452476192416104448
455118443943981056
456087048084942848
457149067467161600
452276953903411200
456507531020361728
457096707579199488
453096745384562688
452964587676389377
452730767928344576
455096087636766720
459715893480914944
453496493802938368
454258482636533760
460557181641707520
453082418799726593
455689036192296960
453148023413952513
452641680450011136
453681334201106432
460746859082821632
450925392157605889
452871684135976960
453238051083665408
453144561489952768
451422135026982912
452517492469272576
451496878749011969
455530706178154496
455555142075432960
453287536392011776
452970737704255488
453223498706853888
452856300917882882
458402918257795072
451338978428719105
453178380599701504
453020943334383616
453245398321487872
452493768382775296
453257102208036864
461626218312650752
452462737444978688
452873897873268736
455295564939145216
452649859300855808
452971230065197056
453132879988817920
461500269264908289
460754178475057153
452921382519595008
454331660788449281
452253779543326720
452888525134782464
454282345177022465
452552702766374913
453063489276620800
453633380676935681
453418237351305217
460747295483367425
452258333617963008
453062554885976066
455146954360512512
456569225759318016
455092323014041601
455150452976271361
452434245898616832
461236184161591296
453271305983246336
461333363752595456
457114923945197568
461235701305327616
453998230712639488
453178704932638720
453065001960366080
454586602723893248
453344334176219136
451156820921294848
453080733997731840
453177377665716224
454208432011497472
452366735924928512
453116655913414656
453176787393347584
453038586246352897
453643709150531585
456474306935939073
452706854359945216
452933905138462721
456792202770124800
452563508643647489
460779275348901888
453344116332822529
459498002332127232
452578713079914497
452479295248539648
452808323402719232
460237719382159360
454461464485847041
453367255061893121
452712150813798400
453020689541259265
455226461369032704
452271017780850688
454398045170307072
455123388105641984
455168085847068673
453165177283026944
453215642770886656
452857979809701889
450887528279982080
460669432545951744
453104732304068608
453637188886863872
456145686031896576
452737956160495616
458641473328529408
461332346801627136
461075762800758784
452882928343998466
458286257949638656
458649834103123968
461138321846964224
453869394737647616
460753107459133441
459894797864820736
452736157592219648
451285933480890368
459949950143434752
452693453328371712
454380706823950337
452888083525304320
459242409906675712
455530362093834240
450790815254597632
460747303309963264
454542244469436417
452859833495334912
453526786027294720
453311377419956224
452837398557499392
461404920135311360
453473675489325056
453418431816409088
452913369490923521
455094802237763586
452811914813665280
452436295654973440
456404694324084736
452925934111584256
454172644644888576
461419144823721984
459717659118927872
454741760254541825
452870550864404480
452818362713014272
454572552866652160
454640086152675328
452880780428324864
453412175428599808
455349038317977600
456590161610948608
456450257992556544
461326805249425409
453562377116450816
459796031400857600
452735150426558464
452028247316770817
452745810623471618
455860600963207168
452667170166947840
453165050144907264
452795930501070848
461407786765942784
461402088136663041
452561864476471296
455725898436599808
453728309977694209
454236866418855936
452699013729771521
452690941443198976
456935178112630785
458602879050186753
451468782418927616
456330613197266944
452933111282954240
455298796600045568
456306178679930880
452655670483877889
454107139837935617
455766694758068225
452796982298288128
452622474291593216
452652057577529344
453247114730930176
453070968953790464
455743494334603264
453391135835041792
453242126600392704
461242126588985345
459887606789328896
452787898614841344
455230942638903296
453263681057718272
452537822793465856
452398193376886784
453674572093460481
452900367643058177
454362476092850176
453254021978267648
453346670852329472
461414648873353216
460013253599309824
454239611305611264
461326744537268224
453257571160190976
453360368610738176
452224939240595456
461313110335557633
461409107040161792
458405160901824512
458402282032222208
451160409085841408
452788149874610178
455104620218425344
452921573343649792
461138629138464769
455859005727191040
453239074657026048
453020367984934913
460604204143214592
453314923737931776
455184562646028289
453489772187906048
453533093455224832
450789269322223616
456094457205501952
460528388684275714
452831030144417792
452727838148280320
452873492925775873
461457069426868224
452856855111692288
453909407110144000
452446531669331968
452913655697649664
460761692134469632
453651407434838016
456060829167677441
460873594860347392
461301179713343488
456127547013464064
453214961049665536
452825368672890880
459986788115693569
453650046047633408
453069350660866048
452557172182753281
455113786794323969
459716452640378880
452585991534940160
454072484887687168
458798590261878784
453653966039965697
461164430638587904
451499015335464960
453049401251217408
451547546775977984
452488489771073536
451448714159489027
451086400033546240
453471416692637696
452900449876602880
458692808799297536
455224027779330048
452518797724102656
455114861903486976
456739195826888706
455773440163983361
452702798447001600
453190932444090368
460752878232018944
453148008985530368
458369204660736000
452519936356003840
455224213360476161
451098262653927424
456498950028001281
458356601918070784
460904258754187264
461329255402450944
452838391894118400
460846579394428930
453262360401444864
452971795985879040
453415134216462336
455680163901358082
453236598197334016
452428311482740736
452909738138017794
452883144849367040
452911788091142144
454409658413772800
452835449292079104
461364479293259776
455685627975970816
452677290154274816
460654555534209024
456234919786602496
460667911607054336
452633411753365504
453496902794084352
453032196010283008
459986930021588993
452682975948206082
453100036596174849
460535479851814912
453215570260144129
452871681556484096
452219421248192512
461236773423575042
453155136140238848
452734349155119104
451711601410715648
453526925051711488
461542963055960064
460800613815947264
456842574054305792
453204469795147776
459921944570105856
461343353280270336
452995840659828738
455365544238391297
452786617262936064
455427209323245568
455098757063786496
455429438016978944
458968595612307456
452786291202342912
455538166535966720
452604404303015936
461506060122349568
452270318120226816
453560558567317504
457994451252944896
456360133980086272
452950384001421312
461144862927388674
453182871931351040
456128781925621760
453048472594182145
453622538166218752
453660133910798336
456598663330930689
460370286035357696
455994461706027008
453157986585042944
451004158485602304
451207166859677696
453238911209594880
452646421007970304
451027812153970688
452872359863934976
452838788352708609
452863883263631360
459429775460024320
451356749862547456
455399448303005696
452864191632650240
453189990022127616
453160427795398657
453243894906757120
453147176466526208
452236805002121216
457576266330144768
458625360133758976
459612356352294912
453665425956417536
452870496111968256
454162853994311680
461612331722899456
453024519138312192
454865106539515904
461422295719096320
458419625605087232
458356429825794049
457976112430465024
452791389420810240
456553223101235200
460140063326601216
450998695446986752
459726024125988865
452659287471316992
457255803594895360
452754244211191808
456790219107205120
453233753783926784
454655974889250816
452893382009184256
453308277082701824
452942665961979904
452889436918153216
458355032250150912
452836033587998720
453290483276476416
453216031268282368
452800997174558720
453136793576038400
457222858683338752
454659040245977088
460229346502791168
457286662650077184
454926262444621824
451781770535387136
452168118505189376
458400518768193536
451036157464154113
451245903261622273
455196839218667520
451356675656925184
452856327329808385
461254997846413312
452884295397670912
456088046962622464
460010589138337793
452850601689645056
452901012769361920
452845742613598209
451159668279492608
452810532681449472
453064955622076416
450960777684328448
461299851821862912
453116744874217472
453154123375181824
456087448389685248
460745590217768961
455641291721027586
456177934823223296
459919303593050112
452697981695713280
453548457295642624
453018547782828032
452865480127422464
452907050322776064
456225406920568833
453882294156021760
450886042124443649
453176484363255808
453032115806822400
456564085803331585
460608312510119938
452786255592693760
456159521946079233
452277918777884674
460934600588410880
453157226086404096
453244651945082880
456146884331970560
452579569128570880
452757502879608832
459714971770044416
453442044011098113
452856087335555072
453062053603721216
456819096555122688
456609708036481024
461139053593636864
453210408388546560
453221733911523329
459938090249760768
453030709083791360
452691340346683392
460765804569833472
451080031062999040
452028247903989760
451428506220503040
451511367539769344
450834296454934528
453026865318359040
452873179380199424
454486114703667200
452838237305077760
452590731111059456
453190373083729920
459715036890800128
461541620383358976
453648108597944320
452743843973054464
460663350943182848
452729811677769728
453018147445280768
453174747996516352
452844503440064513
455685443980230657
461236406166106113
453145554647011329
453159765259329536
450800396470976512
453164737506054144
455427992164917248
452446547356418048
454577641673474048
450797216136167424
457350630731157505
461406671588569088
452961286217670657
460745941306195968
459642269830639616
458613687838715904
453939142469378048
453193975974092800
458608590207856640
461329746391887872
452624687906832384
453673119148810240
456129029356019713
458302488701980672
453030800175681536
459798321109143552
454378809501159425
459470950913015808
460912787103830016
453322338398793728
453653530402766848
452662335627218944
453487643163361280
452685593739153408
453069605905629184
458680877120487425
452906523866693633
453910745106112512
460668153203535873
459928655339073536
461240081291182080
453255982253342720
452904618549182464
453174746146828288
460396002915000321
459014087570374656
453112578516869120
452686966723584000
452911228042481664
453983508781101056
455255698902102016
452905593075146752
460487788584894464
455241436838236160
455738500302659584
452308873492193280
452971619179171840
452991847309115393
453174599597821952
453156426735558656
454045621251342336
452552876733505536
459896043128119298
453731154793730048
453156416044290048
453312879672827904
452684778131959808
452681376853008384
453081323775598592
452838723177021440
452998364800765952
452903500251283456
456359900277243904
459013060414275584
452968003903422464
454640663804399616
453217589305434112
453049538484240384
455869360200900608
459337605927424001
451270834242334720
453147309816020992
460107755257622528
453509130599546880
456168652664868864
453716004854439936
450888753574207488
455633908608925698
452873903736901632
459894416388288513
452451219793911808
452576243540455425
451261509553758209
450792833067520003
452632730786729984
450787219817504769
458057441603637249
460530535983353856
452948008502820864
451564452756725762
458356250863239169
452947789354631168
452979686813859840
455850517785104385
455111038820569088
456109478014746625
453253560046993409
453787495550173184
452893658459557889
459463787939377152
461285118233935872
450865806327300098
454396782655455233
458925020287602688
452924977356865539
461294272583454724
452874406763569153
453819500261949440
453381832839823361
453163198565588992
452922404223066112
452697392425361409
452494988740677632
454701304045387776
455179949389799424
461324013990469633
453522001135538176
453515077451124737
453371581205856256
461095716803575808
455121181482299393
453160227782033409
452460501851996160
459923253293617154
453622037031186432
452360623012478976
459926326640525312
458544025042034689
453165951064997888
455764045719961600
453249733554106368
461253904617848832
453035640561479680
455852089529610240
453235524866940928
461333852581920768
456170259029164032
453173103040798720
453306858774609920
453149944216424448
452834880104439808
451390947662630912
456501619740258306
461409511249805312
453792322405548032
460844803622572035
453196888498798592
453033250295140353
459496488821719040
456041788193910784
452635353745457152
461135325268836352
451064640756527104
456890029902544897
455563488413224960
451077748229160962
452600383060180992
452754037914365952
452810212379213824
451472031238737920
461003642095403008
452431032034148352
451154742614302721
452847851555782656
452829661010345984
452756970110746624
461069170575421440
460874484531331072
458664042723569665
450885927830048768
452816267271876608
451429779687079936
452708626747392000
452969627354554368
451064718837706752
456473597901422593
453035030206767104
457280516824522752
453155345771147265
455462224841428992
453211904039993345
456265128346796032
453321033484091392
453047925929553920
452852174515879936
452471426281267200
455815841406529536
453196924741750785
461071468676149248
453212984949878784
453083027443576832
452363056966684673
461415385154473984
453244229096329216
453171094208655360
452862317223374849
452853685983256576
453402991996186624
454482751371362304
456151415757365248
454539392170737664
452747386645786624
451169824031256577
452828386843717633
452915910610006018
461070722375643137
461142101250416640
460356167752220672
452954352454737920
450794974997516289
458729807614713856
458801637591511040
452921688267554816
452378156058435584
461138249834958850
453107230875717632
453672003732381696
457020710926688256
452430638323220480
456131468285468673
451534001195319296
456588032087298048
453180005200048128
452940542650089472
460530679311126529
453713816891969536
453234327019880448
452801118813573121
455219186654920704
456169488824553472
453393811004456960
461310882178682880
452673097196249088
461240620657287169
452947666557612033
456017310432497664
460748388254752769
460786103407366145
453228716672684032
457227939965173760
452441841301192704
455154071771426816
452599688621879297
453125299266682880
451162012349784064
453166835115257856
450940058514636800
452271017768259584
451264300233945088
452571091106799617
452797771859243009
452875090796244992
455879345299394560
459641466273271808
454655991922298881
457375550026182657
452890994724184064
450815504345612289
461540888825454592
454002628469743617
452996562470191104
452834984424767488
452645698085740544
455300987301797889
461332107030044672
452634732652548096
461460630541582336
452522368989028352
452703019813982208
453337117754544129
452680922131734528
450817188442537984
459047663095119872
460872084046876672
451393834883506176
453157000055390209
453172014204092416
453210351333818368
456290838272679936
460531498420944896
452896440365617152
452784224773603329
457090654724956160
456089137305886720
453232848494149632
452762541156859904
453309238446915584
452604619118505984
458951511239032832
461357153052139521
452407005529923584
453006720533397504
452710516310687744
452938756190793728
456791648182075392
453120009066139648
456493142548570112
453265752242405376
452795270108282880
453224456849068032
458550669872349185
461235701326311425
460243518544297984
451837665122336768
451167900619902976
453180163023310848
451365115582230528
460244664184868865
453512720756006912
452831011697459200
459981492379074560
452467185764823040
450803010940456960
450976655222505472
452939535702183936
456520551872208898
460756077319970817
452671928663543808
461069697874927616
453441140050886656
459922735376769024
452734000440684544
452713200417386496
456881381461606400
452811501397475328
457279941621858304
459155468888207360
452791511017459712
452448942572449792
453199483669848064
460244778764865539
454382840197951488
453188214598025216
453314422090780672
452360370368176128
452748464124731392
454502924128124928
450786900257693696
459111514461331456
451382473960984576
456158839239233536
461091352806453248
455693886644424704
456161842763558912
461528324146470912
452627838881906688
455102382255247360
453140067603582976
456071397903568896
453215971059064832
456797645466771456
453824107650367489
453914103329718272
452563929722417152
458407302052061184
453204876701736960
456509023823466496
452698321610473472
452447591637082114
455144377715671040
451736155856187392
455305084755140610
452895954790662145
459978437982052352
460763594880466944
452579045914738688
453250141806292992
455119905872830465
461411497759883264
453238217589145601
450860347264479232
452778307625713664
452280052344844288
453653603161350144
452643110120873984
455113821049217024
458932734165929984
452796342041997312
452180580440866816
453067507356540928
451249517451440129
455110195144691712
452761870395387904
450892017930100736
455966798207152128
459979729370480640
460657891389624320
453253519089225728
451468451606196224
452517380862660608
456260933040345088
459469929092100096
452800386676445184
455686272367861760
461092711823839232
450798685350547456
452610025819607040
461409955254247425
454366574355709952
458652874361544705
452722896419307520
456285495626985472
453216212902625280
450859642285867008
455431665448660992
450789141736087552
451982764297183232
452956832357564416
452645646282260480
454340569297584128
457059035473125376
460894156781387776
450968358184161280
450823821722136577
452945194233524224
452279319495053313
460760048164438017
461240086362062848
456131875577544704
453510406246379520
453028682438049792
455182886899957760
459484333846175745
452970917551804416
456176952546578433
455159155121090560
452708230234259456
452636910163197953
452948009152942081
461130862554120192
453219867148029953
453438449438044160
459920405776453632
453246373841088512
455044294240260096
459395262646329344
452758272106184704
456129017020567552
455738500327804929
460781884021030913
457128553364992000
452923680905900032
452920837578846208
452580222584377344
456167736042094593
450894016583069696
452903765029302272
453288651082838016
461137405290897408
455115749917351936
453229186191486976
452539598917623809
452815551635914752
456883113491456000
455115258940518400
452645883767963648
452879803998547969
453345632392970240
455343222252765184
450922091529764864
452302658536083456
459982228441690112
451186354710265856
453296044168589312
456150771797483521
461190471964831744
452791525916024832
452220298822025218
452717430616641537
461065607979749377
456336636855324673
453015726958587904
452895570441412608
453017377613938688
452407755635458048
451271035266936832
458253946314706944
452896566349934592
453052825182797824
457369600665997313
453165063177011200
453035554125262849
453483762899099648
455347446030155777
452814656122273792
459922418853609472
451451987452653568
455192992492445696
459463943040557057
457087287168204800
459992303155703808
454059729350717440
452898994138517504
458401178297307136
454331138425634816
455428072959795200
455184500876521472
452805355811000321
460826007167975424
452874071022510080
461126624201961472
460874010738577408
458433027245236225
452905033344884736
461145460304932864
456928295422947328
452962715577745408
453868190599090176
452433757685809152
457196254725165056
461309730086875137
453455960569561088
453011403780005888
453281298405007360
453238358743871488
461506686633906176
459552308784033792
460872404294979584
452383788782211073
452835592318234624
450788099342499840
455289642560921600
452078319568420864
453156380565049344
456936552447238144
452534868958658562
459920498139226115
452794110848409600
460657234058289152
461096067220910080
450795050075967488
451761772161011712
453024941672509440
452903451148554240
456882021378183168
455970089331073024
455093503580991488
454672591756603394
460929118016503811
455900809499136001
453827625275113472
459179539675873280
452447282227838976
452694290796642304
452248930101637120
452517489155399682
461238713163743232
451353901464584192
452328897858650113
455213125134872576
452901309834739712
452262984799121408
455504034523127809
452910075829846016
452674682031185920
453952072426090497
451352696746807296
459155873999618048
452730619206709249
452835110153236480
452597881602457601
460024286783078400
455638918671527936
450794946660818945
459715177584558080
453284437287895040
452843453013975040
459469586899795969
453279799612424192
461097281333108738
459013266921226240
455117888840429569
455770795617558528
452478351953776641
461337803574755329
452903373789220864
456405058427449344
452795249039912960
456088792466608128
453181089587023872
451046291142115328
451559090737516544
452292786654420992
459978705129861120
453519292424654850
452279469303013376
461306669675606016
460800359993073664
453233359703928832
453988912986193920
455181740315648000
455218460318904320
450785254110814208
459795647407730688
452880698664574977
453038352216768512
456694983576145920
453264460027674624
452904240265322496
452831008774426625
451003170014392321
452432130379755521
455123972049207296
452447057073422336
451658882977656832
451435283267858432
452298495492251648
457196504642756608
452990137152991232
453269004228890624
453162766010822656
455183107205763072
461172876239208449
452755663945351168
459933013669728256
452568841881534464
455563304451444736
453134029236482048
450814823106744320
461591658140684289
461406430059581440
452950254573211649
453452337793617920
452987099579310080
452688873479745537
459954769054801921
452810316225593344
452927467947180032
450871891041861632
454718567145947136
453105074974109696
453251430103941120
453236819170054145
460642474084409345
453204351985532928
452282219050987520
450820083233722368
452260645971324929
459605768417718272
452287486631636995
458355604156076032
453211658048253952
454046370400182273
452743473087926272
453249671389904896
453293801248141313
453269290108477440
453497042640596992
460760283690962944
453863669772713984
451442856662548481
452474894890987520
459920977162272768
454064051061280768
458600173770260481
455679984049192960
453065758260461568
452820694880239616
452913731832262657
456246772419923968
458503446576898048
452954394745528320
461404661979684864
452592429581889536
461409631525285888
453046204792700929
455680069344583681
450936867198750720
456228531702231040
459995627363921921
453184378454413312
452908859699380224
452635419461423104
455145087018598400
452903682502569984
452749287554691072
450988344034721792
452962065540321280
459938634548801537
452658153985810432
452601464603815936
452484116273852417
452936431531745280
452836576876171265
453085340631588864
452686625244332032
452900325410607104
452747627730591744
455856714550480897
453148956802183168
460824165373599744
453770255504908288
461092589895442432
461327234494910464
459802309719900160
452938673542012930
455127950338183169
452755292241936385
453751229173493760
453696285145833472
450787557165383681
452782166548553728
452954976575176704
452721301074239488
456578711077146624
455965921254072320
455121794546937856
455429711988916224
455798839556210688
454513771029856256
461013977539936257
452913871376752640
452882692112396288
456185298779504640
451836982037975040
453039013583003648
461533806567383040
452713077436215296
453157964611076096
452705334604607488
453029117743472640
453361483897139200
460758659199295488
453657262150524928
452627046163038208
452398123772833792
456071813810757632
453161388794318848
461654870940848128
452856507051548673
460877831963410432
455364883228291072
453177073360982016
452764286214209536
452093991937650688
452986686306131968
450997357078130688
454334514047627264
456315299868864512
456246446925160448
458585264076894209
453419006708682752
451422672136572928
455091899439656960
453216048288768000
459493681545109505
461570279626788865
453072518086422528
452613161095417856
452477477227859970
455223411086594048
453213082701930496
452994241044549633
461093009019666432
453518945320857600
453647725607673856
452572855444570112
454367907120947200
452519821859909635
455868175469387776
453112316569989121
450885755343491072
452849745917382656
455205931555356672
451000058834464768
460641258029862912
455152752000135168
452682523999367168
454628184806260738
453131897464311808
452913971385741312
458814210856587264
461408124855795712
452757249765965824
452929673475792896
455042720944234496
453208180550811648
454401169356779520
453176802736111616
452877781836103680
461542347747393537
454483470145036288
453669469433233408
456233713341587456
455126789828771840
455169791557238784
452741924370530304
455347549994754049
454378704894828544
455150628524658688
459953727902740481
453126288526819329
460056280774606848
455359684925329408
450839821880401920
452276412548784128
452621800862535680
452782625368059904
460872717982396416
453148345968517120
453952796195164160
453866988159250432
456503002539364352
453037317478187008
456007523087429632
453117576617291779
455108751331041280
453232490766168064
453097172884811776
455772313938845696
461416927533883392
452757963174711296
453022221662179328
452475427391430656
452013482171727873
459150156365963264
452806518657003520
452783918651953152
461043001695805442
457712860748333057
453065097385345024
452452043282595840
459978829369327616
452563786914754560
456788460091629572
453080414265958400
452511524872265728
453446330489536512
452503904643985409
451388035427729408
455178255721459712
452954101069135872
456115703326990336
460749890922897408
453133833668288513
453116725647900672
453223297904160768
452271414867812352
452591644273946624
452869592344297473
452860628760535040
456129703967850498
461299704198733824
451695476169908224
452783408960524288
452601154619199488
452587943597977602
453304524434718721
461282963414478848
452908810739281920
453058434816950273
452895864369868800
453187194048360448
460939601645805568
460509606574170113
456129961523294208
460248976487227393
453180067296735233
457283523942948864
460705568345161729
460260407798956032
453198017814745089
457222544219963392
453215307511775233
453241784940773376
453020980407844864
461282584811417600
457229991994880000
460873303994163200
461091702334570496
452864687118356481
453140272436609024
452477309543788544
453337965578969088
454472420364410881
452965262640553985
453131103725838336
460745687613706241
457113361361436672
452757889468231680
452855772674674688
452787834944884736
453169731562795009
460362956354912256
453424175433416704
455183617631604736
459715196504666112
450853147867484160
454377353800470528
461115313330077696
451536573902106624
451406822914949120
453587829986455552
453170129128660992
459922823960481792
454582554301960192
460113696896069633
452891750898466817
454642926485000192
459339341899497472
458727378085101568
452646199409926144
453034541075017729
455147914159874048
453215046722531328
452835970761912320
456799880237707265
453247580705943553
453104777895751680
456080166398091264
453037314340450304
453200096260149248
453248419788623872
452681694890721280
455110917789728768
453507780976984064
452792799717765120
452882745090244608
456442233227468801
454391816217837568
450845896968646656
460531811433476096
452835797184434176
456156151617290241
451644326926630912
456881695053324288
460759010002874368
455182681085444096
458248738629484545
455188275922100224
454970424380915712
458600409935130624
455189642250158081
456839863544078336
458355621755355136
457623745860214784
451395116297895936
453094908505509888
452446636484988928
455097485753475072
453654176535289856
455867138146717697
461143255300595712
452846157887447040
452429284716449793
454515790788972544
451059150072844288
459934114284441600
458282022658912256
459715820722356226
452765085132668929
453537541678186497
452928199429599232
452631322238783488
452619262415233024
453194487099969536
456133987522863104
452877764899909633
452735034060206080
452895279700647936
460746041440997376
452258244287660032
455530855046197248
461210881658195968
459618862686683136
460381979381604352
453140046246580224
453118206337482752
455870856275578881
452831416942731264
457088391403028480
461410768303714304
452474065161175040
458910512970219520
457704752642420737
452530298002341888
455766696997826560
460002216368041985
452797886859067393
454387153930584064
452977759770648576
451399628131688448
455100821676371968
452938878186688514
452447403615215616
453075071893258240
460980554364497921
458732629136015360
455154842294431744
453346631446831104
455193157924188160
455201142377443329
452271885686816770
452907178865618944
453086758167527424
456082516449824768
461242965718216704
452902102889541632
450913940378492928
454365505852555264
453254335594762240
452483247134351360
452288932068093954
455966856969347072
452507278319841280
451340834445598720
452757148636704768
452748409880207360
452835513263616000
451422711798329344
452633957427728385
458566004101373952
460400128738615296
459205789425475584
452222049105092608
451705246424006656
453231312347095040
460129890327875586
452268880111468544
