578361605492113408
575655750250397696
582558154711535616
577034621268860928
573013437531480064
572762899481014273
575649543502585856
575629887051976704
578572006045663232
577203759115341824
574678617814405120
574967721747693568
572450034345627648
583053981661958144
575477777089986561
573778300650196992
576559442088615936
572515594278322176
576106716019965954
577183425003712512
578002345767862273
582794055114842112
581236753664741376
577082432337416192
578217007662891008
572487604899205120
582547201403957249
575656253101309952
582870640710946817
583002648883781632
581398525952454657
578686353765900288
573612124171300864
581434075807793152
580148289082920961
575693939518406657
574930711523753984
582861691739860992
580229966207451137
581226688828162049
580174010731896832
581398527256850432
575689170213011456
575656322659696640
580803776719818753
573784965093048321
576343026991292416
581484768212094976
578518510260858880
581482170302144513
577329246969798656
576063013662388224
577556823575695360
580941734118453248
574549117361389568
576066231956058112
581228688974344192
582236056503734272
574274718833860609
576836042017398784
578848762589786112
576198836512780289
581143332593729536
575764154750992384
581848823842111488
575655913559867392
579058207668207616
575638533785845760
575642437684752384
576356297286635520
582857073488203776
580823396088299520
580791608901140481
578845246013870080
582889786345684992
580228861322928128
577020466910482432
581796344475623424
581398537759432704
574926713358053378
580325941735518208
573833714880241665
577035134098128896
575666728476221440
575994727713091586
575785581411614720
580829244076388353
580546567721062402
575657839160487937
583017852485156864
582200560033628160
581398526225043456
582703226887139328
577687134733262849
577463208719618048
575471019210600449
581227896968085504
583003577175535617
581398525075791872
581398524031471616
581399394097844225
576150400895684608
574765453270253570
582956616343003136
572059896734199808
573932414541651968
582481806500478976
581475587480416258
578550085438611456
582706553557372928
582890072720084992
580619763187089410
577915305181097984
577297884355276801
580913088351768576
581372968548302848
577017855146766336
578682197986656256
582863136866365440
573466112832114689
575654442378399744
575735941408669696
573848315617546240
581602821474119680
577092014300381184
582518950795284480
581453388451225601
574765255533985792
582293737944018944
579624079390597120
580391180241891329
582956939434467329
577578125934137344
575998943907057665
581398525000314880
575727933286936576
574814828809711616
575887521428582400
578527262351323137
575233341978357760
578600899146227713
581464450428993536
573718715126185984
580879247536996352
574287717963460608
575484474936324097
581453691670102016
575677134812934144
577491150304505856
581482732045352960
579819478805913600
578171409639301121
575729905264164864
582861132303507457
579375578773516289
582199148318965760
576074831675920384
581466134496546817
581097940749516800
575636303288647681
575690919917326336
582678477515575296
575912705799802880
575448934123839490
574847816733978624
578396268726124544
575653852281729024
573407795128754176
573972981069672448
582719065866801152
581100139714084864
572426689600466945
578538444437082112
578066033354764288
581469513272672256
582558575140143104
580990901561876481
580879525585805312
574972914539327488
578204876502618114
575629909541974016
577031837547159552
580504671212666880
581624521364545536
577934582399500288
578961804191264770
572102674637856768
575647839625220096
581398525138735104
576347488690565120
575749948307869698
575947777068371968
573016267440799744
572449632015544321
575670256884137985
572608099032424448
582690855779094528
581505455450533889
574927639145791488
577571549722456064
580380966927093760
582839106092285952
581398525528776704
578559481677680640
577684955855249408
577522488755769344
576324033500856320
576502399851884544
573177596755636224
573828629077082112
577000612296024064
572763250439294976
574762526317084673
578500026084642816
577793344429891584
575780096654577665
573088447503601664
575968711959388160
572564474370129921
575891145403691008
580943263642750976
581089307642974209
575435192107663362
576065486489669632
576443926929756160
581838107265404928
582631951930015744
576065850743988224
581517804689600512
577800607123259392
574880239643312129
578576038571085824
582683512525869056
578540926601166848
580937772707377153
575660706978217984
583026798520344576
578338106702733312
577844086725435392
573633816616693762
580806559673925632
578263389673164800
578038289455693824
576199166147231744
583046096068304896
581150074195066880
575731689948778496
582967360555995136
581576006177198080
577734914864508928
575956367296618496
582957421624221696
579939599356596224
574755111559380992
577566075065335808
580242967035715585
582554044478189568
575630092950446080
573148904038010880
581096888809754624
573106426454933504
580238871943720960
581222979994066945
572417193088049154
580807024583319552
577268232974782464
576123654557294592
575790444304556034
575640432299917312
572536206392573952
581839247914741760
582689331590012929
582933300039290880
577591378449854464
574403432267694080
574243916989341697
581398524325015552
580073085799288832
582260532180307969
578599623327121408
573884861619941376
576589377394069504
581398526858436608
577828609101975552
578395394163531777
577907876271759360
577484243305037827
576019999942299649
582633857847029761
582482491044311041
578500547226923008
577611546785796096
580217755187707904
579965190042755072
582981779264507904
581602711126183936
578927283026558976
578268943934201856
574961338222534656
575909620247576576
575821841614372864
581704957621059584
582861736623001601
581117872954478592
581481376915931136
581928732170035201
579959199217676288
576125583001784321
575637373716987905
575642460338188288
575358094064156672
580618524814635009
579303656203354112
578754829960396800
576234434929815552
578521815682809856
576740172311740416
575729796858019840
575748388890763264
571987846430515200
576407371125288960
576714377287593985
581065024006959104
581452902352457728
575634618306674688
575635775745822720
581420412648730624
582641730052329472
582892540203929600
581398524425732096
576274292834508800
581317497711927297
577801139527139328
581452510650589184
577631494715244544
573155333209755648
582957977956646912
582545007619473408
575858939604168704
578649052969054209
576075849671258112
577793644389777408
576004024471805952
572510781335461888
580985312102326272
572616183486132224
575634306556674048
578903328643485696
581114411693293568
578495603304488960
575763880036671488
576155511713837056
575633185058525184
581115641698091009
581430418823622656
576742033827606528
576413329457041408
582671327112253440
581482859245879297
581398527382679552
582870147699970048
574878990311149568
577235344531292161
576698829560410112
575761403908239360
583005726580174848
581620939865001985
582888625462874112
577273506863415297
576722015870181376
576720515227893760
577293355031216130
575730379912536065
572380356025974784
576758112859910145
576016823583399936
581812443715891200
576009470335139840
581147359465340929
575931813941637121
575288293098680320
581398524668964864
581093085796548608
572535229325312000
575717907344162816
578522087293378560
575772612606873600
580940083559202817
575642435541471232
575731090624675840
580203462270418944
576474115357437954
575629089186390016
575641505697824768
575633346996342785
581984154977505280
573272299362623490
581884794935623680
576742165289795586
572494762772594688
577094269468438529
581398525675601920
582321145837322240
579908063945187328
575215155962843137
574751773996412928
578473298008256512
576669722684624896
581466894366089216
575635496161964033
574844349869129728
582743653325524992
575636930991419392
581474441374236672
575636080248164352
575955346755301376
581047703137837056
575643414445694981
582761797863649281
581484778999787520
579482071401287680
577563998964490240
582892594826366976
576479318563528706
573481788036644864
582701184634396672
575837880821489667
580184287862857728
581091518242557953
573800858770604032
577181395996413952
575832019999006720
575635247297118208
575661594102857728
576473423406370816
581290612013445121
581398523280629760
576510548713553922
575632697411903488
575786923739971585
572693753116282882
571894794475085825
582856878465613825
572615721382899712
575057196855136256
581486743771172864
579965941003526144
575814667479601152
580631460798996481
575628657366056960
575653485380833281
575174703507238912
581514705010700288
572892153409478656
582163394335227904
573432510958440450
578438686376882176
576543798441865216
581824349029666816
575688667945177088
576055515568082944
582867312480428032
581797975053189121
581398544050835456
572487603250806784
573985886334922752
581252027445080064
582748092388155392
575729662892109824
577167935392862209
580193008378875904
578205184465207296
575970150387748864
581575839764103168
577720793943138304
578532572105478144
582966213850075137
575695789386760193
573068758790623232
572509517767970816
581469487733436418
576900820836478976
571950238396641280
575621667638153216
574967983350661121
576022712218492928
579921803562262528
576059375938236416
582977800774225920
574994013327130625
575727576850673665
575700225098055680
581249530294870016
572878581946183682
582206620320534528
575712581425496064
572943694833197056
576015592509018112
573180286088962049
578274801560727553
577588395603423232
576671493779632128
573879469787734016
578514331924619264
580218006770323456
577819672185278464
575633249826906112
573700735155613696
582684430776455168
576173654540587008
575642441165971457
580628084057083904
575913706439184384
575665819482456065
582004470441242624
575005379962085378
576068494900461568
575912463826292736
573630682750140416
578315158411468801
577423942132080640
575940958942052352
576241713813069824
575716573014589442
580928909073502208
577575749541998592
576420363934031872
574926270896717824
575647651472936960
582884481410809856
574126021596708864
577443800643186688
576353224552132608
578830415680675840
573396996549025792
579212930882932736
573157392801779712
581479316573200384
577065386782302208
578031288797544449
573754236116332544
574652284702863360
581875035385638912
574933536496578561
575816901168791553
582968591756238848
580624442935623681
581504828976852992
576171097357443073
581884753739182080
582817132628598784
578502829784039424
582872046348214272
580966202287108097
577632836015906816
579061606686003200
575809000056451072
572104551639089152
581061574649090048
572498993672003584
582410711566954496
575288788269854720
577797646888366080
575703549902000129
580400325447794688
582712753040707584
577599797567205379
576283919353556992
580774154112237570
577661963406352384
575652221762797569
576750012396273664
573327933185654785
582987442384343041
581939058252845056
574689867210342402
574794294319521792
581148276315000833
572850187057672194
576053892535865344
578527216130244608
581335743047438336
572556172563238913
575928071720714240
574752318287147008
575633046830891008
583039334208528384
581122384222011392
575682560266661888
580172773244309504
580915867015249920
575974069394411520
576175234535018497
575705444087431168
581113921181908992
575520586497179648
580173628815368192
576536996497215488
582957253000597505
582212641181028352
575633585249648640
574984642878705665
581242104627601409
575178575999078401
581466445659258880
577814259012399104
582886891344773120
577944008162349056
578644248913903616
575787647227973632
582956814494535682
578282738685489152
573973702498459648
579842057054892035
582968783503028224
575637321451614209
582865211490729985
582959286789238784
575680713527332864
575633885515509760
581398520046833664
581240069119471616
582622363352637441
581483751223463937
581293455357276161
575934267550797825
580919455988862976
581093404857245696
575658480670998528
582348739941040128
575990102721200128
575740959561928704
578785878329315328
582646033341022208
581223835652878336
572507508406816768
581454194554466304
576403520343113728
573784594257944576
574948284231352321
576475749810618368
575598316962058240
575691249518297089
578462033592627200
575642449344905216
581222619610943488
575810771436900352
577566243709845504
574958008511389696
572743719755120640
580413872584130560
580547321433313280
575747157002690560
576171229859581952
579966586221670400
578491047766048768
575659744276312064
576474828808593408
580189714856169472
576053307719983104
576172296408297472
582867515472220160
582608593553342464
576875948492095489
575677478238298112
578846051500589056
577588219673337856
581400542464733185
582878882304536576
580175927885217792
581614201254350849
576477071913943041
578148917742845952
575344176503586816
577996654353063936
573986146562281472
575673265458274305
578422776626851840
581454388557950976
580335117610184704
576342469220118528
581398525159686146
575646958938906624
576782190874259456
576593180298096641
576452444554592256
573575621277691904
581452653718310913
572620393523122176
573109040118571010
581226923159904256
575938679090315264
577015690474885120
575739808401784832
580331651705790464
581093491100557312
581398525654622208
580229290542936064
576732397837799425
581485065089245185
577782645712678913
576325033376776192
575654069446045696
581398526241820674
571963486336643072
576339268953616384
578137447415992320
573805225787719680
575777316707635200
575472351724199939
576031485330894848
582689229156708352
578541010722123776
575663750507839488
582406511344926720
576005825610661888
582865691235102720
581526093380870144
575757237962018817
576092861298577408
578181909311844352
572487595734642688
576026690146693120
575847844860440578
581880546009198592
582434998734688257
575642432685150208
581464547820617728
572752211752566784
578790010662440960
575304476921348096
582720832356548608
575637050701049856
576192115488739328
573938077116162048
580035805835620352
580792715459194880
582956393147318272
576359588418727936
582008488663994369
576026469350055936
575695211776598016
573180358881112064
582656510964043776
578476776827011072
582240990611689472
577072663295709184
581065276944453632
576023032382156800
576777757461450753
577793781975511040
581074042284818432
575633169703133184
577229148659286016
580223960211542016
581222616905617408
581243950377381889
575946444668080129
579738111531315200
575633758411427840
579031836761845760
579246256867823616
575974968116318208
577336285024661504
575619543290220544
581411995242635264
575634340526321664
581836647832092672
582964539139997696
581330520455450624
575633189487562752
581227409380343808
578454831066705920
581685872271212544
574899138908684288
580075111002345473
581398524702527488
577008027716296705
575612405918605312
581464768306778112
575720142740586496
581089573515714560
576778996987269120
582701682955403264
581088615087935488
576016069472620544
581122075537997824
576046148084879360
572707358171901952
575739234767671296
581973590788042752
582977584729886720
576305782280445952
572800944729141248
580349165160497155
575328178270564354
581447254973792256
577635638637412352
581271208076931072
572120231394578432
578171982853726208
576490460652445696
575649794737225728
575638274842181635
581500832878714880
577269426271203328
581551638596476929
576771988816969728
575939592773312513
582168982871887872
581434159018586113
581398551931957248
577677786367791106
573397394429222912
582874164161171456
576092178121768961
582365624912875520
582956675998572544
581081890284797952
581481018659459072
578650710994251777
577611857185402880
581458688243671040
575726983579111424
583002803557150722
575696445589843968
581820339807649792
574754082088468482
578634650467344384
581441489508511744
582957838483484672
577552775187398656
582268307874701313
574751666978844672
575259942917136384
578507859656339456
576865582982807552
576173461317488640
575692369598771200
577169849283174401
572780859259920385
578423686434283520
575749299163807744
575633602613923841
581235704694317058
580707442746621953
578558517524725760
582863280282169344
582184899949527040
581223803759411200
580896935634161664
575431602144067585
576040484532965376
582670390725513216
582856632796844032
582861045053554689
578207897638801408
578653756490969089
582904334297382915
572047547004420096
573122546939371520
578574574561816576
575969889388601344
577498995037093888
578244458275291136
576291713188163584
582960040409202689
581398548228386816
579053723013382144
580620364633489408
574233356860178433
583002473289285635
575612545400201216
582585312251113472
575613199225131008
582894535086202880
581140076526055425
579389711644495873
574904667525742592
575716184693301248
573127839148601345
575651215008206848
575974543560302592
575510147054854144
582408541148823553
581236452207550464
577797325868773378
575886204001894400
578519020732813313
575304224122232832
581835739203260416
578233889023488001
578198871274364928
575748353193017344
575675786792951808
577598596628885504
576503836539383808
575832805860577281
579967204273336320
575646153775058945
573589134867984387
576003331769794560
572582318109552642
580218910433259520
577094893488578560
581187276434247680
575485715204587520
577899539471818752
577486634783916033
576031697805844480
581471369667305472
581933920310161408
575868333418917888
583016764310753280
575642439697965056
575296787277180929
576067034473066496
582855818871177216
582678071377022976
580546720469295104
579615812694253568
578263282894667776
582784324879028224
579232958126534656
582841085237542912
578598080003629056
577691560495562752
577484483659735040
577804355362947072
580183014128295936
575959285689114624
575751211170799617
579559570856636416
577998763056242688
576002161873682432
577066396762267648
575762036652572674
580729178334629888
578126349031833600
575913418533765120
575990210250461184
575872493115695104
581105410368737280
575729999187218432
573798595540819969
581653806015868928
582957903398703104
577814351035437056
578575098308775937
574850681150046208
576352789833650177
582460941834407936
580179578108424192
581116371699789824
576481022604406784
582798560577466369
582993975209893888
572507509514108928
574839878107676672
573826353499258880
577405801280716800
577402456755286016
575217989550800896
580326673603780608
582843526540587008
575827035614023680
576327287349579776
575646428980244480
581600381496479746
580494175533195264
575657925789675520
581444280717168640
577793012970844160
581624154014633984
572938187980472320
580625650807136256
575634902994935808
578248005519724544
580804269026242560
575714541872549889
577193647701147648
578026682168160256
581223834277171200
582291866592276481
579036108627013632
576365029131460608
582875086329286657
581222742982184960
573827069290786816
582816320724549632
582622413353054208
583003469411328001
581398524782211072
578837382398611456
573215342773866496
574832023174541312
576021716909998080
581142628621819904
581398524710952960
578952455381221376
582675717240033280
573129474906165248
577884658173542400
575730376015941632
575259926433497088
574753441177726976
577667665960943616
575808283568558080
582552527822012416
582957127842545664
575644810301816832
575686461862862848
581093777554673665
575679679811751936
581471604758200321
573240431976312833
576003546589437953
576353067165200385
575767956325548033
583024259192094723
575985401455857664
575745325018689536
580563047833550849
577386175968587776
581504895661907968
581251774188769280
580167214193618944
576395842988429313
582972543360991232
571898763985465344
581229179556929536
578601422188494848
578926588684800000
581398525390409728
574751564121960448
582962705566474241
575761762039021568
573408103426883584
582368113917853696
581398527034597376
575727699534176256
577839376215871488
575656730832543744
578817564530327552
580803530262519808
582957463483367424
572759936217690113
578312217688469505
576295077762351104
580948095321513985
575648433127694336
581398525663039488
571900080782884864
576506985710891008
580945241957519360
578815835365494784
574751731315179520
575733351895584768
576772726356070400
577585279332122625
572427829599731713
577613836968136704
578869397403521024
578025393296297984
575673679486545920
573024912010395648
577751140244299776
575980216465502208
575680799187542017
581223249964507137
575958152543371265
575635290422800384
583032137168728066
580618922543722496
581476891456114689
575642453350445056
577632445614309376
582959941545291776
578005314634575873
578179893030162433
575729969642500096
581220352820264960
578000857213480960
581232921861873664
575811901847810048
577567360816582656
582546838412267520
577269155021369344
575642446207565825
581165188486844416
578239973998088194
580222018508861441
578113479934005249
579707786331693056
574126894473474048
575640906075873280
578829275127791616
575920846323204096
572587241161269248
575717773717979136
574916438147772417
573327896682475521
574235638171627520
575989022079598592
578893406451200000
574831962990473216
579147288796221440
577488378335096832
575646511482208257
578694835831455746
581970714913308672
577243157127151617
575649327512698882
575777813858508801
576766518484213761
581989046190256130
576063093135917057
580399356811038720
574698946775420930
574159842870362112
577588096952332288
575895711688093696
582953267933540352
579191447674437633
575203955858350080
581413863003918336
582994586613612544
577680644534321152
577502641061806080
581549366990667776
578680844442816512
579035893945651200
574541378140569600
581398526229250048
576228290547052544
582801346417569792
581096343134986240
579402466791460864
575716554253320192
578208204959707136
581111470223687680
582956615252475904
576414088323932160
575715611596169216
582868069774585858
576487067594592256
582641060871942144
580943240171409408
578612928561082369
578615177202937857
575835888178982913
578001470944980993
581121751465099264
576238465076977664
574982438545461248
576218426336796672
582959855234875392
581481570747305985
580028154049368064
581088301546905600
581223793583988736
575636697465008130
574207296374444032
580969878976376832
580275308588376064
574766406090289152
582792010047754240
577965817544966144
580444588026003457
573559341493542912
582863203119550464
582974109014978560
582675155161387008
581477130984386560
575974069293727745
575642442726305793
573406539433680896
574921256698404864
578798398616182784
577965670996004864
572380356264910848
577793214138044416
577585808900657152
575639628759351297
574055128329662464
577635470768750592
575612405641797632
579279617598623744
579722621656412160
575730860759982080
582046051248422912
581398526862565377
575728230424035328
580826025686405121
578061446480666625
574729707909947392
572608450598838272
581223764244840448
580231013814521856
577897943254052865
574751926908248066
573324604711837696
577047341821198336
576218188720943104
576147267507228672
582685095707836416
579014106012876803
575924255671590912
575668193114636288
574852261043650560
576178455953432576
576004292215218176
578524440532787200
581121785535598592
583010208785539072
572833545288331264
582860343220801536
582641887426707456
575739483146088448
575758354087329792
574755636459761665
582881997565116416
581223837808730112
581135043721977856
580176973059760129
582675878104207360
576478891830734848
581473526386814977
582832499555897344
582860921170694144
578415016069586945
575728472460554240
574752858685440000
576088602439905280
575626143568674818
582855614952505344
581065872309112833
581454392181714944
576771012525608960
575700447727583232
583016592268750849
575645891165622273
581230087342841856
581129871079972864
582232061970411520
575651480142766080
573824417790304256
575732374140502016
580824034058760192
575757815219945474
581430418844573696
576661580068294656
574859265795620864
575659814833012736
575349562304561152
581398525583310848
582633673314439169
577412180611592192
575633710168563714
582475914044264448
574999663339765760
573636098737467392
582976200462716928
577915273065426944
580688289553883136
578524791235330048
582222737445416960
578963466909822976
575791664695918592
578348924961886209
572506470928941056
574946353228431362
574751631327236096
581420387122176000
572645089232568320
572485261893894144
577768434387324928
575613382138707968
577639771545059328
574796032602603520
577315761464741888
575627304451379200
573574186712612864
576411483992682496
577591568246288384
581473262468730881
577803008588709888
581262546285416448
578882791275945984
575760773139464192
577498149326991360
581222616830124032
575668493678325760
581232853368717312
581195519302578176
582638973832548352
576439873915109376
582574274453467136
577426033856659456
574969328145141762
572704484532600832
581433742561976320
580758707392417792
575860605225156608
581236728268230656
583051993578504192
581847311598415872
576726444648329216
582652805128818688
577405508128210944
575799609076891649
581229410143117312
575399007046012928
582321123909480448
581098924339040256
577661957555105792
582956317293326336
577296835502440448
578499751038976000
575891227670888448
575930743030939648
577659290464337920
574926460584083456
581864988299624449
575705310058303488
574874604398735360
577231607288872960
574306604016869376
577801303268728832
576947516303872000
577530355315531776
575786025026383874
582866139144790017
573005221879627777
574764974624497664
573611471445303296
577542888990449664
572842268907978752
578523204219731968
576917246640959489
572506100894978049
575678184290648065
574853469791617025
579414114440781824
574874734162243584
581420412686495744
583040027841716224
574930717496508417
582881181286445056
574769932715474944
575674569412972546
577598384476790784
581199976795107329
582939246413127682
573975196522057728
580632848534753280
576052926268854273
577800069707132928
574775879534047233
580878986957316096
581151531921223680
575912756664233984
576474158546219008
576210497537736704
575409692253364224
582856959247794177
578678837396930561
577761009256906753
581817870306377728
579791719220191233
577799547755372544
582560213451939840
576743129820221440
574981954984091648
576772470046265344
575642458714935297
580131643626692608
582863806709133312
578174586199633920
574988307328860160
573595730859839488
581398524224376832
575662681966952449
575633058214338560
581251351147069441
581398527248494593
580901815912439808
575718914891583489
575665878022373376
575656466054414338
578210009596751873
582862521398366208
575880846978088960
574752724874625024
582876494071918592
574785601305624577
582301519367802880
581043230571175937
576990936544104448
574754238259056640
573809035687948288
575660253347348480
581116843911290881
573782850828369920
572336682143490048
582863438487011328
575112074365370368
576946381379674114
582939025197002752
578382759288139776
575736799764561920
582955048587530240
577441768595144704
582895549029847040
578932483250503680
575632510434021376
581477133475815425
576796378510192640
576319494815121408
580951513268232192
577487056579903488
580803223331602433
581094895600967681
581398525008744449
575005226496888832
581512243172511745
581272307051675648
572494371448217600
575758370411446273
579764866233311233
580174925962543104
581383285911130113
575811425215643648
582961550505447424
572333557906972672
575994150090313729
582957140601675776
573158836040826882
582635156264992769
583016688548884480
582998531813736449
576065409431945216
574003984907825153
573399219140231168
581477268075077632
577270277601665024
576474836064727040
574754465452027904
581398526967480320
572746003624939520
576474676605685760
580232162303188993
579697500476555264
575967213250875392
572483433395589120
571899445249368064
574761910534541313
580689122421006337
582919064009465856
573807881566470145
578782933516865536
581835116076523520
576198755017367553
580090593503772672
582174810060513280
575768409524297731
582409428609171456
579385728229974017
578996354250334208
583001878968995840
573433916645888001
575224128296390656
580230086038704128
581621618432217088
582073945979031552
575243731269476352
582957869605265408
577230233079717889
572642907104002049
581897326450618368
578067089459564544
572507788808744961
575714287584460800
572948793974525952
573698004718243842
578204876649402369
582956924725002242
575920585420763136
581218912681005056
578460594098995200
581453126475059200
576148804728045570
575925216670543872
577148518902575104
573615610485211137
582858074483998721
582355667534491648
575686708932513792
573655511180038144
575664625963790336
581227870879506433
577235520637546496
579670257188626432
581398525428137984
581242215004913664
577345795780784128
581220122443923457
576785754048704514
582867139914297344
575649528939945984
575170150824984576
574961494003204096
577571216136925184
576302475877158912
576726465791676417
581799142453866496
574621445747294208
581454179425734657
575667461086838784
575634051211591681
581108886540779520
576728514205859840
575985096701902848
577782253280985088
575775069265334272
575685264678461440
576327378353274881
579024208165871617
575657098224209921
575634463385911297
582233760177004544
578442527902187520
582839472225538049
575714912565067776
575661954074853376
575768664596738048
580698447847645184
575637672485515267
572134677659586560
581398527630135296
573633536663683072
578061216465035265
581090943388000258
581441895529877504
571925790385967105
572321936719548416
577335547066081280
575715264471429120
572757946460815361
575692299495153664
577843991367921664
580259453439594496
574789968876466176
581471024073584641
575647974405070848
582062186073325568
576093246671073280
573966665471385600
580180364846493696
572653219865735170
578939359195308032
581608268906135552
577591860102840320
575572681015296001
582871145377964033
575637659135131649
579186003912491008
575485037178544128
582659214000164865
578861668354031617
575633934266011648
581551214082527232
578900445659316224
581229866030379008
582957853922734081
581420387055116288
581576694672306176
578819155815710721
582919063959166976
578237526697205760
576621874580492288
578517293266821120
575657623942471682
575766509961764864
581398526090833920
575347514938912768
577244687637024769
575755101110956032
582905749166272513
577532313828880384
577267919035346945
581255475670310912
578024668625383425
578459806274494464
581398553404149760
575953978409656321
582868588127596544
581991454957903872
577035425086341120
581398525784694784
582687514596548608
575679207797297153
576178287338086400
577500848533581826
576383563949588480
582608794926116865
578738538080051200
582676228290842624
576507964078612481
576461445770039296
582149423880359936
581398525117800448
575868220114010112
573611541108490240
575910248642445312
575221153242963968
574751830015668224
575194464588800000
576477256828121089
572861763844108289
575652426688102402
575809227677122562
581398519975579649
581520887133794304
578905201072955393
575730610985025536
575964995831373824
580953380891181056
582187423129448448
580803790829391872
573798035177742337
575635074118467584
573613540650577920
581816557904465920
581396164873822208
575785140519112704
573915019856986112
575731664959107073
582972723556651009
571940700985565184
582851950682771456
575692206289219584
575638840133689344
581234637353197568
576783070335897600
575952779195342848
575921566292295680
575088403982782466
575472309579874304
575633642384457728
575649128245501953
576001696398204928
577632322356322304
582748777313779712
578748519026065408
576770333786656768
577910520151408640
575633207212691456
573328000260837377
581884247910322176
578708246078210048
576405946458644480
573076729973088256
578169128332099585
576775619075162112
576003476062367744
576841683846987777
575675260114202624
575674003328790529
582968454883475457
580321307251838977
579673114432278528
580846360406052864
576709723371630592
573395363555647489
581512180937273344
581104523445473281
575934852631040000
574897127949647872
574273155642093568
581398526447329280
576774608805867521
581226686982705152
581228977236238336
577219290245410816
576716926002442240
575695981888561152
581844743979556864
580737042902065152
581061350043955200
572156594336608258
577563947907227648
575808754693746689
578483714025512960
578604899421671424
573150154716524544
582833356942999553
577566325993828352
581922967271161856
572814251909373952
581860240548855808
581398525268774912
572609053806870528
581182740277661696
578497855721205760
576775707046469632
581872864695029760
575663828291223552
576182838682378240
575631134798835713
576725061068988416
575148502465949699
575659958706044929
581110189509767168
572506061871050752
582857270263955456
572154586569543680
581862357732843520
575705935802470400
574392534102753281
573161511214063616
581250817153355776
573145333900955648
576003789108469761
580879147821600769
576774484549455872
576151812853501952
576122061032017920
575937702027112448
582859657393414144
575694210277335040
582479577295003648
575755127123902464
582719296834437121
582856574609289216
581200305297182721
576746255663108096
574976062381125633
582957192472604672
582862727338557441
577525283965788160
575642451651772419
580785253498920960
578393816832581632
578682781623918592
575633841664077824
576803697012924416
578469118115901440
574339856886796288
575967213326303232
576092179971506176
576477900897124352
576045497246330880
577564488288862208
575636005610463232
575633638462717952
573828141317165058
581441895701807104
581398526858383360
577835706568966148
575687184268836866
576992882969616384
574488461866070016
578688170310508544
573596645436186625
576317507830722561
581220150864535552
576815577559269377
582878942115299328
576551034115502080
575927170347986944
575670449830387712
578699470445125632
581414485929402369
581033154946854912
575004362302484480
578844410298941440
575039518514020352
573784094758191104
575933025256538112
575765503374942208
581398526988410880
577014348092203008
580896544460673024
578889586547429377
579247458179502080
582860430936276992
575035250197295104
581925690402017280
581398542389907456
581973534769020928
573397162031235072
576171012259201024
582710465274482689
573686818052313088
572497548109225984
582758854112358400
581810951369990145
577210240783003648
581222743573594112
574514476260704257
581472188613718016
581745359392612353
574827355048448000
577786433517256704
581398519203803136
575967619355779072
576025917157429248
575729824372756480
582859152382418944
575642444555026433
582956530036772865
575614162811879424
577374782510891008
578816125321895936
576769310183571456
578525938062893056
578752330226515968
581527663552020480
581881927713628160
576156660609257472
575821749264257024
577631629247692802
577017478401802241
575654362657112064
575633006796357632
574912718102228994
581398529521819648
575798849689665536
581093074295623680
575755351447900160
581227401369141248
582653380750798848
574752872891465728
576990633396555776
577870801505943552
578208095303794688
577532216890134528
582989887688683520
581122816893845504
582721747205558272
581476857968750592
575146172148359168
573399161602740224
574800974600146945
574755341839241217
578972284246892544
582634485419622400
581262512055701504
578376668386983936
582210955981000704
577803298494947328
575522339925946368
574780245322170368
573545061797007360
576836731762122752
575675842900148225
575642430747320320
575991475521089536
582967752199155713
581223830544248832
581464366618402817
582920022026137603
577575246150156288
576021525809246208
575729680340275200
575639290685820929
578523811714371584
578759159342059520
575837107068887040
582838687974707200
577789235484319744
582859532218564608
577812402453938176
580378673888391168
581252511333363712
573976143172341760
575633484041089024
580510850873757696
576662349668487168
577793301832548352
575668654483894273
575714603444891649
579028569977843713
582646518953304064
582747903153741825
582858640954019840
575606052063940608
580339221547905025
574188235162783745
579217179003908097
571901333105614849
576658227947020288
575828812866285568
574753737421365248
577230499296485377
575697977857085440
582986674004717568
575484712573014017
576034725770321920
575686996892516352
576065423755464705
575670042806915074
580977169431535616
576266993017327617
575691349443223552
575731121696043008
582960866569674753
581955585018576898
577568040545472512
572451315013591041
579760223474184192
575633115151867905
582237260986355712
575652926905057281
572489594534551553
576485982368768001
572430161536294914
575644963217743872
577944680098217984
572754603462148097
578524484409380864
578274309564682240
577563924058349569
582871363620356096
580769937586851840
575861949180702720
577167163305410560
578658618486235136
573241226993930240
573269281363914752
575633496523284480
573161121869377536
575633780930707456
574955566071599105
575677620001501184
581757855595827200
574947268631097345
574807899098124288
582959092865634304
576032067894423552
573116986617692160
578845400074944512
576200166195113984
576746025932623872
581245814447706112
582894240935469056
581839251102396416
581398520202018816
574968665302503424
572237484450582529
575637159358545920
581574939611811840
572507790062829569
578521512430473216
582887173789188096
582594286342029312
582749255984652289
582256091251113984
582957157257220096
581667817541402625
580161318130438144
576066267544563712
577794056169725953
575464311406993408
577349192084951040
582891393317765120
581487244684447744
575642455183388672
575636556892897280
576742531255259136
576017185857912832
582958343817441281
581228679629385728
580489571579891713
575745997294338048
580546218398474240
575633113977585664
581812235552616448
576447268548554752
575990133180141568
580823522034864128
576114351062560768
582936856540524544
575930036353507328
576020927000891392
573090708439113729
581326595933151232
577783852401213440
578887371686440960
575727681158819840
575923974355423232
576386690941476864
578783216909176832
576027445184339968
582750487688007680
576726246194708480
581859230111674368
575786668273352704
578681692124237824
575702491913916416
573966747742638080
580482177487495264
575778426159767552
575762829892018179
576588918516137984
581092435536830464
581399973243162624
581924450360233984
574963077885652993
578967219297738753
576007137542959104
576352661538242560
576324139918737408
580758888162586624
576816347327426560
581701328197447680
581869947393073152
581014843035009024
572074072491880450
575633708226592768
582856946102874113
575787876975255553
579229090114367489
577866175578681344
577169410412187648
582445159197081600
572337123409317888
581798401550913536
579397600975151104
582833421925273600
576473161379684352
581793139175895040
576064263934050305
575636886535929856
582610756023259136
582876616319172608
577607191860899840
572706344039530496
581239928383655936
582430940498030592
577223197390589952
581246823014277120
577294674135793664
577944188857126912
575745016615858176
574250606367404032
572493538518147072
582870407583264768
571920854080200704
575886157856174081
575788344409505792
582836981115314176
573799587355348992
575632219856764928
578603135809298432
575612404060590080
573699736051408896
575781643350372352
580525580870950912
574694483096264705
575865070074224640
575649044174868480
581304737452167168
577503079408398336
575968055890718720
572507373954322434
579000504337997824
575725258096910336
581511363568250880
581398524069179392
577799701564633088
581398981550342144
581124139789897728
577593872013897728
578094942418944000
575635085875150848
581252190880149505
575655049789063168
581835707729240064
577355461357244416
581238711599271936
578240025441226752
572381010337394688
577612025456697345
577564521780248576
573793659532914688
576383802689257472
577768434211110912
576211294518255616
575860789044621313
572706937567088641
582865747417911296
575685557323460608
580615289353736192
576501318874959872
580028316515618816
573154921555595264
576052928315666432
575827900353626112
582667641178882049
582385708897345536
581484283623124992
581064142267805696
575667347584843777
582531403050553345
574970246580338689
575730880586579969
575654856645435392
573163676355710976
574768583949025280
581452755509862400
575655606742355968
574758876593061888
575632850625527808
575426852950441985
577854369061818368
576472953203920896
573527131218649089
582546423880794113
575854221842477056
575677216991879168
572416727667101696
572767261456392192
577697123837280257
583026880212652032
582983085127573504
575689894737145857
576942060554571776
581520180871860227
575647850136256513
574800196829229056
576785602235924480
576473010921730048
576071731686686721
581398526220898306
582700835026522112
582891553435303936
582856112875126784
582837386633052160
581239437289484288
582862796548907008
580809372474834945
575682868338282496
575652326209286144
575642462049452033
574977107463438336
577838686336917504
581222616565870592
580218093013721088
576012629011013632
581398525763661824
575817202403672065
577229921602433024
582957404989595648
581060945134358528
575950513419657216
575477272280326144
582901130906066944
574873216855973888
581832844219125760
577576501652107264
581620939881730049
578642498718928897
572607388701736961
577258513212284928
576344708085104640
579926632024018944
572487601891880960
576781510595858432
581222670726991872
572933853582520323
576390570534309888
576826926754439169
577578943311687680
576473745063354368
578949144481402881
582866418292641792
581477181299232768
573027798966657024
574275482826317824
575275666528149504
576726445457719296
576147830361964544
581452787893981184
573627856258994178
575657223357140992
581492962552619010
578170769840156673
575969254249521152
573613193626566658
577484320429846528
580957574540972032
575637876911792129
578750665716998145
575643520616263681
581089409774317568
573567410017595392
581121751905656832
582742202398429185
578375389354942464
582861870119456768
578337760236425216
580344024260853760
575775214572802048
580909103544844288
577269215507443712
572382400807878656
575701294473740291
575635285326757889
578976681760854016
580912089708896256
582961649637842948
581495721355976704
581089834233700354
573612145767804928
576797145094750209
580952873816604673
575638410716643328
576742987687800833
580618993976909824
574085644718317568
577614452431802368
577565279129112576
580223155467259904
580032688586805249
581398523570089984
581287788005326848
578129966254133249
581226685221081088
573611567792656384
577945988196761601
574777815779803136
575955730987094017
573797381080137728
578689047700365312
575637761065160704
575659374456217600
578303631633440768
582639191185485824
572096996359712768
580619315877122048
582956482569850880
581537453418225664
580546411185479680
579351116623798272
578233890042679296
581094996893368320
576372888254697472
576089724789600256
576452480134840320
581803520820699136
575641293617000449
582904771838746625
578185289551749120
575609228175503360
578325948879130624
576882263385878528
581819891486855169
575739511554076674
574715023404064768
576927770996961281
582646588603912192
581091016947683328
576237104021127168
572616303623610368
575650179728076801
574752675683790848
582839106163609601
575630199888441344
578395129020436480
581149978514628608
573829144212955139
582755111081914368
576866480932917248
575401116231471105
576475715778011137
575654283166760960
581624929201737729
582970049734029312
575797102921428992
577613609590595584
578606513457004544
575613378946863105
579793610431967232
582960969057460224
582195750177738752
575664240440184832
577328952986865664
575632856094912512
575769959109935104
575644507531837440
575642409977053184
582824366062379008
582666675750879233
574854963370708992
577091742127693824
578598311357190144
581398527974064128
575639840420659200
575632123471732736
575709160567762944
580191271479746561
580173074802216961
580286476455419904
573800204203204609
572495449438855168
575606976190803968
572873115211984896
578408909427212290
581801663876349952
578888610667102208
576069476824657920
582957638117433344
575684565978714113
576650172664553472
581479221404397568
572816199777689601
577840395184398338
581220114697076736
575633395264438272
582831720191238145
575655662174273536
575633990868209664
581164219065831424
575633374821351424
576305528525066241
575887730896306176
581102004598124548
582877502202314752
578731231568748544
576767323106852864
582553594873954305
575932860034498561
575911000714641408
572487591024443392
575634635528486913
576368733423316992
576229153470427136
581576389461192704
580625297864830976
578133662614626304
581211776118730752
575693208866451456
573612413796356097
572637089432514560
574979975243128832
582675823435468800
581230038919585792
581029081753346049
575616979358334976
578286291739123712
577661928975306752
577952764262776832
576028578338459648
575749935192215552
575689068647944192
578730480595423232
580182443677900801
581169980328247296
577808453072068608
576728711329898496
572487596955185152
575632774507327488
580685929125412864
575714963110653952
575787900379394048
582693013706555392
575952383374721024
574926660853723138
574874932796112896
581985910985752576
575168149256994816
577560308207763457
581230054367166464
575282734903529473
577625457538961408
575401013101862912
574994256282185728
580952485210140673
575763262035398656
582862686968553472
572825269033172993
575748894191022080
581858946350256129
576797774622031872
581199482865496065
581458146972975104
577677838964297730
577835716362698754
575640055647178752
573140224865394688
580803340554145792
581451405577228288
572669535255339009
575928679861190656
577747920583147520
577830737220661248
575692851234787328
576497529635913728
581069268931903489
574055068778954752
578527703487410176
582957190404808704
578181911509630976
581101550250098688
578526278720098304
577183278844772352
577999668841455616
575643487254765568
582833033117503488
581971562267439104
580199502436536321
575632934587265024
582321698755592193
575672831335350272
573395468765560833
576865634342043648
582238222731726848
575644217822867457
575898368980967424
582482562586660864
576335853280210944
582204857672679424
580826030715334657
581398620722753536
581500236956377090
582888507737165824
582591001455247360
575730878711730177
575812587901743104
580911033209995264
581999321186459648
578495153649881088
579792476745138176
572698201632874498
576920013375868929
575820666630316032
572820313303613440
582781418507468801
578851141573738497
576557722306510849
575882586137845760
580217749475053569
582557877937659904
581126161994031104
577642829104566272
572838263859367936
576771469818142720
575778922878476289
579346625379745792
575635749472636931
572053372125093890
583019009760632834
572510027505913857
580823782178213888
575663013442818048
574966825609510912
576046443556773888
575746028676124672
579825892404367360
576171634639446016
573127141010878464
582149030089719808
577543337961525248
574918783464177664
582929219623088129
578604236029595648
582165415146754048
575633484640817152
582855703607533568
574992734362034177
580010230685298688
583017913549901824
576095950332170240
572580928859422720
581434285342617600
576389986460823552
575743736715571203
577590801858850817
575645710177189888
576000721738416128
576544804370132992
575728169950388224
577798983671623680
575669830432333826
574775340381294592
581453539295232000
575681699528466432
573117556904488961
581454333910347776
581470025791442945
581452669165899776
576460886153433089
572490460331155457
577668283693830144
581093532061937664
582856297374195712
578782642889347072
582531403113447425
574899274149842944
576048014378213376
576075801285660672
574860648741408769
575907017329631232
581105040686993408
582963148342358017
575964478333911041
581654147138719744
581478835763482625
574425627874496512
572507511703535617
580508503720267776
581275717939277824
582834151906091009
581463228179357696
578468156936744960
571949658697691136
575634082509553664
572870443071229952
572410639974457344
576028577726005249
578550298375004160
578765073696579584
575476858004754432
576460201718599680
580177670094360577
578334847040659458
581458686784073728
575950673855938560
582398928202530816
582291863798882304
575969256833155072
575733167488794625
581969774676033536
575777307601797120
581095368638771200
581482765910032384
576374696012300288
582643069180231680
575632641753542656
572713269133242368
575942083871162368
582645367184850944
576771495910727680
576956276661465088
575925717252227072
577015325977243648
577529439275200512
581153889661120513
575692664059904000
581177528490041344
577982390951235584
579327485038432257
581229930266120193
574772895550992385
576385913653182464
581398556478554112
578157716679585792
577605148555366401
576148358903013376
575670804798701568
573153103182233600
581220867650224128
575633038673051649
581398532461961218
579120174814654465
575681651403063296
576087869963419648
581538588824752128
575637672955371520
575641559418413057
582959625936486400
576112811924828160
582859751240790016
582860194247475200
578306182374432768
574275728541265921
572225454008111105
580319519622717440
573967955177791488
574944466068508672
578349964075532288
576264844371865601
581525078443077632
574991300975542272
581226241770000385
579506050073677824
575843554007912449
577441768540651520
582985955235123200
582989885860003840
573045407011373056
581223801029046272
575677192862048256
578024102448889856
573855358474719232
581391472584310784
576046663590158336
575921165354409984
575984651799523328
576030458959523840
581412997635162112
581398525197443072
579487129824145408
582951758739202048
578383452766109696
581232297967542272
578520870592745472
581457902197669889
581254304243253248
575873271536615425
576136433674551296
578334846994509824
577782211879047169
576000536995975168
575636422339747840
575993277452709888
572301437079851009
577270277610045440
578602110243053568
581613076908240896
575906490185347072
576785433352273920
576007137672998912
574775889793257473
580990899640897536
577576402968514560
577177292050300928
573813007920144384
581220160121376768
576221232007237632
575197661390848000
581068812310745088
582230687794647040
579005560575520769
574751757500301312
581886861859241984
582683381567111168
577017755628535809
577843050430386176
573975782185398272
582859209303285760
581889063457787904
580550277146742785
575401276994928640
582837342727118848
575751000490831872
581398525939838976
572620226338025473
576373843436122112
581229179569455104
573394661076824064
581401202409140224
576147914537476096
576500848014057472
577505952997515264
578233889023504384
573129312976564224
580556178398273536
577807541108936705
581398528972337152
581576144568369152
581104578587959297
572713178338996224
576016024065159168
576720614246854656
580467986823282688
579878386971082753
576741506561658880
581137302228996096
581839472112902145
582676415121883136
575912960469680128
575748105963896832
581398523825926144
582957146909839360
575815313784070145
573232437213319169
581525580035727360
577170514608783360
581451216598802432
580229918233104384
579005764548841472
581398526862602240
577673957664391169
574855609385893888
582881566571016192
582858579897683969
574994634465677312
576874169561841664
576494490753589249
575633370908000258
581109374619369472
572476120806924289
580618742431911937
