543288595084488704
543609090585665536
542698951091048448
547329651220029440
542314980398604288
540730307461144576
550076090006241281
549579159509274624
544102074234208256
544126996159426560
542987720751316992
543445488524333056
542687277642944512
542653644802654208
549576293528772611
541705742743789568
549733153821458432
541936062969696256
543441909050789889
543532956959395841
543828288213614592
550293213177991169
544334206835621888
543810204677443584
545518074280288256
543187019413721089
544962348357009409
544079681704583168
545268108395413504
542716813302562817
542697559664230400
549574455102406656
543328558475907073
542987678120431616
543205191282348032
544872364178022400
539982454832910336
539737879132786688
546198286793973760
549623834866110464
547282353593528320
550062648348246019
546817439686590464
544137948241743872
543379130319126528
543201964935626752
542967964064944128
544546240634290176
544611513315516417
544154440337743872
544111088497729536
546511640553078784
550253572122628096
544565554837602304
544713686729117696
544920154640240640
540149477022396416
545615015089168384
543817087546687489
550371130394300416
541489331274137601
543325918480326657
540443231914188800
549941257665916928
542639085123158016
543325543492354049
543486246732185600
543776695631634432
540685325136195584
542962180728299521
543343808344498178
543314372471566336
544553557907628032
543812349748977664
544116143506853888
544979098146066432
543192337577308160
542338050668646400
542699472242085888
544711295505682432
544105185094942720
543878120399323136
543247750943358978
544308394052825089
549888244091854848
550034953552289792
543462123427610624
540150925877600257
544074062801420288
543811019177738240
540439001866706944
543497035186335744
542645933029486592
549612890299576320
543811830456799233
544220197771812865
544928356798832641
543018349475946496
543526142280753153
543137865337942016
543466748712714240
544728990787719168
543206460617162752
544910740004814848
543193444920078337
548563934056562688
543548833947713536
542674332879945728
545025430953422848
540424059755184129
545650484401295360
543469197981151233
544405364675182592
543194622051500032
545910586911883264
546492043665481728
546990277823836160
546161986896019457
543185654088482817
543461749283123200
541979402079588352
546536673916358656
549729844343218177
543388100098289664
545913920603844608
544213967057346561
541483782486777856
543493645962190848
541446168912199680
544087626790490113
540557182551744512
545182139156017152
542059287778832384
548599096349425664
543811070201458688
545927900198080512
543448150095065089
548123021844963330
546692532105908224
544300491644350464
549732512113885184
543377507979112448
543024338833002496
544454159798652928
541424949806653440
540566318085185536
543531568741244928
546229877335425024
543444619087081472
542697463979601921
543816409789530112
541814070769229824
548527672981463040
544451657900523520
542987681442324480
544567218428604416
544910691736764416
544180716318126081
549575019626381312
543377997114654720
540697539314319360
547958478611169281
540523356874080257
543856894641577984
542670340439027712
540656906793017345
543520747252383745
542481247902400513
544399740415123456
549987945059336192
549569485816860673
543196060467097601
541781859970326529
550147166438563840
544895775059509249
543184748365881345
539509800850034689
544075140347482112
541895003815956481
542320346008145920
540165812603342848
539743600171446272
547032976694194177
543444617526784000
543817145868877824
545767257184296960
544960231139061760
539918354098581504
543448946203688961
543010578437251072
549203560823803904
542639632152686592
549585061066989568
541700630965145601
541986655239143424
549571098279305218
542886415026388992
543200395032420352
544912024569147392
543063522662703104
544099821762510848
543936122603061248
544341663976800257
543445082436026368
543762504066023424
544078210799915008
543522600115535874
549725151802052608
542556736050044928
545930902640271361
543449838935752704
543540811309547520
540448027614642176
543611050479091712
543929941662777344
543362410741248000
549882534268796928
545929946502529024
543192149592788992
543120798479691778
543354982192271360
549200643517587457
542697825327669248
543024902367113217
547376976491991040
542703947681525761
542705556436172801
550131164925534209
543181774919307264
542973347517046785
539959048087420928
549841414797164544
543119953730486273
547343954606166018
549494894323306496
549912174081343489
549464239107096577
543445335872647169
540626044969959424
543469939131047936
543353582834024448
546493696527826944
539439364041093120
544964644465819649
543206541667868672
543119323846684672
542999513309257729
543583142217388033
549732536155664386
546238557057462272
544756853880545282
544553854541385728
543691019988897792
542971821696364545
544887660310179841
543704097615257600
544155949150511106
543771028069953536
543171262064123905
543851388652908544
544709589015728128
543450009581404160
547348057797693440
549571988918792192
542607848254230528
544571636037341184
544078343415795712
540493068492087296
541485549916540928
545050753782800384
543004899760685057
542510922015596545
548559678230523904
544535839456645123
543391533006086145
543178469962956800
546430972997009408
549604376890056704
544557413777408000
544866567839035392
543855392133246976
542390989952798721
544261410243375104
545780017959944192
544445607515918336
544075046071717888
546361084223840256
543936505786662915
544176206468612096
539861845923078144
544192179305197569
542605518028931074
548577333020721156
543200312312729600
544705469822955520
541936935745622016
544557176480468992
544140559934160896
549511422737403905
549576546785427456
542640332332994560
544867125652119553
541282765249843201
545192389246484481
547827175093968896
549572990401527809
541919365286084608
548486335833452545
543446796786479104
543846571327389696
546422633651511296
540329575251603456
545582868252987392
540228804761751552
548565344890023936
543477062095618048
540730983763292160
544713841725411328
543422019404963840
542699221158490113
540654033644830720
543031271631646720
545270492928540673
545907117706584064
539483043409698817
543498564727758849
544178200561999872
545613967213604864
543811065390596097
544910842563923968
543351950515781632
549727839365246977
543446403729858561
544093681347612672
542640163034116100
540988984575688704
545559503241220096
549745688859271168
544553336599359489
549704700745220096
543478157979156480
543844519352233984
541902536915963904
544174453480247296
544513544448790528
544419320046964737
548609911131607042
542697950967656448
543849027251363840
549755481019793409
543536960892313600
545432047817592832
543475624141398016
548825308812836864
546463227128074240
544481946126934016
544211335727169536
542714141598035968
544491015248166913
543506027422171136
542960414167171072
543465326378487808
549581400798920705
550062722784985089
543522109436477440
549307596898045955
543116841657188352
541971152453660672
547956889720344577
543811797632188416
543476962296356865
542681458947928066
547323755463061505
541835973815193601
543442618521497600
543118312390291457
547951125702660096
543477757183672320
542729603245043712
542697543360991232
544130702770700288
548957146029633536
543513090789494785
544304444020502529
543448562067963904
543374557743050753
542472728826363904
542697612046921728
544391188317339648
544546240718196736
542966513905324032
543803519069736960
543558240391688192
544947263353933824
543012249678659584
543827617817042945
550225873232994305
543450043848863744
549741552218939393
547082821442232320
544599087362744320
543363516292272129
542453757515026434
544198849372250113
545695674172731392
541013607954120704
549619486719242240
543451045779611648
546467443393449985
549734595281707009
546312055259930624
543771528895426560
546880655435374592
544824271684763649
544715787588497408
542697493788520448
543377416404881408
543007928207159296
543518334772580352
549611499656720384
544912372054642688
549933248134930432
543471555079307264
542966521048215552
545651920900079617
544176290509512705
540695112355815424
542428215751356417
549883295714926592
540436678583021569
543359884910002177
542507399118987264
544914138175393793
544037152581881856
543445482962710528
544250697337024513
543810225552515074
549967999604494337
542989331363659777
545208226644783104
549571845058342912
544102334306222080
547776301395103744
541698118434041856
543626744968671233
542697468308107265
543023254693486592
543352137921888256
543530789158543360
546390603227873281
545409055226085376
542470633498886144
543399878446313472
542697629214191617
543466326283399168
542697547630800896
544625934276378625
543012187627737089
549878870434795521
543365462373830656
543445164837306368
543865726172266496
544726917094838272
544755361522409472
544720727380090880
543461109567877121
539531854823432194
541050338468323328
544055545175351296
542697580006629377
548522932876881920
544079587718610944
539772634087837697
543410821649678337
549570483977740288
539551422367690753
540207670125289472
543482196347346944
542067653238865920
542471259897229313
550227644164632576
544073620767932416
548482538885644289
544102344389304320
548991629156044800
543533349265240065
542697608632737792
544713029380612096
543006648231809025
544821757820293120
544631738949836802
545373796241141760
544368790050725888
549824604856799232
544296032519983106
541774062448422912
542966519634739200
544075049158717440
544139054779236352
545262596094697472
544908350559760384
544639860615573504
543454961682907136
543448958690164737
543445004191293440
542697455268020224
542362285852098560
545307580935847936
542965699149172737
543002487926845440
545453525606879232
541823992890273792
544276822314479616
543703012670050304
542991918917877760
543411471309230080
544709339886673920
541684632065171456
549979163935776770
544908305836302336
541614041740103681
543449843528908800
545205796838330368
541935732240445440
539931875913891840
549586032815915008
543382065635667968
542991812659396609
540168315596206080
543112595419713536
549569262713442305
544912001844396033
545691059725299713
549840295790391296
543785064115355648
543814872329641984
545611747634450432
542314695722807296
547894543493124096
544554504452968448
548482088979415040
544932877256130560
543165306277871616
549921062213799937
543577915577745408
544323707767111680
544371876059832320
542883533572689920
543515063781322753
543186541216931841
550258385044533248
543450095304589312
542697562348601344
544969876033785856
539932608310697986
548770778548674561
543456339864092672
543471372807446529
543471039066697728
543532547939258368
549575119576657920
542966927434326016
543788557093965824
543763039594754048
541834559902322690
542676381549613056
539401082653638656
549614941008035840
545024932204539904
549946767891267584
544330715014234114
543203244265472001
543314748675457024
542817632542801920
544709194541461505
547325637602443265
544081179649929216
542999344715030528
543803994469314561
543811433239433217
544057832388063232
544230399572865024
550259450280701952
543377365888696320
550247086433001473
539577241798451201
549732593546313728
549703732997685248
546184574305570816
544599328585547776
543855082614554624
543192043485683713
539517890857549824
545921304373633024
548608326116728832
547590050360217600
542697634868109312
544232419587420160
544304210154504192
541753006492884992
546331624783101953
539207569987080194
544170342885777408
549738431795179520
549775834127806464
544307275507441664
542697581420105730
545042745283575809
549569637092835328
543530827251220480
539508470211702784
542458691128020992
545111721455931392
545929441814532096
539497977837285376
549905252489908224
541155074643214338
543441514421305344
543487446902927360
543462098731167744
544089510976319488
549105871499059201
548571440082345984
544908838290612227
544887643151298561
549998153546481664
542716198732201984
543446578280017920
543186842955177987
543331269229445120
545030154477903873
543810815972089856
543837014467280896
542683141618810880
541503570634608640
543438512230785024
544732786641629185
544585680827858944
544078390731366401
549652833365409792
543479272883912704
543111395425148928
544228762070437888
544082800240910336
541302423961485312
542861839709646849
539949661839433729
542961236577509376
541047194657095680
541403650032017408
549754995780751361
540698376635826177
543447352754077696
543456214781550592
543460698287013888
545081635851747328
543445732590891008
541934684020940800
547515880125370369
544907610206797824
544317801075208194
550288387635425281
543825686583320576
543446402798718976
543530187326259200
541949135294050304
544099494208733184
545292991074951169
544083402203619328
550046976281030657
543531732608094208
549729845291126785
549750871009939457
541603823660572672
542724503173091329
545913502209425408
543529625608278016
549728610035048448
543531806596034560
544319851498844162
549737162501922816
545160264295788544
539783153758773248
544885660046622720
544108017382203395
542982460774940673
548729113822130177
544867703987904512
542061405738762240
542641929956364288
549702684618805248
543333815893389313
541267433755930624
549726187065708544
540459072013602816
543559394881851392
543621251722670080
544170901038977024
550048721702887424
543469282974134272
545952638391836673
544319829298384897
542697506685988864
540626840801394688
543543827504431104
546049652404277249
545926625771405312
549570069605277698
544570701102219264
544200954208215040
549574588376821760
542675385390227456
544156121687408640
542453530787708930
542697895074340864
543460032189587456
542695845628751872
543448212200112128
544908385057906688
543532451172069376
543490428389974016
543540237994299393
541805256406233088
545590828807499776
544529147721048064
542698887564103680
544424168695943168
539720953119662080
547089864219721729
540223177255706624
549732393406693377
544151522448130048
549642368807231490
544573380670681090
543364467489521664
544641755073630208
549886894809419777
549613840296861696
544122317388120065
543372375920631808
549952065850851328
542987872190865408
539418669458403328
540535298417901568
540697533568126978
543330451755380736
544618752802037761
542707961597296640
549584805713563649
544244516937805825
543192643782848512
545981233923387393
549704085704699904
545599430938722304
546809949620563968
543738160627589120
545320318047248384
540105803630653440
543473432600780801
543002348814344192
543567505084911616
540115935630467073
541363393295163392
543444694144143361
543359949745553409
543111285014274048
539449192914378752
549614943516254210
544079700704759808
549796194462236672
543532589349617664
542356776482766848
543547891735080961
542975734885908480
549890018475778048
544970989495259136
543442808204296192
546720579798437888
548609856203390977
544138262596423680
542758693243465729
549705695319556096
544542416364396544
542661373768241152
544876986754007040
546342162804117504
544623803759067137
547224368741240832
543483589648584704
546617584393523200
543456377381720064
545507716564017152
542700155049218048
549569605640155136
543194722768941057
546721050625441793
543604037334347776
543447851317997568
542697600965558272
543006621262422016
540628673200521216
544086693570023424
544172318805987329
546299905904365569
545310508765937665
539464012581195776
549733169420058624
540847855075074048
543351657904734208
543364883203776512
540482535982374912
542328936299241473
547337917706690562
544303583554842625
543086849418612736
543408349652717569
550181266214367233
549983307824648194
544410565603373056
543554160558239744
542987675805184000
546194291614162944
543363601462222848
541490521525731328
543187637238902786
549642864058052608
542991513018716160
549603834730131456
550225601735692288
547324091049709568
543722337674096640
542615408441040896
549927045623717888
543457590123196418
545322722025144321
549702878227865601
539438616247042049
549616657094959104
543445242394202112
545231227264200704
547348789418545152
549573381994336256
547334857223708673
542991068346589184
542702226494353408
543642228464578561
541602357164126208
544609027070906368
541490879869882368
549704653446082562
544612187025993728
541379307726053376
543195222789091328
544101168310669312
543923226485596160
547235224397316097
545059340068347904
542674022845399040
543201555269550081
543703377335443456
543811701075099648
546194162115420160
544708181369565184
544526706477133824
543532419610312705
542986140316618752
546305063778414592
544233347417792512
543193202539233282
542796807953055744
543513716109500416
547338204110532609
542642809237671938
548566221931573248
543363376098078720
540012196462219265
549603596267180032
548108804932763648
542871600576487424
547295085302263808
543476768456200192
543335147362205696
550415015526670336
549853358299693058
543778607144108032
546366184611139584
543869677668020224
548646217119703040
549911984393949185
543359817965137920
544079676553953280
549574638229934080
542697549216219137
544311072728309760
543615772526776320
543494218640281600
543691174930702336
545940524340101120
541970453737127936
549931924941438977
544652715608264704
544127028857823232
539584371783892992
545375484549558272
543028512102567936
545933763645943808
542697605587677184
549738441756647425
549567749501251584
546863496252911616
549592271713484800
543011871797035008
539512482805846016
549614269231558660
543471896277565441
542702292093255682
549733185245175808
544350630504968193
543473634464251905
543451035139076096
540280866250182656
544468003757101056
543469927395364865
540981685526216705
543446145251672065
544879771688402944
543556469665566720
544908372076929025
543768615322144768
542781635238690816
543331909880020992
549079444728475649
543461796523540480
541148424351916032
549339690793721858
543482834833657856
544102094563979264
542987726266834944
542147023324315649
549613900900368384
549572807152377856
543798474987565056
543780879957770242
540700821843746816
543588520255033344
548599145465143297
543810280372072448
543188582911856640
548889274406678528
544123858718953473
545629597925007361
543560973349818368
543529562097741824
543475917008699392
547280894613262336
542807030344343552
543399356200529920
542996140711772160
549622184868843520
541936198726713345
543203481654677504
542708012935557120
549821591081603072
542317864171343872
542666178729369600
543472160120254464
543006722629967876
543002611608465408
543011657233231872
543387846586138625
549685111609102336
542697466252914688
548562114294464513
540462510038450177
546762830289338368
540624771839709184
546817648378789888
542802515377414144
550142614695972864
543810543665307649
543635928682491904
543111934116392960
544754950434086914
543510218470998016
545744116068257794
543387580231057410
542741894170550272
542469142381883393
546428042063527936
544235480393322496
543330533208784896
549876552024858624
549859157265104896
543364627577724928
549340381540655104
545220696540844032
544076227946893312
543008379161956354
543453361215791104
543461591836921856
549449807161749504
549728968127959040
542697584301592576
544311061055553537
549887636551135232
542964854047653888
543803669792440320
543175972875681792
542478291274567680
544795215127937024
550048734525276160
543072117257146369
544136771588878336
543732573436792832
543827023475392512
543455514160414720
543359792622739456
542329451875287040
542821069187719169
549923696278650880
549576918748499968
544180451728818176
544088220011888640
544233880383791104
541363270007812096
549968705602736128
550283576072474624
542674511205007360
543363934158196737
542987831896203264
544275708147539968
546962581932769280
544329079114452996
542720680849313795
539860126573015040
548561189488574464
545111843799588864
543117701657690112
544192497392836610
539522406755602432
543117285654003712
542673104292438017
544319299943686145
544697320429084673
543409012566659072
544117082372472832
549902713799331841
549574316896321536
549732859812904961
544855434411380737
543469521861103616
543877220104949760
544535272151470080
542702842780217345
540532300685926400
543408614996582401
544845688476274690
544884335779012608
541974278246498304
543859071095304192
543191967132569600
544111095246376961
550048281175134208
543476182986280960
542674493966385152
544168687062630401
544714908365881344
544554654936207360
544746573495033857
548648458622468096
543045986617008128
549898504001581056
543447259829268480
545365267597885440
549785856492335106
543810579941842944
540448027589500929
543765807151333376
544077388980973568
541429116835082242
542559423286095872
542695993507319808
542711995209121792
542999762849775616
544114528666255360
550178054908030976
543593582771585024
542697566970720256
543820326044307456
544327245901594624
542991513119358976
543006610499842049
545935009698574336
544813489915572225
542720983602569216
540269057841197057
543365953396830208
543451062355513344
542705421077577729
545349184682225664
539402109121073152
549979217387991040
543015740773638144
541937371282169857
543013906500042753
549752090923237376
545946215763177473
542964315607662592
545953020258025473
543559402130006016
544726898522468352
543534876906225664
542943541459054592
544873970537725952
544937400498393088
543486158580502528
543359808552706048
544283593481416704
544305466424434688
545628445972369408
543814665579819010
543062904350990337
543450627293335554
549760023354941441
546216048652214273
539774398195331072
542961108123140096
543193526377672704
542409009932673024
549614277879799809
549898583433285632
544968373692416000
544110412149850112
548542883251249153
543031198478381057
543459801779294208
539754211723186177
544819865862041600
542966524068106240
544541102515036160
543118354622738433
543942738157514752
543371832930615296
543517683765895169
549571907180560384
541805447007567873
550056245898395649
549567480025194496
543012830807879680
543735429657153536
544915737539018753
542703400081571840
550077759939043329
550383817924816896
544654903071612928
543531578358386688
549844136954576896
549784071786987520
539737046987063296
550030555446661120
543006806562578432
542539738746335233
541364191559294979
544241692283383809
548088194592702464
549468787188432896
543793177044340736
544883493885317120
543412725788188672
543449447423041537
539283648822779904
540260209563037696
544908142157791232
549681392569683968
545772805023739904
549651219627917312
543002574597914624
542333991068520448
544077436309483520
546197733644980224
540145743970177024
547219556851142657
549575114363125761
544008416197607424
539443420671258624
544505825864073217
544303023359803392
544166370816962560
544305360056881153
542700814351872000
549585029181890560
543826519286906881
542380789963300865
543350625229344768
543977175418806273
544199496159088640
542964703115616257
545270051323273217
543375848058159104
550346341415940098
545949935624286208
540033268326748160
543469240968171521
539966372135305217
545312936647196672
541710086092365825
544079672871370752
544698937140338688
543469173683531776
544967728658788352
546090155778785280
544623940346605568
543469806692081664
548485163949113344
546313193661136896
544534418615197696
544908296679723008
543011728317902848
543070650546806784
545253498116243456
549703023190999040
544813157181829121
543352167273226240
544008982864871424
543157089653506049
539838962555432960
544908195097890817
544078048434614272
544923834642890752
544649810775904257
543226279659462657
543606242405384192
543034145056620544
546843600420483072
542684002084454400
543359722691108864
546959806465339392
544682257819402241
543810163585863680
543555428978679809
539553819743780864
547524607180144640
541937820492128257
549569543798943744
544613445484548096
543530895693860865
544098622221344768
542633525522878467
543461143961149440
544204545396445184
542888710313095168
550360605899513858
543360063855796224
540889239316357120
540459734998851584
549728597154340864
543471351567114240
545778359675158528
543470571716374529
543812084015067136
548686001854763009
539735788099891200
540321307326308354
545982368746442752
542892658423635968
543362213059502080
543384578145406976
539743892896096256
544322994227937280
539761630901714944
543943565995278336
542697624654979072
540699413484535809
549163294708473857
539419730919309312
543810104555212801
543185117456642049
543818677150576640
543113109016043520
543535889578999808
542986400380239873
544313734248689664
544063028065742848
543111505223643136
542982639808835584
539864090471333889
544149536818872320
541786325842530304
543351929472962560
542472194052587520
543446221143441408
549127256539275264
549573182089621504
549569259802615809
549621007674507264
547696840645152768
548727996429791232
543839592861143042
543125586886262784
542664607060357120
546719261889015808
540536358130180096
543458074368151552
543442975033147392
545328703845441536
543809171829698561
540597448595349505
544101478114553856
543471171228823554
545813562522730497
542962560576655361
543032092485890049
542697568359034880
543429738908622849
547326448797618176
543461514334588928
546211874736332801
542326991769579520
542697561077723136
543327408615878656
543891434957316096
542960414158749696
543530283979800576
543478282465726464
543444479345434624
540193250317848576
543531722894094336
541281838237376512
541378297511170049
549786341945270274
544554302396588032
546755466802765825
543464565577883649
542697495332016128
543703021621112832
549572582476107776
542715571322630145
540463190338179072
540631635297710080
542515606960885760
542904276826460160
543763631586807808
543762775009280001
542697604128071680
544173791799410688
548631808573980673
546961326292340736
541392262958030851
544077991014580224
542187454019547136
545852617977380865
544319720057757696
542058462142676992
544571007114424320
546994887984676865
539419171826970624
544139024513105920
542099386449534979
550344424308236288
543506941293510657
540694412699783168
540108893699846144
544277119962849283
541362671409319936
545298493209079808
545334743412133888
549736576109252609
542118085063221248
550366174962143234
549649874828816384
544824181926678528
542533702337564672
539547611305242624
545614608401465344
541445109368094720
541483903513423872
550013204647383040
541786696145063936
543417230181298176
543445379715706880
539823017275457536
539443614653628416
544094484670070784
544505706930765824
545614342264483840
543814818327568384
544077833426190338
540865565246889984
543472577751302144
543817702683340800
543477816474730496
544155295828553729
543801408332378112
544707265220321280
543026766718464000
543301235009675264
542464533244047360
546338597608357888
543468723273601024
544723757504274432
547728200227246080
541676946224979970
544860705552625664
542697602735566848
543011988449026048
540608646514630656
539354534242308096
549867400594587648
543481404466946048
549750933660246016
543567555462303744
544533080955166721
544079313034043393
542268761319825408
544495053586972672
544357548229279744
543460978751729664
549646012919193605
543006609581309952
540807076826849281
545345238907121665
544521199322034177
542369876825092096
544277146651615233
544104167887761409
539773184799944704
543767554485800960
545165686243594240
543457372573036544
549992490439163904
543070040107393026
544185930580762624
549824341870149632
542642001909661697
543611963289661440
539751744385736705
543469430399725568
545193228719620096
544255847006625792
539951317729304578
544319440884858880
541600199584382976
543011548789477376
549935811974533124
544243575412645888
544122443732762624
549602527201615872
543466607545425920
549956954396061696
543976909680300033
544088237950926848
543461822763126784
540137635692290048
549761664434708480
547335587150041088
539480979321397249
548733823307894784
543002242610372608
543351976105222144
549864539391803392
548840346504138752
547640543229280256
544131917788897280
543461804085882880
543449590523912192
542369805987500032
543328822645755904
540438927686238208
547662087372042240
546754128873922560
549569264361820160
541426418475728896
542705745834176514
549862581637111808
547591751397945345
543109903791845377
540936358013845504
542119660372885505
549579104345800704
542962592436596737
545514181017862145
545344689822773248
542353934057504768
543189035590901761
544707908693663744
546674336514338816
543532428535418880
542360512726835201
544704933329920000
542600207137902592
542986719382233089
544153894079959040
543770025237024768
543205616379260930
543170811885268992
540139743087194112
544877251012354051
543469260950216704
544131223971717120
543461092643860481
544596302516850688
542961740510531584
540072869699809280
542782733773066244
543871101726515200
549944312847691777
541626525255495680
543011979158650880
541733299870523395
544133304279375872
543806097031962624
545918009798582272
541805222675238914
544715285920370688
544513232996937730
543532449309798400
543469176963469312
542962583162982400
544609866581807104
540556308836261888
544163406891470848
543494682723246080
540286154952540160
549672490465648640
545719681370189824
539727776987611136
542973959151837184
541936227961020417
544200068287696896
543469957250822144
549570591536472064
544553383068069888
548576266216304641
541986655125929986
542360657694175232
543447378104434688
544235253590917120
542815953872887809
543471564696453120
550424361555877888
549790739069026304
548090325336473601
544450954960314369
543291725645901824
545325905195716608
544667579403362306
546265904439631872
540198959449645056
542971823315361792
544079593762594816
539971246356987905
543534944761704448
543474225512587266
543540975411666944
542348612689481729
543454409930575872
543443644968357889
549691063032487936
544888473975812097
540586003036004352
547500569951080448
550223005725777921
544554197190840320
543529911084785664
541846481511399425
543070263236366337
544910136255344641
542721845619736576
546961518362120192
543120999747960832
543471398854094848
544456230958166016
543333151628886016
543532164001050624
544542678579281921
543459516181139456
542987792314540032
542503843183869952
542359336463650816
543449123467591680
544079662750498818
549856497443020800
544439707749601280
548959555900559360
544756567644446720
543426346165473280
544983386045964288
539916522089889792
544318709750173696
546849214341595136
542569554850091008
543046809426227200
546393575081406464
544097185881927680
545491901739061248
549702980505587712
543614094159654912
543350542924537856
544164562493116416
540432819860668417
543462808823037952
544215513283702784
543803386832121856
541735839470845952
543352521041780736
542990762820894720
541213004604649473
543507704082231297
540146046844678145
550013554284167168
543692721450274818
543448001952239617
547583281974108160
543358489561935872
544925456987086848
549888685638840321
543458207880855552
543471643121975296
543373443388145664
543014051593199616
549884622755348480
542967611852476417
539427331442749440
542963275806150656
544535326577135617
542697508573437954
544766835145859072
544511304573403136
542356188613320704
543015340280909824
539737741106626560
547037576469938176
543513563785359360
549570108948217857
549919631377321986
542405639771660289
544091423587713024
549812879449661440
550088635953840128
544009672202534912
542674469756878849
543060047866384384
542303890247806977
540653266359844865
543476651817185280
543364880259371009
539428816477626368
542147101371559937
549576276638707712
544088240157102080
544439292999647232
544299362311233537
549147986266038272
543197000247029760
544607931011182594
549732421680496640
544908169823391744
543564444119601153
547448459272679425
542276547080486913
543117920683839489
540732108461711361
541935416975589376
543484274855272448
542351593954607104
542721299999899648
545470304835735552
544869641151971329
546388343282745344
544538463979466752
544432158069506048
544553816989769728
543456552834056193
549726540506750976
544127739297816576
544172958177300481
542723625196220416
540461750865248257
542641905902034944
543112039745748993
543818299453505536
543114614796726272
540013793603231744
543533065042411520
547217588674371584
544220040313061376
544184077587185664
544076819016974336
543445971628462080
542986160230785024
543812707108290560
541441290856964096
539923915661795330
542798268175220736
543328331824132096
541386940721811458
544610013529268225
542175572869521408
548570776324952065
543446080512225280
543448000324833281
539798522259066881
540265255109025792
542969331525492737
542790746919936000
543490476859740160
549613965551370241
542697527833677824
541936648838475776
543827545901518848
549934880545865728
543070250548228096
542699534040588289
542525607725109248
548570935393923072
544097241330237440
546119499288547328
542616079278034944
539744348108099584
544571397679640576
544192702355865601
549617996277493764
543113678158311424
543859231972397056
544720917398835200
549615920721981442
543529893808865280
544720954861953024
543452665033031680
545635920398278657
544507586188705793
541794031886286849
542997244270493697
549570456844779521
549857775694929921
543583015134576641
544173991649243136
544242685268471808
544839726780268545
542455161843486721
540738031762690048
539765942864322562
546721565975805952
543482005342945280
546344246400528384
544122449189949440
539744394002182144
543409885795188736
543548536701603841
543011575981162496
543810259169853440
543170157170810880
544220598839148544
540556180427255808
545801409803722753
539798505376591872
549607506218340354
549890763476455424
543376029361111040
543192335493107712
543371569113075713
543529516057260032
543462045493252096
542797659632050176
544338999335084032
543473688260001792
546496171108466688
542986236013846528
542043447545593857
544556258330562560
543908723593191424
544941241889091584
541600991242887168
549214857677901826
545926608666632192
542346312688340993
544079851641393152
547573343474700288
549588304492900353
545997086966419456
540186907406503936
545163705898786816
544127024839655424
543442135874142208
539512407883001856
540155956999385088
544110357959421952
543351786438795265
543072947150548992
540425110843555840
539520164442935296
544315298086518785
542962548924891136
543227295507283969
542677386886533121
539550840416378881
542986150940782592
545205335779446784
543364967056285696
544588328020869120
546996147009884160
543445307275902976
549733256682541057
543113524395130880
549600515059765248
539509005794959361
539765041600659456
544954561115353088
541937337673195520
542720983581593600
540859427013009408
540424137030635521
543762459148820481
544921058038788096
543584531945496576
549581139833544704
539742368623493120
544519685484863488
542966528618950656
542986157626523648
543446494725275648
543333784704520192
544459389328183296
540289174788931584
549960384241606657
547323589352243201
547295392896131072
542411149350686721
540589389588332545
549733137329446912
542334053568241664
549732500348874752
546268116754235392
549704180840300545
542697575636164608
544556826444832768
543167071379816448
542681080286154752
543815329323819008
549934223432626177
542697481901838337
544301467020963840
543451835084726272
544232073284685826
543192951959339008
543941693100134400
543818975654600704
543858402867150848
544984376803880960
545020032992825344
543445227210801152
544020501417295873
543382268941959169
549883103179980800
542209944682909697
544184940657524736
549745942912843777
547479401810886656
540859809428668417
543765799614160898
543556703808417792
544143976572661760
548706302139305984
549580676576473088
544555475174301696
547280485853184000
543012063430602752
545350350090547202
542513051052675072
540698512933941248
543968572351844352
543490639162527744
549919416801320961
542807044378472448
549612118442774528
543794285066203136
542697619177209856
542966522600095744
542907426807099392
546195255985704960
546494127706501120
549688250114113536
543358632562147328
546195877678034944
543351243045756928
549941638257451008
541655870799892481
542697623262482432
541491290664235008
549567252303847424
540428186782564353
543302363441020928
549872879752716289
544325375166525440
544154052741697536
543364889096769537
543873772345126912
541862405962076160
540312361643413505
549157967228973056
540483796370735104
542119656296034304
542674565118558208
548589088849559552
543082979233628160
544711031969161216
544099015923494912
543556212944801792
543424203626524673
544324334295076864
547515295880192001
543327146098561024
542697539112140802
543653349422157824
543449330980356096
544611509842624513
544187020797415425
544715825014636544
544118550622109696
543205204964171776
543117285645623296
543776169683070976
539897345261850625
542987404773060608
544078753887162369
543450064333836288
543495746302275586
549586446471155713
548836197662208000
546049727104831488
544410239756664833
544867113354428416
545913502138105856
540647556867702784
543840573002903553
544079713996505090
545642356226408449
541857199031865345
543728135686979584
543511094422032384
542964682995150848
544388111095324672
544910150637981696
546731429980561408
544113108772741121
541433280797478913
546196713023627265
543062903621160961
544078944526286848
542814811051261952
542697490164633601
546831904297586689
539728949862207488
549733216085893121
542674493916082176
543453262180253696
541364120751058946
543532167582597120
543114393324888064
542792954167844864
543498323521331200
540415586782969857
541362391498235904
543328411633319936
544709225034027008
540001442934034432
543549234780590080
543562439686901761
543359798922575873
542697607294750720
545911772603891713
544596897554759680
544292061726253056
544137876616003584
541934444891086848
540607018256453632
545800396547956736
542976318980509696
542703979428212736
548835946310152192
544717085042282496
543875151574859776
544916622725496832
543869288847667200
541832778757574656
540175075732119553
544727029883498496
544759058373165057
544176984398774273
539479330024218624
542705718751936512
542333711526924288
544236660599169024
542362219208769536
544089345213616130
546120871958437888
541530111234048001
543037020176932864
544709200698294272
543800226830499843
542698476534894593
543444134564864000
543289969993723904
544553433747836928
543446111990870016
548559908623228928
543623866338521088
543479765370273792
542467167737102336
544221941549502465
542697480505147392
549728914323435520
549659493634953218
543474472838111232
544708504083505152
541934213382287360
545371685726089216
541148209842626561
550284729140772864
543193011707187200
539766346167615488
544078288314834944
542761940045815808
549933873392803840
543689139078430720
543513522227777536
543081554793496576
541988932804554752
548971690059780097
543480209882628096
543351658756202496
542665983870394369
540164342327803904
544556355332235264
549981540831072257
549665766165852162
542731000975851520
541937371286360064
549572234998583297
547750590907170817
544177660444696576
546817844793868288
539735781116350465
544603230844772353
549623994043736064
544276643057909760
544493304185118720
544450143316348928
542948029607587840
543006674341339136
540827416357511168
543853381215735808
540605155889004544
542986157190287360
543462589997412352
543444965771456512
540313381149081600
545193228660932608
543192626628165632
549960332912132097
544167955937107969
543743616771182592
543326787582050304
542960493678182400
544084666501046272
543445855291072513
540613161959698433
543514724001128448
543472626535239680
543011644088258561
543815948679909376
543288416495218689
542358437120995329
542697502969847810
544650758713782272
542369809099665408
542579839933247488
539773445203312640
543376018006757377
543454698347716610
543352045861093376
543797735053197312
543444323363069952
540702502090309632
549613716270874624
540553793579282432
543024447188639744
543382829317771264
542697596578308096
544237295814336514
540317643207892992
544962209823330304
541857079762235392
545853545015037952
547325444690046978
541363186373386240
543531224187568128
543820201499062274
542694855550697472
541782584816984065
544189771682430976
541783263719604224
544132063046414337
543024811782709248
546853666347421696
544018703226896384
544519338909106176
548730857411076096
542703522803097600
545039346202857472
549613900975857664
543354261925396480
548478542707556354
544324857581043712
544592778311651328
550216154674102274
544604148545490945
549584942900862977
539581634618486784
543816047376482304
544554369991991298
547032589215997952
544635724159385600
549979094117793792
543483412397297664
544610146333519872
544088114579648512
543113678162513920
543934017460916224
540141024149241856
539511970454466560
540699371998695424
542679993843986432
548946625121374208
543448444481069056
544075052199583744
547116211457105920
543379765969694720
550304043768508416
544101259704561664
542339781267451906
544573872180174849
544932462561083393
539446436044480512
543530430360981504
543620098188001280
543444080147955713
543364479321653248
542776029081632768
542772270419427329
543443512163696640
546428208761958400
540492973528862721
540343382384451584
541717862252298240
543809855912284161
544430872259088385
540557751752343553
543518022879551489
544549769092149248
543153358198951937
542470275502469121
543533975286087680
542967849112051712
544419118657445888
549874379580899331
549622040852836352
546200779162259457
543618684267134976
543933143632211968
543469762307981313
541812168111316992
544123966311247872
544964673725272065
545327087696220161
543445258718429184
544887870616764418
547661483988230144
549888687048122368
545173080755036160
542735248467845121
544847571290959872
544078004133965824
543530733407842306
543769294421495809
547441977554640896
544299985370882048
543471984072728576
540207252494229505
543452884684136450
543397238626856960
544296632590692352
539420309238341633
544456360390561792
543549101703696384
543814071209164800
544092603185393664
543479416769499136
544145866496692224
547772217577058307
544966161054445569
543006675838717953
543469127583932417
543756408471445506
540702333944881152
543500469591478272
550348277645082624
544712701830631425
545629705614163969
543019027170619392
544956942053937152
544295932078989312
542961639210123264
544986642855899136
544166294635827203
541125445593202688
543880526063345664
544198765180354561
543804890670456832
549914249246814208
544572313761357824
544194009623961600
543171190211084288
543182520733691904
542959990483337216
544319849548496896
542697475602018305
543530587806371841
543232347378692096
549613780477296640
543394172309209088
544923475673354240
543113678200274944
543119371024224256
544909712366391297
544172218372984834
543531328432766976
546265761283842048
540604643852562434
543446554200117248
544031861409054720
547833457024311296
544915927683182592
543011650744643584
549696605977186304
544910861694156801
549665871359389699
544137221558001664
544100385850286080
540439754731700225
544177953030946816
544099539024871424
542987779920384000
549569266026958848
543694850424459264
542587821098561536
542550900896964608
544909218160336896
544946562129215490
543447751020011520
550363171257856000
541500570511499264
542965030405144577
543407435797372929
543591498944905216
544862632818536448
543817034816311296
540599461781594112
549893164241534976
547272104106655744
540177225484873730
539510286596984832
540603774264283136
545330224510939136
544079699077378048
543716740052832256
544648709418782720
543445303597481984
544148989440831489
543458072514289665
547280177781555200
542494297761669120
544710545018867713
543018433722712064
542972096070946816
546822997047144448
539908978277625856
544084188572704768
543381693370228737
542702846215323651
539706496909852672
548863508084195328
540014559579213824
542713478759604225
549916412643258369
546921095014936577
544249820698120192
544147230903791616
545287387337609219
544505208575762432
540209029599858689
544639506809618432
543410675352358912
546511640611790848
549801227932811264
543377240231129088
540485584096358400
544724694046621696
549719124033945602
539512757528584192
545256402873499648
543049298062376960
544118722169147393
544140385191084033
539744180210511872
544547652239507456
543026880350523393
544263377993093120
543555891036164097
543548039613652992
544914835310272513
542317881136906240
542697516165107712
543589949224648704
544521609940201472
549732596369063936
544423912562782208
543762851807367168
543024969673105408
549726964760584192
544078041563951105
544228453252218881
540425220210061312
542962513852112896
542992024849219585
542963286841769985
542960414154559491
543811922018054145
549779876686073856
543451373875249152
542430059173134337
544116871994167296
550296450559934464
547915036220350464
542720999993925633
543445037724753920
548588656710008833
549658679541125121
543309889162866688
546017309413085184
539514141937901568
544663388136439808
543204787870007296
547677293854724096
542430059168927745
543677387679203328
542697473601331200
544942065139056641
542697513329762304
546385165489274880
542446142248595457
547724603138011137
543462639264071680
548562114281869312
542161726977085440
543421810239209474
549732513204416512
540036246857216000
544172800500441088
543351958749184000
543550557454344192
547738599639113728
544553954097385472
541798805637591040
540458098339901441
541933716885733377
544176897157267456
539911474978627584
548960953581047808
542427893238755330
542697537618972672
544530537155919873
542679039312658433
549879651137359872
539423374699536385
543733373563588609
543410633568702464
542202394071662592
544877787480203265
543533124572172289
540195478919725056
545818602126184448
548561379918364674
542426055022088192
542946330377998336
546466755925643264
545307501340549121
542760684715769857
544079717448429568
550383644297400322
547772213386944513
546744934770814976
549569932930084864
543529900649771008
545063407850758144
543170416252973056
543603401666220032
547833158151204864
544139586377502721
548838980578709504
549971487353237504
542731148133019649
546842708032372736
543069172700561408
543446010890973185
549068878400462848
543210267736555521
539772634083639296
547152159196725250
539401720775077888
546205283790618624
545255563261513728
549572046746030080
541619940080779265
544167190631809024
550284291200937985
543191170227400704
543788312981286912
544165783245709312
544760551503450112
540834625363668992
544143459637268480
542697556749205504
543482534093676544
543361242296250368
544164464732282880
543408757225844736
542697633471414272
549733239183929345
549343411774709760
544870723173769216
543450740690141184
543351657934094336
541384034937737217
542697571316023297
540242881626533888
544111848258543617
544910000960061440
543814924548702208
544077812966387712
543528422438612992
543204636048785408
543699488549113856
541567340945498114
550140183044050944
543593259051003908
544963601417519104
545806418972901376
541663819534041088
543446735318966273
543507076639887360
541791331903746048
543117285658218496
548575708755533825
550251775018549248
543483494135889920
539512083877228544
542624357571641345
541148830507343872
539419730118197248
543887500666617856
543333768799739904
539969419808497664
543476366474096640
544992621098463232
543445237881131008
545848307826700288
544119805163216896
544133491005194241
543445209364041729
543722330066026496
542697489359323137
542697585782185984
544082708062691328
544162398056493057
542697558196232194
544207502024253440
547869122663440384
543468403638288384
549570373474582529
543001797913481217
544170729848438784
542714391414964224
542697574327521281
544387157003993090
543512854867894272
548958187655667712
545287603072012288
546720000946765826
541483697292070912
540468048260759553
544309487658893313
544274059119173632
540468048164306944
549513944185184256
547158266825162754
542761397218967552
540202164526649345
544216345638752256
540336454896222208
548576640222367746
543462276229890048
543444132866174976
540299351294099456
544182004049141761
545667877999628289
549765175575068673
547103423770791936
543460372519608320
539596406277697536
543816401216360448
540625257158025216
543445587236884480
544080670197182466
539508176375537664
549575083841585152
548579430671867904
544304844841168897
545185451767005184
543444082740051969
544212883601498112
544143234071793664
540657651449745408
544559330889322496
543036611261251585
550145453384163328
549586703438970880
549681726889271297
542096351216295936
549751113118142464
550127992827965440
541937115807113216
542707956903473152
541064103679107072
540187583792181249
541877402956472321
546191644324663297
543531874522763264
542471055055790080
542277675529035776
543119486044631040
543944468299546624
545649443559596032
543333311662555137
546034570336800768
549567780538679296
550236904507977728
546937105008439296
543008442987061248
542960673160835072
543531345985933312
543532219516477442
544913458777829376
544319166799290369
546989812096729089
550172046635048960
548486339167924224
544862177748729856
545745585618186241
549949630101065728
540704078800498688
548562075132260352
544334462637465600
544417620825767938
542700215829295104
547832129673887746
543351993943613440
542964318837305344
540909338760843265
543854645114712064
544139171216883714
541702488609804288
544108635161645056
546861459238813696
544115894805610496
543451015895588864
542702601557786624
544712396065890304
543018674601590784
540335897233719296
543375980845215746
542882210651443200
545195355009466368
540198858899615746
543866731572494336
542782752668389376
540311312618631170
543450879102562305
546721289428148225
550238342345134080
543550133057486848
550121423805497345
541599439153287169
543451268325597184
542697895959351296
543011592821288960
543191761028255744
543360534721347584
543961441020039168
547075901322969088
543446745188163585
543186430374461440
549942441919250432
544139565720956928
539416016913436672
549671113534345216
549847037882023936
542986153256038400
549598664532819969
544160180674760706
543060664663547904
543407467141406721
543453869590974464
543200303332720641
547338802084446208
541450099331579904
549718904314945536
543449896922398721
542067977189744640
543304408881037312
541381429561524224
544205993610338304
545439568846008320
548597765543313408
543639972834598913
541935147000811520
546281470185447424
543402610095845377
544483957174439937
542966530128891904
547341438435201024
549733200982183936
542965641326911488
550161025773756416
542995365130014720
542640506245619712
543471613283295232
540621463561043968
544131185887444992
547662312057085952
549573528651964420
543470469002051584
549732577645694977
544562018028892160
542599173208416256
543201883348017152
547330769056989185
543410368924876800
549884765697212416
544716436757704704
542797480786931714
543838602288181249
543772060309528577
547772179073740800
544128146744672259
549922509731008512
543331728413458432
544204073117810688
549729845035274240
542697631881777153
539745767884210176
543612457307340800
543447773325307904
543533704446873601
542697953404518400
543452608032030720
542564586407202816
542709280718061569
544231403794481152
543312353690152961
544456358179770368
544314959648153601
543762721859469312
542708366326632448
542970934236155905
539738743205560320
543377010803109888
543029649581023232
543756377173155840
543828479112785920
543473452758626304
550096223789535232
542697776249724928
543449845378203648
544536973814534144
543515375451656193
548552592704696322
549571412642787329
543534072564555777
543031351146848258
544318747855843328
542697304864854016
545687077610745856
543011615667666944
544556053778534400
544555627075215360
549570874831953920
542973617235976192
546200477139238912
544704539015004160
550224089244508160
539756276235116544
542697626223652864
539431887169941504
544960301658292226
550417137496367105
544078045779202048
544458388105887745
542796432718041088
542724503277948929
549959780467343360
540697309369991168
543529692834570241
546959776719335424
543201125957378048
545937936366460929
543353100040273922
546361007099346944
544985000610119680
542998023446331392
541494788004913152
548781429874651136
545685434983280640
544912430233837568
549569382905815040
543359553409007616
543450524050534400
543450033233092608
549568477397549056
543189971033546752
544368789966843905
543537607175462914
543813654169526273
540191528979681280
544888112506499072
544319873678344192
543761575954636800
549882677793259522
542985500215103488
549603221728395264
540830513326333952
543697095203385345
548821183617986560
542350877139664897
543475262378094592
541947554842574848
549626185760911362
541480843928023040
541381794541494272
540188573786710016
543396666045644802
546955126649671680
549526515353124864
543469726295265280
550296568494960641
544075047627808769
548728960226324480
543533067743535104
543872873044406272
544070812802617344
544914828633333761
541705839544119296
543451119012552704
542675534778732544
545333225191907328
543677391361409024
541079159150108672
549904638041133056
541363712284585984
540185901562093568
546660063688290304
544209364068737024
543365477066498049
543536511883280384
542887031152443392
542346351619891200
541804990902599680
543762403683741696
544319288384188416
544171193335832576
547754484789571584
543470593505779713
544100857977921536
547334462921777152
544092924901093376
549645345626816512
549754892437315586
543779092710297600
544145594785464320
543818471780651008
542721557316239360
544456415448801281
543534901015113728
543472904994705408
543207292389556224
543011958468145152
542961665546141696
543359937473019904
542381980407455746
544806501647253504
539413635039117312
548576453202567168
543064765397225473
544662366659829763
543021481215549441
543769843833372672
542722174079873024
543646513243897856
543451785395204096
543695392698015745
542964207512485888
542697510800609280
545219858108252161
542806665603473408
544038592700751873
543060007005487104
545493311457210368
545653081397284864
542481257993486336
542674565311115265
539736610863341569
543675328695386113
546671560749498368
542339095943708672
544083345614053376
546417303886118912
543496267020517376
544079659927760896
541364747384287232
544907926016909313
544720315201241088
544100998240014336
543410432057163777
541612340790460416
549624418100465664
543873597455228930
542461311141941249
543412506396725248
542697587623870464
544131729129095168
544693903707099136
543445320949317632
547592840738402304
543713180846141440
549728923978711041
544117516663271424
541370802113753088
545292625935618048
543723894814019584
543192960729628672
546810311085666304
540608030132293632
547732948431409153
546938198149300224
548568994370695168
543814835906285569
547424069948174336
546769097938460672
543201212494274560
544161517198114818
541940914542096384
540598854844825601
541603358847815681
550366035367321600
546720599855599616
544995755451514882
544549043859230721
543373258980999168
549918261090205696
547847859396042752
542695760484372480
545292665777295361
544721498267979777
542268915460481024
543096421658804224
544715375665881088
544160308302852098
541343935680233472
546745414871818240
550228301818920960
546866531205132288
543471711648505856
542409090115194883
542987699691716608
544713343609876480
542701600079237121
543010826118897664
543466096506830848
547295749357465600
544714523228520448
540187562866786304
544537881042489344
543447383242059777
541498505232015360
544079674452631552
540186894999760896
542699185091674113
549900168955715584
542982215617884160
546618002847047680
549711986767192065
543527600853749761
543801462053015552
548123858503729152
543118256220168192
545274668337614848
549805386870423552
540189460093472769
544652186782007296
543124620346667008
543010409285169154
540488887886708736
544718526510927873
544678422589751297
543175312344096768
544619616593797120
544097170463657984
549572649265790977
544533976816549891
540411803508162560
543552885322444800
543022918322487296
549731735705894912
542697470120046592
545687756685713408
549699714514309121
543910247669432320
543618379852963840
543533128451506176
543656868950704128
543018264709038080
541788216052178944
544917354581602304
544131586804183040
544099590228934656
549574332750368768
543301117552377856
543188217064062977
542697546280222720
542484130999455744
540144946918227968
549593736586334208
543451066214277121
541327191347183617
549732311512932353
547442106944724992
541803100822966272
546194062903365633
543531047045316608
541521888501964800
539534882721255424
543061615026114560
543472596512423936
543801619486240768
549582208701571072
540605977532567553
550265520961105920
544079590025461761
543206520432103424
543456212302704641
544304071109541888
544811030908395521
543463579622850560
549852887606505472
545672390496509952
543513522227781633
542700451930451968
542384709955620865
542727897547829248
549859859693182976
543512818398814208
544550820046729216
542987690107760640
542698853644763139
549570520359124992
543609110730903552
549587609853652992
542339058257915904
542924978794921984
541937180860764160
549572280020246528
548571615932715008
544866567771942912
543326658053550080
542971466472366080
542991773375528960
544209007263490048
549577613950586880
548923023152386048
543855751815761920
543407473445441538
542783344237236225
549620106930561024
549971952496947200
543408032278142976
542869880840523776
542464472296607746
544823074840117248
545333621070901248
543010626369769472
543451034551848961
543558872087412736
549622896046657536
544556210746167296
541780707714949120
549658642879090688
546330649372536832
544082710319218688
544944551098855424
543552433507405824
544687505006927874
544177455494221826
