119063930604752898
117166024540958720
117248565432172544
116481808463437824
113499653458235392
115765563472613377
114727960652689409
113937681066627073
114317736687050752
112841177186844672
116235250325135360
119299126092505088
116222126456971264
115894965263020032
114361751881003009
118395613577617409
115886388343345152
115898369376927744
116996808189820928
116965638504841217
111013313441312768
119482122590367744
117339705661599745
115614313594626048
114672714492559360
112222137049292800
117421593902333952
116607613000613890
116978667552391168
115894207746543616
116263619225849856
119644298059841536
113566512522084352
119333714315575296
114138735951609856
119260614622330880
114787694353186817
112311449128415233
116162218550239232
118507669224038402
115656396032311296
115182075711205376
119327906680930304
119306891481460736
117014186516680704
116971078089314304
115956538702696449
117260507471286273
111683270370000897
117184574307577856
114742718575554560
119042612337455104
118270181104558080
112271567974699009
114794451968344065
114471142470856704
115773392694689793
111526097698570240
117183290624053248
118451247975104514
113130868515680256
115900993081835520
114984229108056064
116232815602970625
116965623841562624
114295243335139328
111541267950866433
118320576799584257
111467754120429568
111579644477714432
115888863112736768
115777395633557504
119514517012094976
114317734300487680
116389753129156608
114808111117770752
118299345467613184
117170026263490560
116944308900335617
114631137762091008
113319517760921600
116661553541021698
116965626215542784
117753286811066368
114567946889732096
117267495051735040
111850454379532289
117217318832058368
114869695630417920
113952002815438848
119477859474604033
117251476908294144
117254905856667650
114294596187594752
111415435416711168
116256484807024642
115882089911554048
114558291304120320
114001409204170753
115993860169142272
112285199177490432
118613264212037632
114826990950940672
113087595453485056
111266353591230464
114740755637092352
110138698955370499
111679327921381376
115893135556620288
118090265310396416
114814063653036032
118062171476332546
110680409444065280
112417879059730432
111471305349529601
119513384252227584
112804883425529856
114847960487034881
112178636316082176
116209477589536768
117246683317927936
117170648043880448
115900732833665026
114149446232702976
117727741461270529
113941108135952385
116223010804998145
116137368033046528
119612905271468034
111717141417426944
119044899046825984
116123803150581760
115892787152551936
119331878154153984
119490244780376064
119383255509250048
115784671459160064
111574043798409216
117251401180123136
118278793466085376
117832448196345856
114149748964986880
111179675077836802
111558136246173696
109618159673278464
119312034822234112
118282094282678272
115252330907185152
113534494748852224
113471258187935744
114819852698533889
115011102886215680
115944042428235778
117251792856817664
115877619093876737
114787000799862786
117185092820008960
111686152079163393
119526691881230338
115909834221699072
115841764375531520
116003156969783296
113330099138465792
119622118462857216
115770518224900096
110372784802238464
118279686458576896
114788244612317184
119312150983491584
109673714110570496
118298499128360961
116948671865692162
115841943711391744
113449888125165568
119480458546397186
111258505415098369
116968776917987328
116258218132516864
118303672634589184
114287767369957378
115627528961527808
111152096044261376
117070343096639488
113935116685938688
112805788204015616
112320178909495296
112112379705307136
114386706639233024
113826710188863488
112684501917900800
117574732940984320
114447667840557057
109067746410627072
119333777297252352
110361347753123840
110724492430544896
114785993856532480
114225626851983360
114794313375948800
114391379802718208
113820681648615425
116480083774013440
116255112929882112
119160529058148352
115969513505308672
114791446447521792
115795876273852418
110395946726199296
114805608850534400
112840097153548289
115944041174155264
114520045324992512
116994707325845504
118717646479962112
112765495370985472
116216888895340544
118335899275767809
119480894934351872
109529604129173504
114856388974477312
119348484276101120
116309466579861505
115883282406703104
113790487848157184
114386131847618560
110695547509293057
117727406319603712
115914104471953408
111013769244708864
115943420459106305
109421528097099776
118393617747419137
112373541260902400
111792183161520130
116349790421397504
113881622612422656
110794984273354754
114375705474772992
116300588328812544
116210855334510592
111665088473214976
114140887063334912
111273764850892801
113829782541697024
117829045340733440
117172073662648321
114823175954640897
115927479566336000
111181986672025600
119513389297967104
115634353014452224
114733974823251970
111772424449695744
112620662593556480
112179105402851330
114367343173451777
111942506391945216
117280832909094912
115207080545230848
111049885427580928
115296561935826945
113251491921408003
116920967959285760
111624906822791168
114434312891400192
111467715373432832
114786262384250880
113796585422462976
116918585108082688
114790813778722818
113624333758373888
117288092221718528
114718941959561216
110919312092569600
109093704429608962
114819941131235329
119515158891606017
111266551704989697
116975441864179712
111686151424835585
117339775370919936
118681969818218496
117246207998439424
117724110104182784
114976159250399232
112627635913375744
114380925072187392
116046569937182721
112535400672800768
111692720849948672
111594687667777537
110139079013830656
118990474450186240
119837934999437313
114325687892054016
116160975723442177
114312905163423744
111008886995173376
114357149844508673
119513393827807232
116902475419758592
114588086230462464
110698279716667392
109261011328049154
116461386955100160
114439224677253120
114370506056146944
109465673654214656
117073500874866688
114782633774428161
118082114565582849
116964999204843521
116970428366471169
110394991431524352
111792120221794305
113905483651358720
115915610705244160
116475741239128064
114139439730655232
115880914105540608
115880921000968192
117293866964619265
119418664029126656
111773117885587456
114238153283469312
112180662651465728
116970942319689728
114788244385841152
116884662105804800
118277418833289217
114732401363660800
114610702144114688
114990012088594432
118405290029883393
115757916392398848
119042607165874177
118328645625462784
117208504225378304
119516254439604224
119642101687394304
117249141956018176
115592211768422400
114927765400190976
112095438240362496
112339445566550016
117367813718540288
116221555024998400
116700788012752897
115883282847117312
113957840246423552
115041752133550081
117248261248659456
114786650835525633
113374196943425536
113314862859427840
116112555881136130
115133938749546496
112697576884666368
110380038016339968
110943485263228928
116902427151704064
119777651408896000
117246958665596928
111791074208514048
117398500995641344
116224466018770944
116089223366451200
114835501386698752
113271171193110528
111665908983939073
115881807932686337
117175804256980992
116974087246585857
114361755571982336
117775545093210112
110391133313576961
116902745574871040
118772871119110144
116279614220939264
114504004649754625
114364227325669376
113863780039008256
110402733529513984
116942417684480000
114788100353433600
116134344325734400
112221626761871360
111827024254992386
114839768826785792
111771554836258817
111467778518691841
118155183824977920
117057846713131009
117168986499710976
115995547114029057
114150857595027456
117008728083017728
113776492634312704
118836195491971074
119391134006001664
117255955309277185
116369311429427200
114986926100070401
110378816450461698
111041102496280576
111768524413865984
116996940444598272
114794113748045825
116590674983391232
110679507622559745
114200304173580288
113866468977942529
111480156270493697
109670039401148416
115880459031945216
109167571244290049
115887966672527360
115339723219800064
114361761678901248
116261804639928320
111469801741881345
118468109676982272
119488260954275840
114361759317508097
117168860456697856
116250754314010624
114795327961309184
116090720057696256
116973984272224258
116972989634977793
113658324792258561
116561192335577089
113732498860670977
109649314917253120
117198059942842368
111309775941271553
116988072415072257
111508172895830016
114794787336486912
116137460047679489
113803965665247233
112459243629711360
111578763074093056
116245621651943424
116221498762592256
115906089559654401
114414479395139585
117796536234164224
119344852185001984
112605040304332800
114933972760399873
119888020148203522
110681792595509248
116252601527451648
119513385829269505
111467781140131840
111409953469771776
117275009076051969
115885384352808962
118281517351968768
117133973813071872
117153280668336128
114926018015395840
112350796796018688
109427877321248768
116218181063942144
117256829507084289
115954867356450816
119482374881939456
116111128257503232
119345276367552512
109281459709288448
114266332144467968
117133969102876672
116986857308438528
112178705442406400
113032436950114306
116965625699643393
111120880196788224
114370176199307264
114360628654776320
109281358622367745
114827894697623553
116965625452167171
119485182301585408
116608253743472640
117257597769355264
110680794342752256
116239737219596288
118840916420214784
118713841268961280
114856380854321153
117821930425434114
116948663196061697
115944045653671937
114434201306148865
112733304897282048
115883282360573952
113790857211162624
114137763573534720
112555895627583488
112079185765335042
116978447678582785
116946567520460802
115067073935314944
115944928697270272
118349178941358081
109113298972192768
117397960685400065
114356407997972481
114283756348641282
114294476729630720
114640848708308992
114361752132653057
110681010693353473
114361752208146432
115772250212401153
110948825312657408
116966099416924160
114360166312448001
118635283943133184
109246636668092416
116965627029233664
116227542666584064
114355386517168129
115789339304271873
115838507582365696
117246054377865216
114408406995046400
116308638632640512
116164578085310464
119407801872289792
113633084817149952
116619772275343360
119852705639448576
114381922641252352
114112221868601345
114662269979336704
117175473729060865
113598420614250497
115881896126332928
116965624336498688
114789203069517824
119670127997366272
114588242493452288
114317041946738688
116958002807980032
119496600572792832
116990239079280641
116965625645109248
114427379778207744
115181361140203521
114361053109944320
116232334835056640
111822369953296384
110754095912058881
118278494911340544
112026876331044864
116217481982513152
118001963991441408
116255630360186880
114295129824706560
112266865484632064
115878864802164737
116459436826050560
115654975924875264
112215068418113536
115880044785700864
116255171369119744
115261186731294720
114806288092897282
114650419086639104
112384470505635840
112271845788614656
117397851612524544
112756696102862848
114745168015536128
117203862795993088
118886055154954241
112191226433896448
115487969011433472
114787693229129728
117723972858150912
114366027801968641
109282240869056513
119479597610967040
114196360458285058
116445326407237632
113541283238252544
114883790043746304
112630559552962560
109619672210620416
117169220642537472
111861991999672320
109487826508324864
116221776039653376
112308195560652800
110052596936491009
117579847357833216
116213587646758912
115412851878920192
116927557194088448
109427620856332289
110680993052110848
113990437680844801
111205851754266625
114876370768756736
116905626076065792
113837355873472512
113488543409639424
114877002510643200
116997909639208960
118822781436690432
115705821043769344
114226613343883265
111425666481786880
112769508481052672
118381926741573632
118277420146106368
119320585863049217
115885201191739393
114856393370112000
111588035765878785
118156689982763009
117724111752540160
119348156856143872
114294474418569216
114412339750637568
111473482721800192
112278615248474112
114786998300053504
115868921931890688
114160243109404673
112795077428002816
115882881599012864
116024369460940800
119476935830159360
113487487359389696
113280118817947649
115880915506429952
112290620671922176
116058148887990272
115943629285101568
116965626429452288
111477052133228544
111385581841432576
111676012290510849
114361751889395712
114899136536522752
117187390132584448
113516373791092736
112524172789420032
114317733809750017
117070086161969154
115893353429729280
114361552710283264
112724795912753152
109280510995480577
119837311537135616
113898336548950016
114157618406240256
115776391831764992
114359887957475328
114380421415964672
113935889855557632
111374579225722881
113221958665109504
116252732976939008
116169768670732288
114361051096686593
114792614720569344
114213017759125504
109528676537860096
114983685463351296
109788584550203393
112220761766375424
119516956922617856
115184681204457472
115881384412852225
114786383759015936
117808037464510465
110840957301301248
114633826990436352
113821469670256642
116256680458727424
114786392529321984
112783819580506112
116450100628299777
115150068465668096
114825907465760769
116103480237764608
118395426566176768
119514512842960896
114519343861219328
112275849771888640
115145928276586496
114455896414879744
118975268739235840
112181307852861440
114802759089389568
110736546373709824
110379032159338497
119594820439244802
109437141037232128
116604219108233216
110681482162483200
117161976513314816
110142796635189248
109430717435494400
111650213382459393
117224975496261632
119484343059095555
114794722349940736
116131174853771264
109730432865673216
114175597927866369
112842605632565250
117174395226697728
119691025072668672
114303631343357952
113820379650326529
116221649539444736
117358232216936448
114790648846094336
110790274388725761
110698487649288193
114471519551369216
112184679578341376
115700482307137536
112026957197221888
111244710651244544
119093955462828032
114570052455497729
109674653626277888
112063680794992640
111801391651102720
116972104297086976
117015797334937601
109450996052279296
110143555732901889
110149595337736193
113937409003102208
109793791795404800
111588854649200640
111471412740493313
115880613466214400
118743579173715968
117878333349445632
111947184445980672
111054043446644736
117712771692511232
114599828427784192
112350797685194752
115184895218819072
111845136090136576
114785995165138944
113947228019752960
115887965678473216
111679903195344896
114587560554139648
115880296041291776
111858466959798273
114956900726087680
111651948813496320
115880914663378945
109528678282690560
117062588898099200
112187791940648961
116085035769147392
118974624477364224
119818649778397184
116122213278683136
114809670295760898
117215865241473024
114296552880742400
109616231224578048
117266294549651456
116543519262380032
114304857099345921
115879880314470402
112754957777780736
111652272773140481
116965923193229312
116256591199748096
116972221129441281
114372789309411328
114856384935370752
114291742743867393
118749900178595841
109484515776413696
112218887235440640
113888417863057408
119589042898747392
109528350304894976
117251516338929665
114792208099577856
114792175056863232
110948828156403712
114360858913669120
116132123093647360
114285535886970880
116965624357462016
115887966412472320
115886015201288193
115394730610786304
112271662585614337
111558531504812032
116975824359534594
111240262772195328
116235660268023808
110692688675880961
119542035521880064
115888852597604352
116251057046306816
114372862390960130
114363337898336257
112004253450645504
114315376170504192
112353972014153728
112212426363121666
116415179717230592
114334624116768768
116944386838900736
111250306939109376
116109068057329664
114289560262950913
119629214847733760
118073949727883264
113220354159288320
114794310603522048
110798733930807297
111236097559900161
118773364969054208
114315121651752961
113775765790789634
116247632518709248
111306203736453120
111470198355279872
110402812185296896
115151055691579392
115362226608680960
119478398321049600
118975020256071680
114317736296988672
114283756633858048
111903622035550208
116965816355926016
116903212346392576
113219708605575168
115592453255475200
114785993290297344
111899360450711553
119741104294871040
113775594700947456
109586140704686080
113938913558659072
112185071431196672
114792616054366208
119671325727006720
117724112713031680
117009017905217536
110630740676452352
111675027325321216
114786383045996544
111469349067440128
116948116862808065
112184496983519232
113465964414238721
114367971190779905
111269945748365312
111763404045303808
110682737333116928
116969647777124352
112401164519219201
112128621489045504
109624762350837760
109281000965668864
114359714170683393
113295964810383360
117075455244382208
116222298998054913
109700927967068160
114331207591936000
117245872990990336
114786997666721792
118277421672841216
109119419606769664
115884892520329216
115959466914095104
115880901757517826
115981010285510657
119818665859358720
119319351752003584
112535564133212160
116972326674894848
118718065436405760
116137782275092481
116137527013945345
119043033986641920
114440097193148417
116820292122324993
114899255247900673
118275057943445504
114790642491723776
113981496993398787
114790431841206272
119312154519273472
114897627199442944
111859833405317120
117303567295057920
112559735223484416
111840065570877441
112203165914509312
117279665969840128
113938619407933440
118518580181602304
119108632666316800
113297239719419904
114563191555629056
114795077339058176
114792613168693248
114787363267416064
115885562409398272
112183502379814912
109470024871329792
117333512830464001
116476069678288896
119399349544431616
114791448599199744
111308222555631616
114370160969793537
112183542133432320
112914784038563840
119110749112119297
109496901958762496
114515795530350592
112741206647250945
115653013519077376
114360166098542593
112914027620999168
111425794261266433
113906301653889024
111847235226042368
116307803374747648
115772643550052352
111120400825585665
115880295420530688
116976754907811840
119514511899242497
116320780727500800
116948661459619840
115896107300691968
114152612705746945
114121982399881216
119476767542091776
113504097428193280
116279453507796992
115886667100979200
116598651127726080
112430502346113024
117263312894427136
114785995559403520
115784386586222592
113195779849592832
111652967324721152
116935453206257664
117586555174006785
116968989720195072
116995546622869505
112627778955911168
116116730434174976
117255590564212737
116902390652878848
109722421602426881
116968873542172672
116975088754110464
119317663133597696
111487192253206528
114231775177347073
111648116985438208
116017478190120960
115887965967892481
119549115951616001
118204792370769920
119160533592195072
114543205218914304
116985998226898946
114816847416803328
117152846717272064
116221344970055680
115838716404174848
115264657324912640
116986854179483648
113891289837219840
113235591428182016
116052913989750784
115880915992977408
109513496709967872
119478053352128512
112697474208112640
116267251920928768
115378536323366912
114252083649187840
116481911538466817
112104945360191488
116254880804511744
114822953924956160
115881968037675008
114124429184860161
117310560990806016
114790673412136960
113938909129478144
117585865982750720
113938214519193600
117890144945709056
117245590643019777
112755635153666048
117036699401461762
116965632003670017
111768701644193792
116133407737647105
117157948966453248
114733295337619457
113935892367937536
116258531765792768
112376598610722817
110681131304759296
112267794988535808
112304158631137280
112449430246002688
116948661937770496
119521097099124736
115996110245470209
116550893415043072
114786357901144065
117245734771900416
114381132648296448
114149645336326144
117260267192197120
112178705324965888
112033003617796096
119837785493479424
112507393115570176
117744726807035904
109692840359100416
116120829934305280
115183942021292033
114813850053918722
109626986170810369
114500031414935552
119800639621574656
114422995493191680
111179260265369600
115883282842910720
113778543909011457
112752158356684800
119089441812914176
113779089868984320
110713128903376897
112585318317830144
118319684155224064
111859861981110272
113547094735859712
115770508145999873
111468876021252096
112334274992160768
115181930227580929
114808693551415296
110524074740039680
117164059513733120
114789701965189120
113160761588727808
117109490473644032
115886069752401920
116480083883081728
115548207626452992
115771373221195776
117365176193388544
111409820812316672
112271965959622657
117749035724574720
115881874697633792
114786442550575104
114374679027912704
116267243767218177
115883283744690176
111169101988241408
114935616231317504
109119903377784832
114642092793413632
116099645297528832
119514510506721280
114566604968312832
119322246002126848
119887399827406849
114435443189231617
111655324271915008
115916812562083841
115878865955598336
118984884902563840
117047996927049728
116068444767657984
116122261873901568
116137377793196032
112586114707103744
117158608357175296
115832532901167104
115887966295040002
114357568876457984
112199518136713216
119066703354277888
116902211564482560
116378369691619328
116220154857267201
115379590653939712
114287766354923520
117728690284138496
112638659404103680
116466760407973888
113940161989054464
112563823579365377
115884402902433792
114785229696270336
114734442270048257
116137358931410944
116235583478710273
119486516585172992
116965808982331392
119508888126107649
114292171686936576
118282098116280320
116258730995224578
114550959438430210
112782018663813120
112024047122006016
111493117877813249
117819389646077952
115884598440902656
119312034973224961
117168555090382848
115883902693941248
114265883458809857
111780014931972097
114117321676685313
114751853689970689
114247015239655424
114361757778190336
115971284885700608
119312484988485632
116967579960086528
117172980961914880
116967049439354880
114361054481489920
113622909754413056
116965593009233921
115477860663300096
113829970069028864
114798133015347200
109624756898246656
117170924419158016
114805705344684032
117410079862562816
118400111222079488
114354072064245761
110689500346322946
114968921492303872
114290385563557888
115885411791941632
114787982401208320
114786385164111872
118508582009446400
112285274054197248
113937196389638145
114274646253248512
114786384073592833
113517742430224384
116942954047873025
113843045358764033
119527165002911744
117059036867870720
112758248972623872
116981630190620673
115855132553527296
113409852054835200
115778415273050113
113505928418037760
115883283589500928
116235576218365952
114718938163707905
114287894662873088
115898369284653056
113780987070128129
110234960509677568
113090927001735169
114989916345204736
119224234156363776
116063101840916480
