207050424719642624
199054937857064961
206596120112152576
199202256212594688
198471031529291776
202498534409379841
206386749142859776
199778206495150081
202329044941942785
203517408625958913
206370419329089536
206351231906615296
208259349582315521
202186496487325697
205889913441366016
202486061874675712
200594425079005185
208250618098368512
200233619384578048
208239115332878337
199787185904435200
204327750641778688
202730679048482816
198373270934929408
202646555394715648
202173165856751616
202769255429713921
208269530080886787
205410349179088896
202406641101058049
208345829415731201
202487314088341504
202409909336289280
208235049802407936
197342605892263936
202791846492114944
205888749853351936
202136865262927872
202290077961957377
197326708272152576
202522330147209216
208263731371704320
202639365099372544
200353635870318592
202405549638295552
198038282054025217
202645757747138560
205261382327873536
198806492852404225
199737935552188418
199798401766920193
206340571093139458
202131496578981889
202181235966091266
200756730676785154
208237656822390784
203852810251534336
199025781182185472
202173163566661632
202460839511461888
202138751898632192
202173583668166656
202646537476644865
208239115232227329
208240526267396096
205947257277784065
208238721051533315
202180339983056896
202522323033665536
197815835232964609
202687321127141377
202408580643700738
200976715948900353
202562668756877312
202704118148644864
202951943595900930
207121683692273666
201172580835667968
203056689568690176
202196844078571522
199741931092320256
202794145666965504
202660809648771074
202338199262076928
205965828884148225
205448878449885184
202405626859630593
208251810077622272
202643376280051712
208239127177605120
207498443491508225
203208774645846016
205670991156883456
208239114909270018
200924968664571904
197324960333709313
202498105281744896
200022362073219072
208237381617332225
206848411624947712
202931977190518785
206356083609055232
206342931618082818
197629888461672448
200974011084185600
208275492770557952
204633982279749632
197410653827375104
203475544866697219
197125799164387328
205937894462992384
202523236813123585
202951943616860161
203316757346271232
199874590460231681
202149960924405762
206848409280331776
202471183592062977
207048197170925568
208239128087773184
202466585003294720
202334641154293760
202186479252942848
202406924120096768
207086455485501442
206449382390906883
202199186492497921
208238980859314176
200916372476268545
206370157763903490
197786474027032578
202885064953044992
208239114645016576
200991058753093632
200185493147746304
199905840877154305
200062726255554560
203033391233380352
197499287486214146
197325236784476160
198702904692047874
205983202865721344
202421858598002688
208231681444941824
202794037722357762
199740652576182272
204530996446629889
199053907840860160
203906804005085184
197610108128206848
202534779944583168
201412185015058433
206565783936045057
208238643725340674
204618836056604673
208276634204246017
208239115018313728
206433362938826752
200552885510082560
197942343410790401
202207307659083776
208251601624891393
202184540897280000
203480745833021441
199743444950851584
208271938001440768
203452288386334720
206414916809269249
208306976692776960
202436282331308033
208236525673123841
202180365048221697
198382186934697988
208209709415673857
208314590780588032
202644496289251328
200595529569271808
202182910676176897
202173584532180992
202180354776367105
202359424642330625
208243337759698945
206065262531846144
202175097153388546
206460108669063168
205997133311131649
202208074700816385
208235053501788160
202362769209692160
202180346727510016
199746553689284608
199215220529430528
202401167693717506
202013565127888897
198024146599415808
197943581871316992
202181234238046209
205082079162146817
202181241196380164
198328744140750848
205760241529401345
197585947242663936
197118123592253440
208275843401793536
197601935849820160
202514241574543360
202176523174809601
197690985713635330
203997325314637826
207554471318929409
202192172487933952
197865726407737344
202701790796460032
202429471461081090
202793535269908480
198035717190975488
202180349986471937
203211144448585728
208229387802386433
207642806448173056
202151301717561344
202180336468230144
198076528800698368
202461970161598465
202424026122031105
202179442116804608
198430249694924801
202184947576995841
207023345626120193
202760280948736000
202509989837930498
202344263911088128
202119615302742017
200982317630623744
206347903550226432
204319231184080897
202283306002300928
197143053075615745
202215328082702336
207417534817898496
202203281521512449
204520435549876225
203494383683764225
202792158196023297
202188327649157122
206126191810322433
197600539150782465
203595443748352000
202366609849987072
208239114984751104
198429371890012160
202462187711758336
202173161956065280
202943377350725633
200978839747313664
199808088721731584
204244866350321665
207956529587044352
208247488245796866
200498148525875200
207171918686732288
202201699027398656
202186491064094720
206703198239588352
202792032308170752
200835065285066752
208252076323647489
200222433578450944
201979860833419265
202758893900791809
198026815946768384
202406381754662914
208248170512265216
199666755654795264
202467709210992641
208261998213996547
207705384360747008
200944876379062274
208233891222396928
198578262836903936
197258766981402624
202125217106116608
208244349811695616
205400431466266625
202795737799606274
202203233358331905
201245142433284097
199381066845396993
208315539376979968
202746570502971392
205353926592172032
197840387505799168
198578019667939328
206389294791790592
202484748856197120
208231348547239936
202403878082322433
201925701899784192
199038091456028677
202403809413181440
208224831144079360
202130674122096640
200933022298669056
202136973455003649
207479432619900929
202673609381134336
202180324166336514
203492658704953344
206486656939851776
204136965241716736
202489613128966144
206341362407313409
208247310226964481
197858737694842881
202206857329258496
206355394442969088
203707466301710337
202552046623260673
198444969336373248
204572443048816641
202206874010009601
202388283328704513
208251085851340802
203051712179740673
205081877554528256
202984618901774336
205082080273629184
206340575610413056
206088891281842176
206419241468047360
200229909266837506
203541536951119873
200549129523445760
203855909888344064
207943476954923009
202403990112186371
206444927608033282
208222790858440704
203953118491320320
198338911574032385
202792716856332288
197295631168061441
197689190505390082
197961227652177920
206345761070399489
208239113856483329
205888614155042816
206069860931862529
202932778076090369
208239114661793792
204609749856157696
205674026763423745
202358255824015360
204905933359419392
202551239693709312
202659405198671873
208267555931037696
204084053362745345
197970248798973952
204484284470398978
200595306818179075
207785158596767744
200187607114723328
202426164193669121
202345823567220736
200318538215456771
202522323457277953
207199605027381249
202314873990942720
205051229523558400
208231678244683777
199906950580936705
208239116163350529
202132469733011457
202345163555749889
199623394684178434
208238727770808320
202181298624806912
198327849357295617
208221467597471744
203493952081502209
207441302005100544
202563928201498625
207937870097420288
208314549626077188
203494842175717377
204315993365946368
202197392894857216
202173429116444672
197960123723956224
202663488705925120
202318525371662336
206384750133383168
208235056223887362
202191823865778176
203991956479676417
202173162803298306
202792577508970497
201735682232827904
208239114108145664
207113592917590017
208267273062985728
204843886022098946
206143301198422018
200863504364863488
207219420530098178
208225829279371265
208319928707710976
197612159537135616
205890476321161217
203206651451408385
203494487962550272
202176659057672193
203494022944268288
200497961208258561
202417343601704961
200980123334361090
206340566571679744
202896589050748929
202204446485254144
202176746647330817
208239114607280129
197370461749915648
206340570765991936
205155336733212673
203075148096618497
202650816677548032
202606260145766402
200236989193269250
205712972184682496
205082349954797571
202331642503757824
208239114485633027
198115801448988672
202180373055148033
202701543475130368
202796833213390849
199598297298644992
202201698578604034
207246362855751680
202177850793660418
202188335710617600
202275756846497792
198437758593806337
197891798637613056
202175098642374656
208258124279316482
206126334160809984
205682163667042305
202185635535142912
208239134702182401
202130673346166784
201936400625577984
208237496641912833
207292279029899264
201820535745818624
205889282471243777
200870787505332224
202799522689200128
197398453301686272
200974051940896768
206350019031343104
203909440762691584
202651976037711872
202431766689087489
208243243048108032
200834997404438528
201734769443217408
208258532901003264
208324591154757632
207813701594660864
206064158364540931
206392570924892161
203036642657832960
197597578664214528
199597089620099073
199578614973476864
200995301631336449
198017548636262400
204614033565945858
199557620649050112
208238449768136704
207285210683936768
205249558043828224
202175099481227264
202192019257442304
198857141224873984
208239115601326080
208243068976107521
202338194887426049
202181238281351168
199473720891424769
202178691709665280
204517747567243266
202674608116219904
201027295362813952
200232961075970051
206427776125906945
197794960504918016
205697224770994176
198432847294500864
202660809904631808
205205210954600448
198030600643424256
202592821851598848
208258435140161537
200253582883299329
206711451245756416
202419687202627584
198139886644101120
206395102074126336
200916005772472320
199518360877273089
207348087461654528
202030513253396481
202830817976782848
202808830638309377
205559010445901824
202489100002013184
202403811283836928
202175098717868032
203411211855986688
202537644918444032
206348675004370944
202509822678147074
201012304458956800
202177276576677888
200969512454070272
198712018885279744
202173161037512705
208226907106443264
200216962347974658
207660920271417345
204919925150711808
202195196555960324
202218769601413120
202186510076887040
202522756129103872
208239114196230145
199792186638868480
202167321786187777
202212998998278144
203317017049182209
202464862457180163
200190631363088384
197345549148631040
206363072443588608
207521882898038785
208325492426801152
202655636964638720
197342272914862080
200995012119502849
200900014527098880
203243343868731392
205673114510688257
201298478637395968
205668750937165825
202797005817389056
202183872547532801
208239083275829249
202183741722984449
202515248404643842
204992456335433728
202571500157550593
198701974009544704
202191037001764864
207380071277793280
205344862931918848
208304421183029249
208273118404419584
208230812582293504
204645921202511872
203109811997523971
199122159912747008
205033668522160130
202646542484639744
197409382198284289
198044569303134209
200984214794022912
202793000856846336
206347699426050050
200183137442082818
202314873869312000
208321902744309760
207483765499498498
208239115177689088
207866549854412802
204179624714969089
202563575942885377
208246247621005317
200562082872172544
203151468788858880
202379797186351105
197703300093722624
206699994785398784
198953099732336640
198453273022304256
202818747428372480
208222080964108289
208233693674868736
206618503619416064
202223244877635585
208239080155262976
207579620420231168
208319229903114241
206001821687357443
203151713773948928
202984689944903680
205236355507294208
205760241512624128
206079461152669697
202792646412992512
204818277967474688
204015948137631745
202201079939739648
200055660581355520
202646550017609728
200602975566184448
202316698546733057
197184650014244864
205272773336113152
202187770154856450
202171175630147586
197921361077862400
202142807064981504
207849408690262017
202182521264418816
202046809370140672
205448757863657473
202290806659358720
204551248874176513
199846619632500738
199743098782355456
207292578545156096
202379476087218178
198426485839757314
205017741005037569
198955134263369729
202127725056626689
205504067152248833
197334858735955969
202310622254346240
202179577160802306
203494520011235328
197337296373166080
208245993874006016
205264325206753280
205888806199635968
203510163964047360
208323482923171840
207154499448610817
199497915939553280
206290979194552321
206353330291744768
197334060664766464
204538069741879296
200989971706937345
201011476692086785
206036937725849600
202552438388043776
202429643830202368
202177815788007425
200854177415561217
203853245569974273
202458013720772608
208252334562750464
202181237526368259
206356022045065216
206066080874119168
203057048433336320
208196408954716160
202120377705562112
199134085044633602
202210494130565120
205899926620749824
202653975839899648
203753017856630785
206343747187908608
208231677129015296
208239115009921026
204815549715333121
200267511554514944
204135886722580480
198026755162902528
202646537757671424
202207862930411521
198601026713042949
199308781140713472
202363591356186625
202182019780845568
208235304799318016
202837507816177664
202163867621670913
208256646080774144
206375521410490368
197946386661117952
200984615329075200
198429836799246339
202792262126665728
202480732868837377
202180356357627905
208261088184254465
208222694594985987
205889597438304256
205778212410757120
202197601393713152
207721514693435392
206759019195543554
197316366250942464
202355218036424704
201288419400359937
208239113919401984
198694790265712640
208239114955395074
205274235642445824
204913500039024640
202951943482654720
205993203273437184
202181240613380096
208239113680338945
207559713104207872
208235047097085954
202479489236738048
200943393549979649
201924577734033408
204640724912836610
203440357944459264
202495375628705792
202180343359479808
207078909819363328
197316540192915456
202552530847272960
206433363026907139
208232641399500801
201166379750146048
208235936004325376
208168573095526401
208247490229710848
202217273757413376
206710676721381377
202180350435270657
204632227294883840
198556407111495680
202475808751751169
206342678630252544
206340567121137665
202173458526896129
206340563996389376
202180357951467520
202405388971294720
202173463337762818
202171995440422912
200916203009617923
201003248918859777
197703028927774720
199469907371507712
207050962056130560
199795171414638592
198783578383974401
202347320338153473
206358286067441665
205670101041680385
200834921839861761
200973565552635904
205366795983519744
