307171200264728576
298364831021531136
303468200065110016
306240399968706560
304986364078850048
299010682513403904
304991917094092800
297433039561166849
302463940963729408
304668469205549056
303463384475639809
304204925758488576
305094364328235008
300008129620496385
298834386458132480
300875983882420224
301176656855453696
304680097468776449
301455070095089664
300026695266738176
304256407585316865
302418142532087808
302421942957383680
304195667167944706
303033942049701888
302326927350435840
304731249065480192
304797712036020224
305760288542687232
304372743485390848
304694509449662464
302609209302867968
303258299145547776
306531850992627712
298206264717086721
300312693540286464
304096963748585472
303709004616568833
303447909100298240
306583193555968002
304181296123506688
299894481833033729
304969171131850752
306814189152915456
305086949344047104
301799703249567744
299173985562796032
300373422775623680
304436508016902144
305087066042163201
307071942085718016
302176562814525440
300892394692419584
305277160665538562
301071021509849088
302209436938801152
298843764372406272
299478975665811456
306477724258668545
299433085844463616
301142927541927938
304670677997338624
298415654686576640
300638658149634048
298849354515623936
303704197319249920
302439965701328896
304590097930657792
304828693770018816
297342097034452993
304818599372140544
304759765354029056
300782102994092033
300096186684174336
302423593537642497
301524175582015491
304755859270033409
303140780200038400
303496044342300673
298705360053747712
298833503653605377
302523640082202625
305806827709399041
304673484339040259
302436939162849280
304759727190061056
300832140235517953
301520306382725120
305782453505781763
306429723867766784
303401975310069761
304675589808336896
304729338874572801
304987674849198080
298556330149556225
301048760836968448
303561832730349569
304946260287303680
304944979246186497
301451485189902338
306009625088634880
302903645802995712
303174928792944640
304982239031205888
300915128474423297
300701325124046848
304735630699679744
299991592729735168
301104602378559488
306489311233183744
301018625584799745
303508662318661632
304729561671794688
304761135889002496
304497786680922112
304507739965620224
305000719482769408
305114483519533056
298062276353728512
305006432472936449
302479136998440961
304305235680182274
306453959579668482
300886752623730688
304490215773446144
300625912817401856
302785593019092993
298623147408781312
298623953096802304
304497242780356608
304690650203443200
306534832761106432
302429501294522369
305834446085578753
304760749799129088
299552323141775360
301152384523051008
305277106261213184
305041823410298880
304991652295090176
303449394274000896
300310531703705600
304507741647556608
304690446452535297
304673487719657472
302543224898191360
300897985133420544
298479744943542273
303708584758370304
304713283695411203
301721028646805504
300603040916987905
303571312754966530
304567118911922176
298117300266086400
300311272782704640
306001073926205440
304758446824239104
304730705286529025
298178450567622656
298577216588103680
298805174879780864
302429820028071938
306517799994535938
297615112657850368
306517253329915906
303856236066111489
297249457593016320
305748486542983170
306535283879464960
304758173603069953
304292191801589760
305577757235109888
302068938492223489
304673984413315072
300602657033289729
306418286185295873
299540834108469248
306852231985102849
304690420154236928
299377396509986818
304753598292692993
298343187758579713
304839758302019584
304464485488410625
301152011758469120
298585742303719424
305086970542034944
305784671512444928
302845441974890497
305012668035645441
300361061385781249
304681111852834816
302726777724354560
303503891163643904
298769774207442944
301055659531726849
298626130464882688
298809487328952320
302903835385540610
298199225257324544
304668568727998464
300607821014257665
305086954586918912
300310064579874818
304504832616706048
298066457282093056
300702846293266434
307233695260110848
307048492583493632
304986420282523648
304724223044222976
300658364227133440
298594526933680128
304676174091677696
300309067103076352
298622484683583489
299969164930592768
301143645325783042
306524920836395008
298597041741901824
300604722145026048
304676172300697601
302458041754873857
298492960679555072
298445248592506880
298263352168284161
305025243406299136
304840242119188480
303296805876146176
300841735859339264
305006422482120704
299548199620857856
304758163461251072
303357218433142784
305086881614422016
307167648213524481
303494322836369408
305277034811240448
307011037113225216
301700164773625856
301397221235122178
304497248195190784
302843159904395264
298508715747835904
304176110013407232
302119940754903040
304955552260317184
305985609657360384
304863201043050496
303240120763547649
298264170980339712
302203880664608770
297582833583673344
304463278019596288
304759708298907649
304601334055849984
304682850047893504
301453816769937409
306339782659809280
304499921082515456
303503900911230977
304690722609709057
298263641139056640
300615860215750656
303466588840017920
304580030833491968
298501098287796224
304432887359492096
300884017228693504
304675584418664448
300726569893232642
304678178817990656
299564631016480768
306504056527020034
304985656990515200
306011621636063233
304807948599832576
302433286574190592
301783967969992704
298420721770721282
303071388498014208
304996951953383424
302765658754666498
303608697593143296
304732376511152128
298342657690836992
300608022080786432
301520005701459968
303494060667187200
302101690591612931
299154101256732672
300609336433074176
304763890321993728
304411462686871552
306780725670203393
301000342244556801
304122584251904000
304690470901149696
298622696856645634
302783833621815296
298260573198635009
304758161536057344
304548321622646784
303577775518928896
301323789327806465
304645331730169856
304465529853317121
303034479423938560
301691084885610498
300732045049602048
298381452939255809
300968716076740609
304758175763136512
300619030736281602
305068252231520256
304590834047787009
306585904988958720
305679908217188352
304992741492928515
301050882139750400
304896331112124416
304704859498745856
302153063999877120
297760318740901890
305087075064086528
307271259106996225
300615937747476481
304497302930862080
304980746249048064
306451921525407745
304715974756687872
302062888510701569
301301365739778049
304758451622522882
301011239008616450
303596540302356481
304188213814247425
307270896895262721
305008141144309761
298743255821058048
304524517223579648
306475312995262464
304728947231424512
306263312981692416
306489524052168704
304780774324969472
304348404010598400
306841878798663683
300747428649377792
305000476573855745
301696855824281600
304759754985717760
304674062758727683
304668161498832896
305010763997802496
306339548491812864
304262926460649472
300825040067379201
304690468430688258
304497238799949824
298719189865230337
298627901325201410
304995266455556096
304759379549380610
306924394721206272
299268887403429890
306525513562853376
304688836200521728
305089341967966208
304952346604077057
300879121418973186
304423545893707777
303435328344186880
303103592267661313
304758210827538432
300365632749305856
298447679162310656
302049972017299456
306417582720835585
306003723656781824
300229978488963072
303899926318968832
304681767569338369
304690529914998785
304331064489418753
306011447899611136
298263843770085376
298497193768267776
300865061969350656
304975155803865088
300608764262899712
304759370791673856
300474568047480832
304743988802514944
304728528312745984
298499244833247232
303269641466290176
301008545472733185
299241384353861632
302419932086403072
306703810376638464
306816540425195521
304732259003543552
303827381976694784
303975491789012992
305859176784097282
300968834607767553
306807377104105472
300619839947558912
302452656524365824
298509082304864257
298056000307605504
298624300666212352
302841545495805953
302783793037709314
305474955267686400
305087083838599169
299408020662796288
297413869280849920
304963299508895744
302077596898832384
299390040591708160
303208580423745536
302493531233193984
298461363204915200
305036658565328896
304759771439972352
297538523702099968
304702043304636416
300626558585028608
298074041867198465
304637264615571457
300082520467316736
306583319775174656
297935686751907840
300631166011207680
302616177732091904
304485373688557568
302451700558606337
303596641527681025
306905403952869377
298527606884663296
298448372304576512
305087104592011266
300310793889669120
306515539214352384
298828533847949312
304284551201558530
298709840593825793
304507753802649600
300988290377588737
301043730570412032
298626880297373696
304676338302865409
304679014759555073
307271999292596224
304691555527168001
300732289904701440
301080162253017089
298517983347744768
303166966993149952
304801999554215936
300870453793267712
300866364971810816
298695558795780096
304252090392391681
301669769030017024
299016897226231808
298500373524647936
300370981183164417
304992990202568705
306953451814924288
304820658334990336
304688518800760832
297899046603984896
304925130390372352
298575852369760256
299255609663045633
303437942557396994
306507399198556160
303356876274417664
304675579012210689
300930203075624960
306507373068038144
297422481726259200
300605251868835840
307254806634983424
304668927932391424
300620817530769408
304736431090311169
299095256215986176
298264227972538369
304742316625780736
299540834011983872
306335406239121408
300872847428046849
306682781872828416
299261836631625728
301178142742163456
304347903047106563
302803378147303424
304768025272393728
301742537775927296
300617117500325888
304688512844824577
306491299161325568
298798629769056257
306329175629918208
305027937428729856
302049610963243008
302079776510865409
304531874435432448
300305111597596672
305086864338071553
301910139722678272
303505294854598656
303500965317857280
301575431222595584
300301813113053184
299596913769058304
300834258002522112
304753157404258305
304548320020414464
298264122812923904
297205864086003712
300606227342303233
298796085537816576
300625821029244928
299602430763606018
305400387379281920
302754016637624320
304990660614840320
304704360259149824
304331092096319488
302469078222770176
306503440278908929
304726345039093763
302422861941972994
301047623912136704
299453282777169921
299991953934778368
305986792526598144
303497463170490369
300349007094489088
304742843757518850
297172513266495489
306754177932079105
299174202110513152
304687832797159424
304679702407307264
302423936128413697
306696879687741440
304952799068827649
304992177556185088
304988098717155328
300979049814167553
305087077106724864
304504834072145920
302529347921772544
307048420059783168
302841384711360512
303754684143923200
305200638835437568
304693383790739456
304170386923323393
304673977912135680
304728385089843200
304732768695369728
304176098537775104
300613831305089024
300618849873690625
304670484170170368
300868715497541632
305086973117349889
299387554610937856
306043300677292032
302474190139830272
306517737180635136
305506210403217410
300088761298079744
302491759043309569
301859265285615616
299154363715305472
306507452311015425
305019710523719680
304690458372755456
300619391320596480
304968854155714561
304741818015301632
304758462699687937
305087079065468929
297394087571636224
307166175828250624
301164065278021633
304692096881803265
299925708132732928
305087075684855808
304300946857537537
302080016496340992
301014431498899456
302657645146431488
301377368591839234
300673217130020864
306507408560234497
304990978199126016
306513497485873152
301306456563658753
306357544786485249
304731766961360897
299657444731285504
304732704543494144
300727053198704640
302420246554365953
304375179042226177
304676170132254720
303876176622010368
304759302042832897
304985351825526784
304742307146657794
305291413464170496
303912510103384064
307212069139275777
307172580366893056
302757103511171072
304759836636237825
304553561642127360
303487044825538560
304843957995704320
298464743360958464
300881112236974080
302901060597592066
301402633749544960
306042276457615360
298288150512558081
302103841225199618
304671659481264128
300734382023512065
306524824686170113
300909266125070336
304573369691537408
303676442309435392
298156680523415552
302907048486645761
304675993556238336
299591553247244288
304263148632944641
303071844695691264
298828874169606144
306798074385293312
298061377833152512
304066660103487489
301363829739229184
304793704529555456
297158353069670400
301398161983934464
298710303603040256
305015860567891968
304674744983248897
307206050426281984
305222118386315265
298809559739424768
298879573565779968
304940089216217088
298625459934089216
301035587614408704
304730897423409152
304687263961468928
304987698383437824
304673986283966464
305086993862377472
305086977173254145
302084821289680896
306788913811427328
300663755287707648
306895320921546753
305010142875906049
299684071632687105
298523442620289024
298622627403145217
297145840835915776
304470299359977472
304704860476043264
305279925227769856
304758462842294272
300635311812255744
304763146000793600
301988993648705536
302454189391478784
300966069173096448
300659064965300224
301204983351758848
302075313414893569
304491141766717440
298020988543725568
300841810266300416
304695049998979072
299925154371338241
304758172722282498
304679014742769664
300482344953982976
300657290825056256
306409875548798976
301940468730703872
298678913041829888
301025494420295680
304706262304698368
300865500676751361
301013052097175552
298432895285092352
302798595902545920
306503157947695104
304685445806170112
302426154982318080
303975693824454656
300618513968668672
307164774427398144
304728497526550529
303186666661761024
306507386326245376
302452454577012736
304530914527047680
306503398746902529
298524421038153728
306454539819696128
306519590421274624
303887156148072448
304282229213892609
298057979155075074
300654292099014656
298795318357676032
300617171657191425
306418848851189761
300746091073249280
307059347685519360
299095439494488065
305210152385126400
300629861138038786
298053400082407425
304677487659597824
300356232567459840
301000711439785985
306828854553620480
298820443157192704
298809660599844864
306519258412756992
305087094102061056
298993273777844224
303158841468669952
304497226401579008
304688686782631936
302476184518815745
299540423813259264
303357002204196864
301000382107250688
301117497313222656
301032288702066688
300416653890555905
299126728306069504
304758139960569858
306052711378472960
304675581277122560
298628962354081792
302658695844737025
306899323914956800
306696792907579392
300607094602743808
301504519626448896
298583474170904578
299402804219494400
303916416250302464
301214798014730241
297311160787689473
302445606088093698
306902093837504512
300604207461974017
304533803613974528
306177789768388609
304990804886298624
300074083016650753
301004592831942656
304692043995820033
300305790860939264
305086935024664576
298806316279947265
306434174397587456
306607252939370496
304576830248206337
298780206058045440
300081420544659456
303675434250432513
304693989439844356
304686507665530881
306496228299001857
304758160093220864
297424207158054912
306814274100146176
300616081104576512
304272123386548225
305086956914753538
306534392052989953
304678666561011712
304414594586255360
298396836375441409
305292400912379904
304993999293411329
300931322224988160
304679101153824769
303048937336627200
304588583782715392
298336037594349568
304742442450702336
300740389701296129
300372474414133248
304782682997534720
300865312767750144
306402787456061440
305260359097409536
303425908956598272
302212763923648513
300604020421169153
302756672747757568
301303893663563778
299452603509665792
298496584713396224
304705118253764608
300719190623543298
300930889389596674
299565733266997248
305033303000494080
305008665751085056
304252295493844992
305040293944778752
304531189434294272
304924834717126656
301520308437929985
304996634012553216
301001124939444227
300695753767133184
300823087346241537
298263926280450048
305486338386444288
304602772928614400
302856829652832256
298575631745159168
304738652808957952
298281286081056768
306438703985864705
304733367788777472
306711837246894080
304688476937396225
305083943793876992
300480768650641409
299173755748483072
304966455462608896
301723303033327616
299929635372822528
306507360149569536
298489592129146880
305920697635590144
304729973435011072
304688458599915520
304497250300747776
298631093693853696
298659186949103616
300307054374031360
304991617125863427
298444839295516673
297432958149730304
302787905594724352
305071508227768320
300602544181346304
304711271578750977
307167757160570880
300999054362558464
304497253945585664
307048087954812928
302421465352003584
298811192586162177
304251534663876608
298427977933393921
305086974824415232
305840620273016832
306487588594782209
299257176789229571
298518065631592448
303579460454719488
303508652642410496
302507763156779008
298791942635024385
303467282741477376
298497190702231552
298522792201175041
304507730889146368
302764539869556736
304992687872933888
306507391942402049
300780665480310784
304992140998606848
307235707523571712
298496442400636929
302155453733941248
298803857696362497
300687993897902080
302357310330765312
303418625329610752
304507735855218688
306504772582785024
304678659028029440
298446969481871361
298263751864508416
300606530514976768
300995002501312514
302075311997214720
304692063671291904
305278461809930240
305016375779401728
298460769333424129
302585481923817472
306819026238193665
306086319048761345
304692054754217984
300603562008911874
303444618308116480
298169614955855872
306937282483593216
302935065841790976
304758162005819392
304194127707373568
303241032613638144
306754569688473601
303607117150044160
304759369139105793
304990593996713985
306927743113760770
300953253636620288
306950926013431809
304753085811658753
304541063870283776
298382133242781696
306420742780751872
306530906951266304
305038627392602112
302843633713942528
306424264528105474
304753638251831296
304507764699435008
306586790607851521
306467639302168576
305985611351859200
304689348673167360
298734134581411840
302476356053250049
300891050707402752
306288690408337408
304989986850222081
304728636014080000
300608798228348928
299992303047700481
301518421340856320
304341559741136896
304675588113850368
304497232089071616
304789327748157440
300357450136182784
302176812740538370
306727213452120064
298624379460390912
305188821966938112
303802479483703296
298178258636271617
300430444875354112
304743010883747840
301306827537264640
305015059170607104
305035924155293696
306952362730344448
300707272064118785
306794336719364096
304746688017477632
306538705605259264
304980845595357184
305831312990801920
304749733325438976
304960127998517249
297655706528645121
305087100028608512
304759724606377985
304186968210800640
306844696750206976
304692077483134977
306940318215979008
298574080272130048
304576846769573888
303208501273047041
300933147074375680
304939514282008577
300349289803173888
299894393270312960
300673312114237440
302066420030779392
298498741915230208
305001845720489984
304269203823812609
306238376095391744
301089301532397568
304718675397730304
298454554087919616
302432800429178880
304590173079994368
300985180536070145
300410360916230144
302887980345991168
304758128413655040
299523270179450880
306517529365467136
304694251822915584
304732947355926529
304899378877984768
305705663290560517
300650494660059138
304536787034980352
304681871575498752
299424681432326144
299446292772425728
306466411641974784
306681780751192066
300622938804195328
301998987383296003
304691734615560192
301405518931570688
306557535110959106
304692674395529216
304497231929692160
298684014108217345
305596853314011136
301793923196674048
305002925502103554
298622707354968065
303247618761428994
306394226088869889
306237690486083584
306085917897146368
303711361924476928
305276832297676803
307268884766023680
300649117544218624
306469402608533504
299233184720232449
298478344448643072
304540720834957312
300081272494112768
304535465590132736
304996812186603520
298490261179334657
304684800810303488
304752213601947648
304675654484504576
305041858076233728
307172370450378752
305009424819445760
303508671890079747
301610289319792640
304607087760142337
299116275286810625
299173862493548545
300670342731534337
304679481421996033
299478397749432320
307231780346421249
305081987662753792
301205095071232000
306525513453809664
302075561986117632
299115312333328384
300867472670740480
306454981257609216
301363986354556928
298837549403754496
304992291788034048
298445268733542400
306214692274184192
304171258210312192
302429205252161536
303240191223664640
305193615263674369
300604651584237568
298831107003150337
298461429722411008
304728251429945346
304980791887282176
302769706316730368
304251184917643265
300652793490976768
303614941288595457
306520291327217664
302439967286775808
304675650025971712
298496280513085440
298906543561265152
300865595824566272
303563544975273984
300074392434642946
299974081594400768
306756335129747456
304728355113144320
304702052712460288
301510480776790017
304708431837802497
305086935683198976
304804473740595200
303499409113632769
306628495180701696
304759104281395200
303237062025416705
306243272609763328
298655706083631104
306525513021788160
305086958676365312
297579440274284544
304992118387118081
302424913870999552
302076284488523776
300618287086186497
298204453851504640
304759730755231744
304264212488781824
304688428182806528
303423865202302977
301151676058959874
299974080969453568
299459870573359104
304747589516021760
300864878116233217
302075855914557440
304676891305050112
298054111826423811
302484930804449281
299991012141592577
299410497378320384
303207595622146048
304992794689290240
304759372637143040
305025312448724992
299373278810763264
300605675296403456
302978045512409090
300896690154651648
300578242803421184
306489816739098624
303388045435101184
304728855032233985
303994129199812608
304679209903734784
303226464457850880
304519280903471104
298637823026814976
306207360844722176
297345881609474049
304590173746900994
300651958207905792
304592231518597120
304758448942358529
299978468580536320
304692012588867584
299576904971874305
301181329901502464
300824838174556160
298263649267642368
300428221479022592
299780086817763328
304081728719450112
304695088267796480
299991539248164864
304497186132070402
306402364682821633
301012718465470465
303451579246338048
301184329755815936
298794764101365761
297248840791257088
304695019435077632
302508010918522880
304530696830062594
306513973417758720
307132525174726659
301396823359234052
304757551378071552
301149978083090432
297336727574548480
304669841795731456
302482406521323520
301188060819890176
298656350945304577
300653754527653889
304759744407683072
301503970269069313
306523293849104386
300637697503006720
302456976393244673
306822034820849664
297392207160291328
301269845662633984
300883157618671616
298818591225176064
305004433979359232
305086999499509760
304276881300131840
307159540900712448
298438244801056768
298445238534561794
302054609118179329
306524377187495937
299279193055825920
301570542916472833
304498959785811968
300644151526031362
304769423863074816
304730181292134400
298288394411323393
304675591913877504
298640452708618240
304716008072044545
300715852536373248
300849821059796993
298464397167316995
304862400186818561
303165082169397249
302747472218955776
304840440241340416
307267491959279617
304994746223435776
302657477810470912
305331639721009155
301305902160556033
306439381928009728
300104955807805441
299105273077960704
304413131084558336
300647281915490304
299664352557027329
307222555637448704
301556704078880768
304650017036177408
301365059156865025
304673486234869760
304726153011290112
302050346375716864
304673489573523456
304252092007202816
303628172056997889
303998084386549760
306663918758154240
306503423317143552
306837034289487872
304763171799986176
299992026966016000
305022442261344257
304592226690936832
306903535788904449
306698508885446656
304988240228806657
304758182939594753
302532145589669888
304674913611046912
300651840331186176
301650286324350977
306727232511037441
299403868796747776
306504774344376321
306178611067645952
305000886722248704
303562849215717376
298291462527926272
302758066129080320
306550391699546113
302789841135996928
304497257691090944
298508513725014016
300632204709609473
306507418366529536
306329175466319873
300607072817528833
304455334116851712
304645549120970752
304372744580128768
306564425622618112
302431855586729984
301679573844762624
306754398204346368
304675654312538112
298653053505122307
303873684865699840
302416810140119040
304987917942652929
305086886924410880
305077639230672896
304997620479315970
298781015919443968
304668615041503234
305014435779579905
306681735310102528
298472393826004992
304758454990540800
304497220542136320
304759744172802051
305083915742371840
303291985899421697
298268721322008576
299268773599408130
305318440221147136
298445206540394496
304759376009371649
305086972551102464
306761332500332544
306807513641254913
306441558398480387
300822862896443393
301510482316128256
300606384804859905
306042276717682688
300074191212920833
303072303154077696
305009547486052352
304943394399084544
306524076825010176
302767261423378433
304688520755306496
304283478575443968
300411657937637376
299011232214687744
298780880833495040
306464307166707712
301091245357400064
300949129037746176
298381246801784832
304951778414301184
306701237154353152
304730138032091136
301600699723157504
300610377983590400
306519817941299200
304990915678834689
298464662385745921
306506604893831168
298524933716324352
298634570285318145
301574971715616769
300618826838589440
302063060040970240
303571881871699968
300627277375479808
305305665512013824
300790370760019968
306530743532806144
298264228119322624
301172655086792704
302483104218636288
300411480636010497
300671928069394432
304759762535460865
304553519665528832
304269330332405760
303466897054240768
306466642483875840
300890058188288001
305050320709492736
298568956585852928
298132998753222657
303537202816749569
306456136901615616
299098885182345217
299459868987891712
303241491395010561
301456539934392320
306080136086831106
304504839864479744
300603771107561472
306081139750232065
304814703979401216
304757853535760385
304759743212302338
