1565150744
1614466409
1455982028
1614422154
1523036880
1547610420
1564492747
1481611622
1453737478
1581397917
1646235832
1639072094
1451158520
1524596645
1496479346
1628939156
1639060602
1602903070
1470735304
1500686525
1604065135
1536396975
1640828647
1524100987
1640625808
1524155694
1485964507
1446584561
1524111784
1656382239
1564446758
1455863068
1643084046
1480730539
1640562996
1540859106
1482282455
1463166228
1457151320
1638701065
1639526934
1602064185
1557483521
1639232990
1547964228
1602150737
1476590988
1614457685
1601530157
1564271633
1489445256
1524445672
1652537109
1643023153
1656958513
1448942881
1429818403
1652706567
1536792814
1636729957
1448183569
1641444813
1653036614
1639100027
1463961850
1595944495
1638968965
1616221527
1587134135
1449010590
1615738229
1627415219
1607676109
1533205994
1567122109
1567302711
1640915049
1460570043
1640735366
1639510569
1541811606
1480869486
1640269290
1602649681
1650928960
1455565543
1640500655
1455777491
1528636466
1524487007
1558128286
1627735520
1557695598
1592414277
1639329394
