236442529845878785
230833925902200832
232486671130714112
240719344282247168
240464082476609536
236161890139660288
237852430509961216
236498220971339778
231182813578276864
231070053364289539
240817381075722241
236137458197213184
237825884818644992
240719469062803456
235433772026302464
235872254997721088
235296256770072576
232498520895152129
235938916207824896
232490458952114176
236690886233313280
236182446251601921
236117578282577920
232815885721681920
241387831283552257
237854355741618176
241505501148495872
237393301504933888
236096517772038144
236096754838286336
240054313941073920
241201143286493185
236349944775204864
241613850414309377
236180798984830976
236319805056090112
240706313431154688
235133572011421697
240859888643883008
236147849761525760
236269792150044673
237034153168752641
236219181610196994
232489881878810624
235774058044743680
240891758618214401
236801300338184192
236376838128164865
230996029464522753
236004636933386240
239941570068094977
235779646287921154
236185931915358208
236875058637836288
237003916913541120
239021570348179456
237393990666821632
238252178052100096
236451183152205824
238833266696802304
236109939616129024
236786842681368576
232276051085123584
241535101870157826
236216167562375169
232769870163476480
234751999835525120
236190112411709440
237271282083823616
235854007929823233
236829899774640129
240720700288139264
240708949240840192
236466411281735681
236466411432722433
230947653029068800
240755592581480448
237128306061881344
234701801440555009
236009095038124032
237906496866906113
236242759823003648
237065475161481216
236148961013006336
236470944841994240
240737332704198656
231713425733062659
236855695079784448
233408888932814849
235624201569067009
236092236176179200
238585012923027457
235835313140953089
231602606391308289
237385973930012673
235098962527412224
238039840288014336
240482510608420864
236347064269811712
231222921991974913
234365587810295808
233284957060091904
234730645610434560
237107456310906881
239948621800419328
236044766079500288
236832051721035776
238196189139464192
232487349370626049
233967663867641857
238971684340768769
236784459083550720
239943617811189760
235167035628322816
232336672732352513
240707983477198849
240447232367804416
239859225461923841
236141464005013505
235803867567235072
236318714830667776
236129296354246656
235780032130330624
235801593373675520
236838610538749952
236260362947813377
238826651490869248
240815558268968960
240822310393761792
232057864330567680
236106328744022016
232497909206245376
237644423134056449
233963808853475328
240214573293137920
240811452364107776
237777521825964032
236117228167237632
237343137314525184
232496151453130752
241553580191002624
236425794522603520
239675473913851904
237556247417720832
240706538203918336
234480910987313153
236426761762639872
236444231403720706
236736198264115200
236054911442358272
236185255827091456
237484475024568321
237390654467088385
236421344827412481
237056809419014144
236782613094879232
235231236887556096
237479591168577536
235975354613911553
236044767904026625
238992572196982784
237654737519001600
233944296812847105
235916199530201088
235585160073060352
235772798553952256
232487252050186240
238093608991985664
233689663708229632
238378598065643520
235927370098434048
240385355952553984
232876443183501313
230603844692869120
240440915896958976
239001495184478210
230573443794497536
238670378560544769
236517719841853440
236067463287169024
236225233722417153
236347858268340224
236183134222311424
238953510836785153
231334782343192576
241138588287397889
238652726379163648
232503867684843520
235824944972435456
237538747007262720
236170328689238016
236925460569792513
236353471761227776
236213136267558914
237396299794763776
238944454009057280
233638486664699904
237392150193655808
234517256359522305
233689248665067520
240716146997878784
232824515581853696
232486999980904448
238381770117091330
232927179099500544
236377696505040896
232556156785131520
237331143085662208
234620569767792643
239977410903306240
237901891923755009
238803730840035328
236094395181580290
238831754193022976
238800658109722624
237385278266945536
239224050046623745
240780903666819073
236188903642644482
240137367611113473
237918985339957248
238386194415751169
236270500807073794
236330048418889728
240722602623111168
236186725825794048
234645815711387648
238360226233991168
233629611592929280
236428021240823809
233637295285211136
236440103097077760
232868826432299008
234998655088721921
236876446340112384
236792112002252800
237224750882095105
230506009511215104
238030501854720000
240735329101955072
232495831771648000
238833225181585408
241534002287235072
236804445051174912
241558140779380737
239092467809529856
238770363373330432
236215690393178112
236507502475374593
235798078878277633
238197232132829184
236152450602643457
240163002605785088
237390641875779584
233962904196636672
239238894191796224
236354691389349888
235783232359112704
236388189873512449
236788166357553152
232489462515499008
236787032037396481
236322795884257280
231052579356962816
240705752589815809
235613359679102976
236182178202009601
236188339752013825
240485178206740482
235371385235599360
235094299627372544
237701920272285697
237577771285622784
238660753568169984
239514031923294208
236073874507309056
230672360821374976
233210306728452096
241431083323899904
236137560517246977
235990190194302976
230946618118135808
234752304404910080
230827773499932672
236153260342390784
236791727179055104
236786165544521728
236510244119908355
230576850773082113
233969269610795008
236318220607451136
234553128454852608
237707833146212353
235938742051954688
230993124607021056
239180859217944576
236788237635567617
237390344365432833
239085869607292928
237251558880993280
240191606827909120
236271606702428161
231001429702238209
238606697214640128
237818559244410880
236080871956951040
238969049516740608
235200791630192641
236272368111206400
237647948480122881
236176691985252352
236190095823216640
238835165709860864
237267821363613696
237485169634856960
237392435188232193
239224049895632896
237278647302639616
240175511077273601
236589537877438464
234747686006439936
238290429601275905
240735193625919490
235985750393511938
240888408103321600
236782612373458944
236173415399170048
230463887605104640
233283675045904387
240420727050883072
240368480862482432
231095783305408512
235876896955588608
237895532155138051
233690390480424961
236800488484503553
237582265926971392
236782611723337728
238187623024316417
233103551851814913
232503199058231296
237953965151629313
234667844829343745
236187232069902337
240198631246925825
236171305077075968
235830380073213952
235324559501426688
234294230057635841
235829619721392131
236807051672711168
236131174068649984
236274149893500928
236142991453065216
237344741145071617
241000990541754369
241565176439128065
231101321174990849
239031837203251201
240710432204148736
231383106337243136
230884476283125761
238639228391682048
237665200516517888
237749538390151168
232488707117178880
233125760825700352
239259954605862912
240690386916503552
237390593100242944
236790658499768322
231381626813304832
235664661930975232
240709439605329920
235951229958750208
237229880004202497
241492781841932288
236782611228409856
238031824155209729
240726484396933121
238832954799955968
235780033426370561
237549609252163584
236794320081006592
230669657286250497
235820416374013952
231341125116514304
236006920513785856
238001527992750080
237569025041907714
233701287974273024
236880533928419329
236093629003886592
231056900417024000
231018104363302912
239055643447795713
236562178386309120
236079480622436354
235873149726646274
238009960234090496
235778289136988161
240134651929321475
241611728033562626
239000745687523328
240549469794492417
231375351144669184
237752246195089408
236058402718109697
236591442900951040
236230314542891008
232920652733095936
230932445598461952
236612783096094720
232492587414585344
238282385744080898
240528661130903552
233380160232116224
238409508701995008
233812984152080385
235781215406407680
238459002214821888
236314891701583872
241533656643031040
235826147118698496
236612704578711552
236160412306006016
233402967959695361
236272750296178690
240706979931254785
236783593840582656
236738730168303617
237124462422675456
236447278624276481
232125071253196800
239019467391262721
237885886191251456
236351443488083969
236299140655628288
236786973614960640
233284104567803904
239925009106214912
241534505805033472
232487366042980353
237506271090184193
240363161625182208
236786164118470656
236487109375037440
236335250677055488
232917195464798208
236080398017392640
239983984505942016
236442461533245441
238040990697549824
237180799521288192
231419501575548928
230954267127717889
235963938699898880
240502010716229632
240715676501831681
239876152871747584
234864236453564417
238890141408690176
237069942825029632
240730682178015232
241505504197746688
238440100021821440
240133600211771394
239977972034052096
240715021477371904
237822714298114048
237040749592604672
232384877184565248
231406626794512385
231375390176845824
237989445385732096
236853764831711233
235502556799979520
233363707026108416
237078032085557249
241138165610598400
237193887465213954
239731713171931136
237366637643317248
237695380706447360
237698175232798720
234539970809974784
236806526097043456
231001173077917696
230802614680420352
237079143097962496
231034179272454144
236949717085458432
236790308485070848
240057304672763904
233675685217058816
239946804307824640
239238692919726080
236350500457570304
235782278335315969
240416694886088704
230672366634676224
237009681971830785
232445944732454912
237752138544078849
240806288135688192
234635356325158912
232196978262544385
237386545202618368
232044684023844864
230732712602923010
237655886443708417
237231090618728448
235848713149509635
235822046414782464
240705748756205568
236183770884096000
236754528173707264
235835466845409280
233725134945529856
231366270602330112
231881964301451264
232487108365930497
240510032721104896
235842033628090370
236786457468100608
237902919813435392
232346755147108352
231067053916815361
232520914091274240
233681321543729152
236786972994174976
236406933085622272
236181536830001152
237781489285206017
240741812246028288
237968483076427776
237559614751797249
236456808355602432
236526668020322304
237964283961552896
237608826902290432
235676442996920320
232494761834053633
240417680757252096
238897950238052352
236212346043899904
239080384703373313
237577375557234688
240738352515661824
236141994454417409
238712713633755136
241346975172272128
236517001152049153
235820386355392512
236270504112181249
234104749841084416
232487519332233216
233924708708528129
236606054564249600
235799221666721792
237909799856128000
236189922623619073
237814919431589888
240806025576460288
237654898307657728
231234786969124864
236187640385376256
239876282052136961
237858344818327552
238409160373440513
240706376299585536
235929451307859968
232613556217057282
236190191063285761
236934064869871616
240706787110703104
235855834817630208
235439924751503363
236705557204070400
236390215902699520
240839567970820096
237499332222406656
239890858055462912
236196209944043520
230996257794060288
233485870353764352
241539759300833280
231101047203053568
234658401806856193
231235079580573697
232951432087736320
241505503392432128
236784768551878657
232489078615068672
240453505834418176
235772152824074241
237375836909608962
240724060928110592
240708241070387200
235554799045722112
231368134207086593
237231363827318784
233063191024906240
232557330837950465
236789929143848960
237692981413552128
234867470677184513
232487175323783168
240369796867317760
236692539481141248
236924357136506880
236426761003474944
236156407832010752
236197267315515392
237964816482971648
237224613803872256
240705360917307392
236060468110823424
240369241436590080
236527188072083457
233126671555891200
235776487750512643
241378966697553920
235799420980056064
235758349151518721
237968560184520704
240824935243735040
236784331836768256
236597277517574144
234537461550817281
239773392427966464
233546650176610304
238612784252850178
238825502721310721
235780032742707201
236502866561470464
237869231008538624
231473897554444288
237468492641730561
235835772824064000
230753908329435137
241556787596255233
236999807800078336
231871295992786944
238216127103250432
236184473711017985
237630110830845953
232487200485425152
238606698653306880
232923655535996928
238849686553915392
236344295022530560
235618483453435904
236306183047229440
232494980130811904
236154146498158594
239982390209044480
235772595490938882
232411655957516288
235784926862127104
237692129743368192
241549590355120128
235023129494302722
232592531702038529
236907584098013184
236717599696773120
241077719604027392
233637126493843458
239390598287749120
234988669373665280
230717844575358976
235779206125088768
234552151165259776
231046130912342017
240402279327469568
238700130012893184
232808463250628609
231042373096988672
239390431257976832
236370810925875200
236725963243794432
236177867040489472
234768015672098818
230479850400530434
240724745019072513
236806481192837121
239425483257835520
231341124151828481
240615273823088640
240988715319693312
239053515933237249
235898370454065153
236790287102533632
237854350599393280
232470758113284096
241166004837822464
234104361347858432
240706969592270848
231921252212813824
238457532216115203
240495780014739457
236182750607060993
236393376453373952
238383794875420674
231039129046102016
236394776503668736
237559614734991360
236262636638048256
237235004026007552
238755391272542208
240172551140147200
232048755564748800
237468491983249408
235779151775297536
236402902158163969
236947579718488064
239264133441269760
238550079139614720
232558199771897856
240729112665280512
232526406595256320
235747603499868161
238187724094447616
233283552039555073
238621164409335808
238632856556015616
237609594350891009
237711204146098176
235995882091327488
233242045064556544
234172493504577536
232901730164150272
236067685010653185
236217810257334272
237814222711574528
236605907516137475
233061019772149760
234636924978069504
233684161255333888
235315518368804864
236239401959710720
237751881626185728
232903570956099584
238293952095195136
236048072302538752
233007116397457408
230785689703309313
232486821882384384
235780034240073728
241556737545617408
235359314758471682
236570112335941632
239775270440140802
231394936476540929
236471729059422208
238022918553100288
236426336862883840
234641324404531201
238823255669108736
236428342914605056
239385353138601985
236801300354957315
235314356810825728
240378934993244160
236128192669302784
