364829810943467520
366738167140855809
364872297607217153
365958829306937344
368311613952364544
365131559369588738
367199086413234177
369845141369917440
363277580318679040
363743692936708096
363917109631254530
363317528283451393
364109812998873088
366601144765652993
363730263018594305
368339746256191488
363653251637325824
364719430661447681
364800215955406850
371795850671816704
365821311001444353
369091336395190272
372774600326651904
363307330860875776
364913277236543488
373468764978688000
363426538974216192
364421268050681857
363920792129503232
363891489178267648
363665836755525634
363466008184373249
364135721285582848
364955877410746369
364404452351934465
364391868765052928
363314526021632000
367257529899679744
363608840178110464
363314333842817025
363555013404000256
368193704093159424
370213160797499392
364240916581597184
367137859977089024
367952165861474304
365850641999998976
365544646866243585
363740722769309696
372290646742024193
364251961886916608
363268391689142273
363000478679842816
363898924404191232
363367514597634049
365606855264829442
365755391633657856
369358508702965760
363037540548218881
363242300253536256
363308215175364609
366964916009189376
368860493575766016
367582840873308160
372216161816944640
363664557945794561
362773794131152897
365847258798891008
365619216260411393
364343970530205698
363311301377789952
365656244201078785
367331892980228096
364869808690438144
373558596123897856
370033891655950336
365941919097958400
367691575696318464
364589389365514242
373942110246154240
363905849770512384
363738897034919936
366480497087488000
364327144820064256
363743965192790016
363660896330981377
363354752664338432
365645073234411520
367674547392503808
362988807253008385
363695400949395456
372973366237335552
365585477597790209
371533127685914624
365487345975308289
364354568118730753
368305451546341376
363981616776888320
369090128032964608
368102795083124736
371826764676206592
364955396252770305
364460451809083392
371963060761554945
363286808312184832
364295209523228672
364046822257328128
363268708694634498
366491207213383680
365156709544632321
371225218032746497
363743405366456320
363266930238431232
362794900443496448
364360235260973059
369705830729281536
363317869959847936
365621937843617792
365213610710409216
363620598141820928
368165389131214848
364434736736772097
365793514707107840
367429683077328898
364310806822789120
362795836754771968
368425063604703232
367424545289814016
371510165121404928
363317396901081088
365887939441459202
368570642632683520
362831380238970880
369365146335850496
363903753616756736
363347242822164480
364374198543589376
369133149847973888
365945489264357378
365673122193604610
368570920073322496
365622303704363008
364309244171927552
364833710811512833
363291391381602304
363332783928004608
365621480098234369
370818965100326912
369267681167302657
368697154811879424
364380309305192448
363625583986483200
367957920086253568
364917556018036736
364744076031045632
367415426482843648
363911405142933506
364083775770066944
366400654765330434
365524532808790016
365195635894386688
363410339095789568
373749881191428096
370903650291314689
365749756447821825
367434748131835904
363257383515987969
365807395911380993
369733367882739713
367119894342414337
366982441874886657
367254626665381889
363916307005468672
366654136231542785
369912875550539776
370212286818185216
363333869925183491
365052223874543617
372931033189994496
364334765236699136
371851691932413953
365788646978228224
364932011237974016
365746380007936001
365449081335726082
367883654782935041
369276980673273858
363299521964421121
363782255853842432
367421626507202560
364956033786978304
368520763701096449
366618066114715648
364352378654310400
368191753620176897
366843192529793024
368314937581764609
369685430629044224
373118061009567744
371509870630957056
366858690508234753
363772110797549569
368017972779958272
364378062470656001
364976185047908352
363288925101494274
368326364812042240
366989927633793024
363285219165470722
368855031354646528
364235651140841472
363256599655096320
371514060824539136
373495022173179906
367032887066890240
366048620899876864
364309146713075712
373478427002548226
364914885575983104
364793730827419648
363768543629684738
366481867802820608
364219594354860032
368074415650922496
365693304479809537
372139629874790400
363275077531762688
369605716828385280
364247624712323072
364877045698134016
370734026681638912
364336898098987008
368808991037460481
363264224899776513
370640403558436864
373193030158651392
370726272478879744
373741604697165824
363304236089479169
363043487832223745
368469588410789888
364953427786211330
364689752093491200
363315195092799488
363748808825389056
366975894885105664
363265203963965440
371506692837502976
363645686551552001
368154735842304000
364675328028844033
365895696320180224
368060010137280512
371864248139272192
371262783603478528
365582691946598400
364343586403266560
363276685468110848
373898563261964288
363875770331959296
373479064025456640
372580275659624448
365435680769314816
363293971977486336
364845169637470208
366354038557646850
365086212656082944
364408068659884032
367399689437450240
364834173590056961
372647427226206208
369664215763525632
363822359070781441
363900274588385280
365622197294874625
365600639562158081
363314485819224064
371215899056816128
373703645117702144
371510640134721536
366689893709135872
364495789491761152
364251292304015361
371722086969929728
366335591979290624
366480524144943105
364405854906232834
371482364125253632
363405575704805376
366974073315672066
370531073517568000
363303245810106368
364663819101945856
368189657655156737
368140521660633089
364682376318038016
363270493232574464
364090780551770112
364332805850796032
363269018901168129
372291000560930817
363265939086651393
363272586538401793
365547265215049728
364210210275344384
370210465085132800
367416080307728385
365047716335726592
370565913315393537
371017026099113984
367344956710461441
369758592284377089
364547940775235585
370152086123470848
370385087310737408
369563286120833024
369280957477429249
364672353751416833
363840191565271041
369268540995428354
369319371635580930
368193136750645249
364708792996347906
364357225391087616
370435805954990080
370435774128615424
363311152995893249
368634924611297280
363752916957413376
373786678013329408
364874975330570240
370941047775715328
363639125154340864
363736523503435776
362779146104999936
363019855043108864
365752761427566592
365143917777268737
369424871366721537
367959675306012672
369635244762083329
368815950172155904
365108529264209921
363317250834857984
363271858725978112
365176880124530688
364621994660085760
363899185960976385
363331033095491584
365562794277486592
363102033416433664
372216161959555072
364347935032479746
365435684024090626
365584497653190656
370171564203192321
371526861991333888
364334181666394113
365619192487088129
364953998312222720
370058799647707136
373902793372745729
365588753093378048
369123560758837248
364214309619896320
368629654577360896
364620020602511360
372703422140530689
366480620718796800
371109568215928832
364381142872375299
363303685343821824
367164144148951040
372461449777381377
363385512687448065
364195821522124800
364354767490793473
364399287314034688
368196462468792320
367374239898140672
363908741621878784
364362558142033921
364525064588230657
369074253078876160
370721109240324097
365438033513824257
364832186744057856
364593245591830528
370534041344565249
363272521430208512
368430235823271936
366790875323441152
363768038681608193
362945295044595712
364876433610383360
370247576257593344
369214491868684289
366342986038120448
365619654812635137
364831501361221632
366479712693915649
373317744860864512
364336016041066497
364332916199157760
368051186282156032
363293960455733248
368490545712095232
372588168874168320
369747716416339969
365618991630258177
364738747075940352
364840279352037376
368978649979944960
363114589459722240
370599701713666048
363705157235638274
366739085227864064
370289744535515136
363947673218732032
373172161022005248
364084529826246657
370111505552789504
363899267271761920
369329763904540672
371961740214276096
365738392694177792
364221413378367488
363195013879967745
373646975779872768
363304101641060354
363329283764133888
363322813811134467
369087366108954624
363356905600593920
368934382976761856
371866443614154752
368990468291297281
364298797322473472
365032131812003840
369708527759024128
372695500526325760
363314743227846661
363861111755386880
362858283905720320
373414338112933888
364391869587152896
368557245648224256
363919354225631232
364023123114336256
363275827586551808
363371962715734016
363313952228249601
363317761084108802
369267601769115649
373386146710945792
363327758090665984
363437884113555458
364333565275672578
372339850885619712
366792982822789120
371879349764366336
368624412880142337
367754841256251392
367423090763915264
363574327754489856
364586716486569986
362837064384917504
368421121973948417
362925751131058177
364856900703100928
365342407677591552
365941038155710465
368860040863563776
365763509595799552
373583522402820096
366488422065520640
366488312405426177
366062257383292928
363359455083110400
372781778098216960
366869693300097024
371506761015902208
369654538526916610
373513177356840961
364914135114330112
363303434461515776
366477865111388160
367882898973528064
365747267224862721
371874575958568960
368159240403181569
365574615919099904
373480642111344640
373920868969115648
368517447281700865
371696791718469632
368231833051213824
363882243699126272
364355653134848000
365322493810057218
364380811098726400
364024248379404288
365776555416358912
373622882921758720
363548412714971136
367999421423706113
369846352295235584
364837700966158337
371128382727016448
373425581968207872
364927644590014464
368117598677770241
365604883673518081
373447411537936385
365563864659668992
367016016058281984
365465150800670722
371411081953935360
365395801918283776
365100705033781249
365908487768772609
366479855786799104
363747115081539585
363272944316710915
363153431097126912
364380309766144001
366481655101276160
368308590915764225
373751578181636096
364259732036399104
373855214753026048
371085719764094976
366296565821878272
370530939345985536
373726706949173248
365889114412810241
369583540641734656
366998170120630273
368074618864533504
373628789491654656
371850874399645697
371087873476292608
365874572437897217
366483951579176960
369919538151698432
364287354485211139
369090127777128448
364924428016029698
370113812461936640
372715099581972481
363325652298399744
364917810717130752
364287178601279488
373755728328015874
362730779735883776
372536938093236224
370218555142184960
365827382420062209
373903445671309312
363185993853059072
367359546198458368
370322141226356736
365367955304886272
370533952164880384
371088759041056769
363653363910447104
365746921375137792
367693368257548288
366480384873086977
371069888464310273
363568102736265216
363311791519965185
371057555453120512
371837874905182208
367192064607662080
365095627954204673
363702750141747200
363268092287123456
363736788671533059
363962011413004288
373725285650157568
363756245070938112
365172709019234305
363318970637488129
366428716525568000
365889887200751616
370531211040399361
365569797762711552
368314832535035904
366972548375781377
365748376647639040
367423230274850816
363314477904576512
362835548266070016
367275277363052544
365747720763342848
363736826257108992
363576703932563457
369267429727158272
371511485429604352
363411541875363841
364661253878185984
369090109238300672
364775504861462528
369321316823740417
370278366940655616
363877249944395776
367388071966158848
365523375227027456
373854949559771136
369216471286558720
364500594733486081
370993392445972480
363899235508297730
366477626384187393
363308398319632384
370532209884540928
363310644382007297
365855532935938048
363289333404794880
363642142603739138
366934075174432770
365156781770551298
365537306981040128
363272868584779776
363338572780158977
369527098404139008
365610796627546112
364043838475616256
365483049447723010
371510253034016768
364604398049046530
371089684148928513
365589396633817088
363310815341846529
366481815961223168
363314566505046019
364676468455899137
363760334043373568
365308161969762306
363314449102290944
372984756905861120
364912440334491648
365846582295408640
367023764460306432
370733006362652672
364783116453294082
362847579232403456
365764955205042176
370113459129556992
364354920297660416
363880092495130626
373633196178432002
365808118652866560
365736789316608000
364401855578648576
366942438859874305
369679918423998465
363900855008768001
365335476271464451
371067298108297216
363396554830659584
364138175284772864
363265066109382657
363380688243793923
365889922751664128
366658960855547905
363473784558190592
369559133910872064
367674302885556224
372579633457545216
368122846729367555
371059130431049729
369833871941988352
363899878306353152
373730721711398912
364955561625784320
370248911555817473
363904214109401089
373018634068566016
363310669631721472
370980962919673856
371085720007348225
366347397707739136
366183176718123011
363284819586727937
372898580102905856
366118699205267456
366741735415627780
365746964442267650
371524756568162304
363589836344541185
372444768858406912
369271107062231040
365015084612845568
363900072229994496
363034918248382464
363739738731061248
370274896489635840
364445999520948224
363328481952038913
370744697343336448
371495050879848448
366117423444787200
367352462002647040
364912865632731136
366417316151439361
369487380450775043
364277411438792705
365717866219188224
370518014753386497
371489861704105985
364090728504639488
373481995827167232
365750240512450560
363293915853500416
363256602154905601
363271213159694336
372807369979207681
365584848355721217
372281144793772032
365737992402382848
363669055984504832
365618632048381952
366977145932750849
369182506479648768
363900547876667393
366897929627238401
363899318769426434
371587207586254848
372568044817481728
363382035055771649
365886915385376771
364778812380160000
368861020652990464
365857455470678017
365088865817600000
363289408000507904
363392839901659136
363740455256596482
364448480166547456
364332934385238018
365112443984297984
373062166347517952
364397704488562688
364307921921785856
369680300025974784
364228310118572032
367828028967370752
369614279722278912
369278321999101952
366790717630185473
365768605029244929
372897559536103424
363971576191909889
365277537959555072
372045367761580034
364479942802677761
364530068909215744
364281962896175104
362733499323019264
372789075792515073
366995457538396162
373117523857637378
367038504334671872
364405856432947200
370213157043597313
364349629543886849
363314422577500161
364615570437570560
365779894216568832
370485397874147328
369092859950931970
363910770184036352
365016001441579009
364834054094741504
365445646972485635
363805454713253889
363269405519519744
363753153407094784
363030140861046784
364333424305520640
364832611497025537
366481448015896577
365802267640729601
364912955944468481
364371143907491840
370224655531278336
363371859565232128
364354923980271617
369929689898291201
366964167971831808
366286653909778432
371085245556064256
367440174419935233
363900908100255745
367339241895755776
364869431509266432
370592978999324672
363303382330523650
363420536934002688
368831813965209600
363889073754091521
365576168524615681
365387099970613248
364466218503110656
364225353541091328
364245610162958336
372278469641531392
366481042682544129
373641109206872064
364301396960485376
371135486590332930
364871197399334912
365710291343904768
365636687742771200
368097208064671744
363774119138959360
365132851181654018
364423393254572032
373599251902644224
370767813540986881
368159567932170240
365015761338646528
365379323454160897
370317893768331264
363541958557315072
363336746039128066
363093012957499392
364430627015102464
364371442181218305
366827074964553729
366489476366741504
364359569721409537
362989299043540992
363794175630000128
367951137216811009
371867342986162176
370943137062993920
370293531610714112
365875241299357696
364819465533267969
365755749596528640
368457761090043905
363991772881358848
363953426188603392
363342976594214912
370398664918704128
365903955047362561
365437579660759040
365379316093173760
373452130931073024
370428329347661824
366428438975881216
370940893252968448
365687936269828096
373031308651266048
363982212485480448
371507066978185216
369685878207049728
373489699815313408
370766444268507137
363324419856687104
364914167771168770
369273403514957826
364543715303366656
365963291547279360
365722432981577729
363054044283023360
372867581725933568
369474529732460545
364523298941444096
373362019090456576
370448667414904832
367388177327067136
363678272124502016
371101117624500224
365849683114987520
364861073368682496
363297554319949824
365708452397449216
364863676802543619
366477536957444096
362998876652830721
364956284522467328
362804770152525825
365021958045315072
366376593582592003
368038278148001793
364876624686092288
373466297171861505
364955195379171328
365846470974386177
366836130966028288
363332840986902528
368420476864851968
363522117456769025
364361072335003648
367929717069840384
365570362576080896
363635150128558080
369088953694957568
364769512962277378
369222411436040192
365807157771378688
363899002627948544
372458754622492672
367041866010591232
368558019027537920
363486766465957888
365854435261427712
366026796430405632
363906989820084224
363156853171445760
364462359173017601
363259106011787264
372814795818663936
367992080636723201
363314433973436417
370733262638817281
371333692301787138
372288774912241664
368670836753854465
367704676147290112
363264258575835137
370213156695441408
363327624724361216
365576157615235073
364784380079640576
363901232542269441
365341681467408386
365486381717401604
363336640598904832
366133892899536896
364398875877969920
373477016286134272
364857128273842176
364224161268244480
370070512258789376
372711926293221377
365820905911365632
372026166674472960
367674302092836864
364719906689781761
363736703363584001
366618465357938690
364897712786784258
365975895657295875
363899864368676865
364050637367300096
371508157324861441
365748148515258368
371869897208262656
369944319588708352
364199384793104384
367990633316630528
366549417026789377
365778506606579713
365898032002236417
370435806218842112
369082568433340418
363265511070515200
372749754368671744
367425568406396928
364378504743239680
364396978211266561
363276344408293379
363307560641638400
363776208158588929
364309498250272771
364551955068108800
368219687433146369
368198920783925248
365852270832795648
364964529018372097
363277471895912449
371886972274749440
364479500668911616
369576056509833216
364841073832505347
373381914641461248
364912665665081344
367573040428625920
371608586574524417
363327727329222656
363303700921454594
365379969251164160
363708765448978432
373730166461038592
369278824858390528
365847088078127105
370784486352379904
365620300773212161
363281452072321025
373864074201034752
366178120660815873
372034064942784512
373048938976542720
363912467941818368
362951813302980608
369458317870899200
364250922286723073
363325375838822401
364747759003250689
363302622482010112
370438962625925120
365823097963687936
366341671291596800
365765425549672449
363313593926037504
364612026254884864
367434701499146240
373404445918248961
371877262599016449
370530842067488769
363025529198215168
370550451592122368
363316523143675906
371021849414475778
372989195100233728
363532634007150592
371796581240287232
371260207789125632
369787736493805568
369315348891201538
363331750971195392
364362177882636288
367423336684331008
365695135675187200
373919859622416386
365839229051355136
372113597284904960
367988097004224512
364434433274675200
364789028505128960
364198912732561409
366954079454371842
367864722927808513
367634718453284868
370710046885158912
363299190840893442
364361773987536896
363323265495740416
364235651233099776
363275599344705538
369084083642449922
369241306884612096
369661067531542528
364361673387159553
363274746500485120
368494271990480896
367702580799221760
364624218027077635
369096038604222466
364336976272433152
372997831415857153
363695260553469952
373404608539803648
365060029851770880
367848610009845761
363736899388575745
363267331167764481
372407064670138368
372569695695937536
369814840031707136
367462537727463426
364250922999754753
368308105827717122
368200804118695936
372449900409012225
363920179878977536
369688881924276224
372222556922593280
370708425744715776
366601966215905280
364959182560038914
365390627065700352
369307162461224960
363993688818462720
373583345755492352
371850257836961793
368204633753137153
366281008724705280
365747037565755392
373048346111651840
373199151225245696
366477812707770368
363900112243658752
370812585416749056
363281940260335616
365390955576172544
372044305029799936
369944209131720704
364219814379651072
365576861679497216
370829050039640064
362993009073209344
373579763400462336
363314703491010560
365872678046924800
371369654465609728
372133791621734400
367746764603797504
366088523075432448
365907560345243648
365555000174317569
364932011967787009
363376652870369280
364258042721738752
363278772339871746
364479669896089600
371030912269443072
364317889915916289
364854548268974081
366912650103361536
365154537964711936
372689498632503296
365053885997522944
363903071459356673
372227772770701312
371087637601218560
363314489355018240
366367762785898496
365143642614149121
372215969512304640
364701246415831043
365584698115764226
364108426260905985
367087253924741120
366974697100947459
363895546559217664
364387167415451650
363422744664621056
364277340081111040
364890479839551489
365863387437084674
365173276403695616
367674547962933248
365387859017998338
365363705283743746
368681511270105088
365868673614884864
366478426338623488
367017838210318336
369914704119869440
369946718898372608
364409953458470913
369491296173297664
363314493335404544
365081744279482368
365694871945740288
369916180800086016
363790937891155968
364722768656334849
364333297809502208
364724072959062016
363269386544496640
372389493786963969
367676426503196673
365743356434845696
363788032341585921
372693157424951296
364760824427978753
366138869080526848
365220601557819392
371591376896397312
364913275500105730
363528959793065984
371599417805389824
365125964662972416
364953809497239554
364407809083191296
364220446431907840
365872795344838658
365590834650939393
363961032672153602
366072345900756992
364283307040989184
368317832293281792
366930384090431488
371652379831463936
371860997117456384
363906584587407360
364263928466911232
364374370065457154
371488504833785856
364421345578196993
368103630093565954
364173811664420864
365596776146808833
364095615518932992
364054887568375808
367160310848692224
368504525025320960
366022790282874880
368207520780673024
365620044752879616
373662470788767744
368138288109850624
364954644868370432
368941735235166208
367572764208553984
373112774131318785
370385370615013376
363268389059305472
365753833386819585
367694599818457088
372139552447946753
369228978571075584
369614518928039936
372668501863194624
364346978517254145
364902518892920832
373513722884419584
370530630976557056
365757693580935168
365134086387417089
370385758953033729
365149443642753024
366777836910034944
362989475313369089
370301408567783424
363307325739630592
366489808769523714
373049966438383616
364859769674141697
363274330899087362
369304702367703040
363635856235429888
364981574174912513
364505017979375616
369204733317115904
371934383303057408
369907445713207296
371109152203882497
371053543504871424
367740443729350656
368896241406459904
363270717392949248
370318819777994752
365667237060820993
363151771813687296
364489766190198784
373860190904283136
369780539827294208
366854931942092800
365710453235646466
372631713337192448
363321680699351040
371485025016901632
369505880170962944
365781958074187776
368877489587642368
364348219712471041
372539639925444608
370531452212879360
371865333230891008
370062953703559168
365053379736637440
365841194556727297
363276612063604737
365661245434630145
363308560572104706
365600964532641794
365142384444583938
365456432138698752
369307680021557248
366637574653095936
364833617932845056
373750709893603328
364131128082726912
368349291770683393
363765705281241090
364135776625246208
364937400234950658
363683515314880514
363401315797725184
368287008667365377
362935602028609536
363256943336779776
364354741532233731
363324374088421376
363746887943196673
371850974098231296
371852716680556544
365587831403454466
369844840038924288
363840194539044864
364364419465089024
364973021452185601
364913422103617536
363314515661684737
365746373804564480
363899784962125826
365620733893816322
363779795164741633
364688565139013632
363566728720031744
371485463258730497
372287563689906176
367428658907996160
363332212084580352
364287068735672320
372573048563834880
364376627729682432
364913670507073536
367440227670827008
364354672913420288
364327494042017792
369679254797438976
366739999615500289
363899037264515073
373437200706179072
373952861089955840
367739558219112449
366289001700802560
370025748947828736
365637410136129536
369082799052972032
365596017065865216
370266126002814978
363324453897256960
363339065459875842
365848107008794625
365099849340813313
371812853847568384
367764367984435200
373452453767045120
365448163781382144
372846744314208257
363822117001113600
371593869961342976
369414428686442499
370195941221224448
365586888817520641
365896423444713472
367693877425504256
369124062074646528
364205476763795458
366855016868364288
362857482240004097
366637414573293568
365480106958925824
364604883061587969
363737917899816960
369984939787161601
363416031068307457
369568342782136321
369315297762623488
373909016318971904
371079826246877185
372868736316764161
365895093955203072
368545572929544192
370276612555550720
371873813929005056
369466558252208128
363314518937440256
365038916153262081
364914185622126594
365885126552461313
371492510792552449
365568625903542272
363342860667461632
364445753290555392
363735716292857857
363931975163187200
373899392551780352
364243005030412288
363574233156571136
363291687613116416
368529308458831872
363317780474372098
364291077672411137
372408288518107136
369281794756988930
363922547156324352
363736930569043968
365226297020002306
364380811094540288
364844156482359299
364804606691246080
365464389660311552
372499955685924864
367734780164853760
363309216804503553
365618919907659778
366503638027345921
366231153977458688
363050533918998528
364411496354164736
365133126965542912
367356132219568129
363993784628944896
363900482252582912
373623528182267904
364912918602596353
373853980998520832
365656007424225281
364245464360558593
373286935856304129
365693619232976896
364836671247757312
363287781209931776
368178601591451649
370242089549697025
368930940988309504
365097214772658178
365930515351609346
365620357723459585
369405550674468864
367734230010187776
363567322163707904
363194122942681088
364137138595446784
365585022679388160
366753811995435008
372930849039458305
372550745498738688
368787812448862208
367832148784320515
362858433252298752
369237984580616193
369877999140630528
370531045981945857
362966811890814980
365233387318935553
364410386184814594
365549755838898176
373119422493253632
365672712565309440
