344299026176409600
348448497692983296
340642240101748737
344243970437693441
344438972640002048
347172955823935488
349183148900364288
348170927453908993
340868557032271875
347887643503239169
348230335315718144
349879138783473664
348254881229967360
346565116029960192
348439176565370880
350079110309097472
342274775793680385
341052704040296448
340875419769257986
347928088933437441
344926227108356096
340803098777886720
347792246747328514
347830886366064641
349162559414358016
345423350195171329
341865812845551616
348090886837637122
348456516296273920
351093870387396610
349995665474060290
347369456512692225
351257085855547394
348105433388560386
341955551447642112
348068631416037378
349750539908681728
347806583226511362
347830183950168065
348096499160334336
341143433009831936
350531234562183169
347986352681398272
350043401590292481
349282927072387073
341593067905757186
347846417383055361
347468260318535680
348696598726967296
351170927238721536
350310064655040512
347872771134603264
347726358782287872
348279123791192066
347831488173187074
340897523403214848
344844225445236736
341139578343813121
349173441213112320
340711369018064896
347181305332641792
347888047834165249
347897227701796864
350668512601186304
344077898656915456
350586724801462273
342396768509648897
349068932310777857
341429619884441602
347578064810676224
350962423236263939
340836589926244352
348086706123198466
348998506364665856
348484321075671040
347052438353764353
348203635840266241
348134359578071040
349252526064939008
349313724475121665
341301112328036352
346618846528020480
350139707625193472
349110906459914240
348256583630852097
346915645180481536
345441186665857024
340625761847373824
344100444689297408
347903356418801665
349314654545252352
348465497773326336
341366483730968577
345548171197435905
348012612816080896
341941509152731136
343044639802150912
342363142174691328
347584082558988288
342018157885677568
347885146017501184
348206542643937282
347401631077367809
345519793669013504
348007105627820032
348230451309182976
348197394934013952
348910255524167681
341254300732899329
348456479638036480
347839882447699968
343191109679329282
351086557417062400
347822997853306881
349626184683888643
347799474426486784
342080594051743744
341633290333192192
348171275178479616
343221186840383488
349484265609768961
350292510549098497
348126609779335168
341950482220212224
348054868776349696
348461654679371776
343121567590543360
344357351400296449
348125082293506049
347081338098184192
342151836066783232
344300823532154880
348673133017980929
347823450183852032
344438909872242690
343450377120800768
341959037807624192
349238070152933376
341254643583680514
341234622216159232
342249255781662720
348127353555279872
348496797322313728
341942019834388483
349464543514198017
347899003247140865
344085849421541376
348106733232726016
348165120083492869
348256398221656065
348295976219451392
347728550394200064
341817761602867200
345598454615134208
347609322768965634
348117841414868993
341254452428279808
347842806347333632
344002595855163392
348065089389199360
348075475538698241
342328964951453697
348953701836263424
348471712259653633
349134936168624128
349238809659060225
341587544347119617
341567507766853633
347860412554948608
344312425354510337
348065207484043264
341562832715935744
341997972990590976
341932465495097344
348559250852818944
348066780289314816
347802231208292353
345314148122497024
341995985825832961
342362010853453824
349547511138107396
341256099921530881
343208740578795520
347826133905063936
348055663223644160
342970743572815874
349233096689856512
347915906246131712
348477642124689408
347840859414331392
348014116532801536
341740007490465792
344274219229659138
348012955016773633
341488569426251776
348459589320208384
341944610614022144
349239686415384577
348093534668214273
349165633734336513
347385535729381376
341259296169922561
348053765271740416
341138545966194688
340758770378493952
348787816924327939
344500603491328000
348805906013765632
341355327041712129
341966628709355520
341255924314406913
348156255338123264
347986029543833601
343744807346270208
345485840593588224
346559914480644096
347842136256942080
348006746129842177
348805503897436161
344884151066951680
347816648817917952
340943985881264128
347879369441689600
348098972818210817
348279106363850754
347479256047173634
340925736980467712
348073304726306817
342222654633295872
345588013188923392
348197031044587520
348132759929253888
343957776898326528
345616000714145792
346901557482246144
340649629978873856
348175851151556609
341169961219289090
347385629987983362
348134707055165440
340814231886778368
341246275192238081
349613511963447298
343744392189853696
341284296604123137
349538242279907328
341568744516120576
347805511732834304
350455066534232065
348778735564107779
348206004997070848
347801178031136769
348179036012417026
341254417787531265
341013766110056448
343957364036222977
348487991221686272
345268600438939648
341670858416336897
341865812497428480
342061830417559554
346630227277017088
349526567212417026
341677494182744064
347786159432278018
342536491374891008
342086722500317184
346849167156596736
342085884360925185
348441409306640384
347979413129928705
350481198025424898
348264363712454656
348032673618464768
341355633817288704
342637964368678912
347709074302980096
347737175737118722
348376888932179968
341487896219492353
347877521137741825
341950600742846464
348253576906301441
348130752531140608
350603547248828416
347818694648397825
345662081040797698
348196394919677953
342044099643310080
347388926715117568
348079550053363713
349516528644931585
342275538431377409
347883587896487936
348428265263886336
348965728650661888
348129149233270784
347388966821064704
342310396989943808
348120779134742528
348558590023458816
345140275376713729
340895850320523264
345550262703882240
340649442233425921
348121220878835713
343928028650418176
341130966535901184
348277532182839296
347821064753119232
341966076705398785
347820111278780417
341270925448183808
341279490011451392
350531159320571904
341264219766931457
347813520605323265
348947796583399424
341257017144520705
346557742665854976
341949837908008962
342196964689068032
348198323225763840
347814709153644544
343209031151796224
348784249417134080
341962909926170624
340665256189784064
341959566877130752
345986900185731072
342737656133853184
342339326971092993
348123195448107008
348431870935060481
341659066692669440
341254968474468353
341468385911128064
348122905730756610
347891693556731907
340914486397517825
348255646363291651
342043177080983552
341310355827458049
347413239056969728
348528153393782786
348114152717426688
348310891286114304
348081370083495936
342913324507357185
343697459383500800
349714661991661569
347840277161054208
345276996357611521
349399255963811841
345206929783664640
349198024020471809
349111668556578816
350285157615415296
348085096638726146
347836544821895171
341946158698078210
347549935169859584
341965006230913024
347828207283736577
347388919408640000
349212405101895681
348124138310873088
348182646771286017
348173440886382592
341484424560508929
350688416331083776
348171879367983104
340670465448230912
351089713572089856
350605112261087234
341554697200623616
347748354647793667
341253715216445441
349182145639620611
349655005248241664
350140306953482240
341928417870090240
348128093153665024
340944196074610688
346464497940180993
349656770798567427
349464545321951232
349214534529069057
340664685974142976
347683879773159424
348139526872506369
348119372516184064
344968837457903616
347921116779655168
348183557828648960
350251276002541570
349201705356886016
347810826515787778
349097525573201920
348100442657529858
341950524742057985
349641963299028995
346863279148249090
348476106690674689
341707992200265729
345485453748752384
342342028136431616
351489026349477890
341258091779731456
348423187958202368
342335361055354880
342228917857435648
348431857181933569
347375288105177088
342737711439941632
346618376317194241
347698242294804481
349054360329789440
348098683084091392
340945056175366144
340944988558983169
341641924920356864
348165120356122624
342883148293611521
348459057356632064
347338122339684352
341294194696003585
341979890188423168
341621651655491585
341368078485057536
342338552417366016
344480911032717312
342868546595991552
349018383720804352
348103656991760385
347945299634946049
341943511723175937
347882564758949888
340896069556768768
348553977622831104
348278486701584385
347412367866466304
349476037714915329
349314566209019904
348159578736832512
348075738110492672
343737093698232321
341981609106472960
346974740877041665
348130020750921729
344825366998818817
347838995176230913
344245590957371392
347950329163309057
344785032403107840
348138032295194624
346820069864648704
342378255770333184
349624602315599874
348472950107811841
342077346897068032
341950517943074816
348073680691146752
347663118429741056
348201954129879040
349466254274330624
348945811033423874
349567656845783045
347819279472787456
347923436926013441
349364196795875329
341956785046949888
347892085455720448
340968276244979712
349662762370220032
345205086798102530
347931751479394304
341115906270838784
348094976091111424
349317872864079873
347419266489921537
341251378108317696
342656533181628416
348531261289140224
347795088325345280
348146943609954304
345405652635643905
348160524225224704
342702294594371584
348162783965216768
347818453417197568
343954208292220928
348066554648338435
347817837693394944
348073945725026304
340900236614582273
342171765511962625
348131110510813185
341944046241067010
342048325320712194
341245751885692928
347838561392918528
341972202335375362
347400408479707136
341146721381916672
350335023762776064
347807757602275329
348073481180676096
342276913739481088
348197906093858816
348277193396326401
348160305337077760
340961145500352513
344350583915937793
342337161259016193
349387918768484352
348566529362759680
341662571969003520
350754441982513153
347827469841211392
346632319970459648
344662833130258432
348952942080045056
349347032537894912
344823166486585346
348272963981811714
341272754739347456
340727728846290944
347762546712907776
341847252689625089
346855068177424384
347855562291154944
348187820290084866
349208075112169473
347815568440696832
341672405997088769
347862249131614208
341605788340588544
347529927500906496
340629999725973504
347732223513989120
342097827436044290
341427469166989312
350632606674595841
341164512784818176
340952363043012609
350449187571253248
347885197376749569
347856511013359616
349608992617672704
347760276319371264
348286159044091905
347883915207401472
350350837136101376
349462056392617984
341902326979768320
343101974021017601
347902087365029889
347847814744768512
348105713379311616
348093217121660928
345845923517177856
347705129107066880
348379541586182144
348119625248161794
347530968720080897
342615305132056576
340872596197351425
348201811544510464
342144773634813953
348164326818971649
348048187585622016
347841192865710083
344024879538003968
342195983200968704
349459925111537665
347986069473599488
342614773034254337
341478825093373952
348110217285869569
347799000583401472
344307625497858048
349550232134090752
347668653719830528
349909225385897985
341090857539215362
347374772230971394
341357676686626818
348195330837315586
347800747993337856
348943260108079104
348605130637205504
344873049759297536
347800542396952576
342071168339152896
350022424319901696
346271454419111937
348675252462698496
341981281854300161
341043275907608576
349154104603455489
348115791876599808
347369439508967425
341526482910314496
347913919878295553
347792788978540544
342700923753209858
341539150085894145
341950893241024513
341872905665277952
342342576864628738
348078445479206912
347656971073232896
342475593352359936
348212376916594688
341642327128940544
347825933048225794
340925402006556672
342273758175838208
340878503736115201
349192216385826818
347891651517231106
347399008257466369
348176640007872513
344300809271529474
347729206630817793
349122321539276800
341661354949738498
344375450719629313
350345132127690754
349867918919610370
345169801120993280
341929150698885122
349438113711521792
349214272334729220
342927161897910272
349478224511770624
350001666847809536
350179337259061249
347827146196148224
349557946348347392
347400992746250240
348168381029023744
348135087352709121
341950580656336897
349833058146463744
349097056402546690
341527344823013378
341258805381840896
342742744923504640
341953332497231872
347891604419403776
348101250170093568
348476021697290241
347399526514032642
348124673407582208
348479940657811456
349761169545900032
348453889428828161
342173667389739009
349853144198557697
347801224055242752
340778804278616064
340942639241261056
346641145276801025
348240758609952768
346667770781503488
348311392559955968
347385786561331200
341977017610280960
345699034100535296
347930389853134850
340939142890405890
347861510313365506
341873220372283392
350249290205114369
345852799705288704
344803709064200192
347809930352410625
347515150082928640
341939046488080385
350237530785972224
348073161251778561
348131292979806209
348102368468021248
345538593579757568
347855205687234561
346659741432422400
348938666875437058
342755357816397824
349480609984430082
347397018282504192
341926345187659776
341837713680510976
348494208199442432
341254085254709250
346164768245178368
347413483454885888
347823716933201920
346350556127838208
345845362084413443
348468061508087809
345874257324158976
348473160758337543
350757670040502272
348101570338111488
344024877684101120
346010375688441857
341212383584333824
340869497332305920
340758526756536321
349314534009339904
347828387185831938
348221510462341120
348072406872621056
343945466108592131
348090208887140353
347280582729936896
347662185381638145
348172849091063808
347386643289878528
341951188754919425
341190976460705792
347933074417397761
348092209071013889
349153403835924480
347849131143876609
347842135661363201
341650156950810624
349687979008196609
345271484232658945
347734001181659141
347877598841430016
347864950984806400
347823018963238912
343097126030540800
346271486622973952
348813984885006336
348482144408055808
347804736688369665
348134777905356800
348065209820258306
340868373401448451
343885204445872128
348163803424387072
349729011099906048
347705096685117440
347865415965351936
340872981339308032
341591746620293121
348998526887399427
347906977936060418
342336355797463040
348127829126422530
347905114570379264
347816488985575425
343764056781492226
348097214482100224
342141428266307584
345844653943316481
344783156374810624
347018539997200385
348144325856731137
347805041475870720
347847987533332481
342081987256918016
342825579139182592
348159390089609217
340694007233511424
347844370986311682
348006939634065408
341958716935008257
348128130512351233
349552573449117699
348072528700379136
348309192311980032
345593293792485376
349240528547749889
349214708924035072
344785055064932352
348195495887376385
342078594824171520
341978175942823937
348187988259385345
347810596441427968
347721351873822722
340972618087800833
341959767348105216
347827489768353793
348606870958796800
344077898786938881
348173604388732928
342201288857116673
348944419732484096
349853993977118721
341736656665206784
349314709415149569
349144652374487041
348080722940137474
341659558315429888
348220755110137858
340898661288509442
347819095628066819
342259741441028096
350768742206148608
349162561360494592
345579512743993344
342285607927676928
349152712782381056
348135641063763968
347837237670588416
342431598534332416
348134038474723328
349099186135912448
348111770835099648
348951137073905665
347723289726160897
341023466209804288
347653155183525888
348132329916596225
348092852775055361
349395565546717185
340700005134372864
347815061835886593
347371214743953408
349297168017932290
347607182650535936
343042783721951233
341183272103051264
340808810845323264
349213103549988864
341478604099686400
348119612577165314
347822924373315584
348808695012007936
349382342881710080
348693131992109056
341797739413258240
340868506683834368
341954677459529728
347720245642928129
347817600232853504
349940079646609409
347818393174433792
347389470208835584
341258968305369088
349161340193083394
344359230918250496
347992520346701824
350072103455834113
348931240566607872
347872991130042368
348578141264027648
341586962655887360
349235741127225345
344514260447150080
342029610881527809
345581347429036032
347829563864264704
341281607023464448
349644264189329408
348466919663345664
348148953650434048
340623288227217408
342382773736189952
346814030918336513
342574354133041152
347826555893985281
349526330590765056
348122025384103938
344245817823080448
347818453924716544
342413546790989826
348125611778273280
349338282854858752
348101488641466368
350447353284669440
350540830693535745
347401545631023104
341950578005520384
347386229949620224
343682943467806721
348093647784382464
340868402186956802
348140530816913409
342700058761904128
349893686718500866
344802730730196993
349487714397192192
347818917319802880
348079326048161792
345032197859844096
348281917134741504
348145735923023873
344243705739370496
341959114043301888
350372296013258752
347487459984158720
348523749366198272
342400917628399616
347857845770928128
348600161397780480
348119702503055360
347840865508671490
341714972717506561
348119613613154305
347832245895172096
347726912166166528
344300575132889088
341946225555300352
347818804757274624
341715227626315776
348483234285359104
348110287779540993
341525344546852865
348204074761601024
342296798808903680
350173940401971200
342639258865111040
348201811536121857
347843139261833217
341891046743101440
341969774655455232
342356768766169088
348082698637684737
347893037839560704
351376571824746496
348098066454298626
349321354438389762
341182528381665282
350467424459567104
341256049187225600
341657461847101441
348839790340345857
341526313066172418
349994867679698944
348132099196325888
347602274178183169
340665970119020544
350616799362023426
348488976161714177
347053014160375808
348522462276886529
342044400853065728
347716173892317184
348379590735065090
345603683830091777
348127236165091328
348109133834235905
349229161937772544
344182852398768129
342677426993762305
349652868258725888
342267240302903297
343555142538383361
341480464114122752
347181156489363456
346474549237395457
351293887706447872
349107774719934465
348970569485664256
348169148959961089
347870415848345602
347815508709617665
347804197082767360
344384079950651392
348088726355841024
343048775536885761
342624113032044545
347845273629888512
348448169820033025
349099262115708928
349240625654267904
348461933915156481
349661924457324546
347698244404518912
346621037229793280
348110446676541440
350370653037264896
348153829101015041
348098517866266624
347823996949114881
341254805341224962
348098013236961280
347845065961504768
349158773899812865
341297535870181376
347750424813637632
347369452146401280
348485543182598144
348187121430958080
347836693044404224
347821399563460608
342000211364823040
350335154276941824
347650654648557568
350456037477847041
347872641685782528
350267849199202304
341260190055813120
345603337334439939
347818534988042240
347872702566105088
348471852361977856
347028139416879105
341448866949918720
348121416304041986
347859524096503808
347842177591816192
347726911855788032
341647336650469376
348605305493549056
341958763672121344
343682432408621057
348113892796411904
348948070173646848
342070064830377985
346728765239459841
348808063534370816
348237159016304642
342700573516238850
341531378292236288
349489701595529217
342356851901485056
348168525879316480
346614497596829696
342295949269401600
348082466596200448
340882474953478145
348606958611361797
341966546761027584
342784025057964032
348255396277911552
349088495534473217
347385199350394880
346901557054418944
348215345615618048
342104421540442112
350167546307158016
348187239374811136
347879764054380544
347850565092507648
345439244271104001
348478129259544576
348525332363608064
348076898607321088
342374772719624192
347843634227470336
341270666126962688
340641053449261057
349981009363738625
348206538537697280
346459993710669825
347976462793601024
348562936605839361
348255601484238849
348122155868880897
349070492440866816
340854079234392064
341981106318479363
345419170764189697
342661391016144896
347951466268479488
348205775786754048
347879789643849728
342348803317309441
348116596675465216
340877344153681920
347385084510347266
347278136121098241
345726134454992896
349245584571502593
350572294139154434
347858481115693057
346614497378713600
342200088636047360
342289924906688512
341527243861917696
348135066695761921
349762964393426944
347523117998030849
348443835346587648
348266327972134912
350215982532407296
349252888306003968
347197172447584259
341896499413794818
349466148326223873
348098507162386433
340667734159392770
349594156768829440
345485451861299201
347868775795810304
347849626021421057
347580905847672833
349877035566514176
347854614378475520
346815406352265218
342109793214939137
349152644188762113
346244355037732864
347787040307417088
348101490453381120
345512056885223426
346072345074610176
340654399724605441
342109825863393280
348200041472733185
342153916944904192
347194683941859329
341968073286365186
348213726849146880
347546067874754560
350606239744524288
347879528653287424
347810735830732801
347843704582725632
342057345074995201
347817296993067009
347836148506324992
344097455559806977
348065899787464704
341977326743076865
348782832811917312
348167988828073984
345671068771553280
341903769480609793
341367989871976448
348410202678231040
341985698603212800
349117305592094720
347426888748244994
350394617067356160
348135848119771138
348067527630397440
348119619376140288
349811543610884096
348382593907036160
347755944622567425
347412514457387008
341953442035675136
347060461562368001
342702395232501760
341483124510818304
346558633808625664
348477692821254144
348474297288900609
341808924627972097
346532175526645760
348164975820406784
349165230112260096
341543997455597569
343740684496412672
347857469676064768
342836824114360320
348119621259370496
344952828676145152
347818700335882241
341665014601617408
342156491136057347
347601794018471936
350292204645916673
347822798556762112
340660187255959552
341569928194822144
341681472635293696
346340583759032322
341387226946617344
342641080539418626
345051361865510913
341218003104432129
348094411726548993
349914501455417346
342335598436155394
344586099215187968
342251912533536768
348535266841092097
346763064181415936
348098439667654656
350507142790397953
348228932157444097
349868384235683840
343003019597713409
346856679129903104
348171938776088577
344471220252712961
347804940116316160
348221404266762240
347406306761637889
348130928482201600
341255283223445504
347801358864379904
347839380838293504
347825806879358976
341657103791960064
347619318206439424
349547701928595457
348794631569424384
347402583951945728
341712448312705024
350215985078349824
340707129663049728
347802855517872128
347261751441633280
348046496375111680
348093534248779778
341966978354909184
346639534794104832
348230970098466816
348113259796258817
346598986368565248
348127526276698113
345615719272177664
349684723670454272
348512166850220032
344908276514844672
348456802347798529
342299617062420481
348080300401766400
347885073258926081
350662367287320578
346859241312755714
347900857519587328
348446845980250115
348559802869362689
348101904896757760
348221170291720192
340635951191695361
341481772971855873
347928119543472130
341863595275059200
349486931291291648
348114146388242432
347849274861690880
348124160540680192
349853142285959168
348581937918644224
348073274909020160
347927257014218754
349778135170027521
344103700354170880
347831432539955200
343446485129650176
347428980254724096
342028475286302720
343760440259657728
347824888297426944
340905383482769409
350068811082379266
341903769501577216
348104226519523328
341968869663055872
348461900692066304
348128694960791552
344960224295272448
348101198966042624
348031721419186176
347900812762152961
344303896589639681
341117849747738625
348198025753133056
347542402648641536
341573611850711040
340881059606577152
341942495120351232
349088358594646017
346968778258653184
349660221397925889
345943760309465088
348101343640170498
345310736865710080
342573851798016000
349832034711126016
343741117654765571
347970332252057600
344243845971705857
342091578761940993
344948747312193537
347826251643359232
347901445326131201
341244982956548097
348060802273648641
348413902884839425
348175692707536896
347934596043767808
347753211790233600
344876733079642112
347937218440097792
349144496174399491
341525616920780801
347902092553355264
347300999007989760
340946048170209280
348752713250652160
347822482255908864
347093296839012352
349286138244112384
348113595244097538
348144894822453248
348092074031194113
341978171899535361
341527269635915777
351446917940654080
344664030390132736
347879696500928512
342112098786082816
348108244352372736
349484103894171650
349127585969602560
343716808819359744
347837926744391681
347659487643054080
348106391174656000
340872167963103232
342195060957401088
348204566648594432
348087147397513217
340644638996168707
346026223845126144
348118874849415170
348455037757947905
342019681269448705
341947222205812738
349062722501087232
347471039464341505
347830964065538048
350099478457491457
341587306840481793
346796731121414145
348096497075748864
341016355975348227
347871399257456640
341390713470205952
348967441424056320
348187668309495808
348093680323788800
348157297102569472
347843636173606912
347086595016495104
347900035335352320
348240317184606209
347909871116644352
350947450825080834
342037826885545985
341431088649994240
341958763504340992
342129280173629440
341253568529047552
349469134695833600
344469889815306240
341899098477166592
347893927992516608
346672275627601920
348113750152327169
347835468244713473
342093249797836800
345052768014319616
350325940234100739
347833005974368256
349298860901924864
345033280065781760
348097075432534017
340868154467172352
349541791063748611
349540460202688512
343738505651961856
347898435460014080
344769753023393793
347846143134273536
343045857777709056
348152632562556928
344876996670652417
341588900751503362
342050206038245377
348824062887346178
340925279977488384
342816333139939328
348467476843077632
343957737996173312
341950544371408896
342664259769081856
340901198318149634
345921902239432704
348220646888718337
341966807801933826
350442616455823360
344972279475752961
348064884166115328
348201811414482945
341942829288914944
340821996332015617
347956160609009664
348175654669402115
348101340360224769
350299172068532224
347892085459918849
347653497602318337
342863557618176001
345544067180003328
344443622562881536
349656352685166592
348468506800562179
348135415523446785
348148655309602816
347855281184706560
347872622282940417
350181337996591105
347885968075923457
341657977910075392
348485441546244097
348855525229854720
347902847771361282
348472615796621312
347817200612159488
347804700311175168
347874644293996547
344068567483949056
350394472087027712
348471728932024320
345530137703510016
343554118129971200
349649044282425345
348675327922421760
343005864409579520
348086657368600579
350057225550708737
340949046548115456
350776156426997761
349296408223956992
348092393507127296
343011101014904832
341772391145406464
347884562409463809
341968393085255680
341975757788176384
347842503682162688
342323836160720897
348095062888026113
348084445028446210
341052673564479489
341578001986760706
348188617694392323
347849462510665728
348642803225608192
346341428709957632
348492757549076480
347712824967057408
342574351423508480
348172087678083072
348071810249682946
347933907590709248
344783391826255872
347398615913861121
347663669926174721
347889213171171330
347814930105368576
342804999417503744
341257430199574529
347821287105785857
350374821873467392
348226885685231616
341250550387601408
345175201547423744
348098180216389634
340872913181880320
348179115947466752
347690210903076864
349119968140468224
341236771364954112
341256091784601600
347740381196210176
343743748410318848
343749271494991872
348079386722971648
348445413956780033
347871131518238721
341506004925685760
341481332771274752
347819326063116288
348006937847279616
347389150577709056
341701265627152386
349992632417665025
345442096901136385
344514042536275968
341241512513904642
346964467126505472
340955321776349185
346215835599245312
344038459691921408
348470722538135554
341938631004545025
347828502319468546
341705773115645952
347900373522055168
347369437130801154
341049640440979456
342477612322537472
341940566415790081
341178838996357121
344301318803951616
340892635780743168
344273288882700289
350213098432512001
347906228778835968
341145258328985600
340859130111746048
348939563986722817
340947978594443265
342255063189823488
347385336554463234
348431260399566850
347911975927422976
347909913672028161
346730617934856192
340704055917674496
346747022541467648
349864176346345472
341680940482953217
348031719238148098
340892682840834048
341955495256535040
348104714975592448
340944440032100352
347822921298898944
348221592939147264
342062320928841728
347350742723596289
340627538722316288
342838448446664705
343743353092976640
350702923384242176
348159399967223808
347825887124787200
348222079776206850
349181183462084608
349557874155991042
340945947473362944
349267172071186436
348065554420092928
347804891386888192
347324294289846272
345607858068529152
341977390035120128
341740602779643904
340898008763858947
349228284082536449
348120366918533120
346714335592206336
347028141337882624
340868280787017728
341733037593202690
348128652556394496
347422310275354625
347818576675229696
349181810565066753
346664904041836544
347846436043493376
347872486160990208
341566843724636162
350174451461144578
349476394205585408
340875811462709248
348485786213183488
350346816514043905
348273591223205888
348117291382226945
351131625100283904
340670319046041600
348167107449610240
348358396489121792
348478027790946305
341956817070460929
348076847361318912
347876502236446720
349996296632926208
342092264706805760
348081933479182340
348369870326476800
348675004172476416
347824810950270976
341969012315521024
341655205357690881
348466673541595137
340949794501574656
341580246031679489
349682636953882627
347850136346566656
347883863336435712
349519495041269762
348084489647423488
341491728466980865
340936166570340352
349475597975683073
347834058283290624
348210097052332032
347843864024985600
347958673328451584
340922261668233216
341281336176279552
341253281974206464
347856063149789184
348479969103605760
342604468287860736
344069193953574912
341951383018303488
342248306661007361
342799375073943554
347778923184132097
342590488383209472
342342181496958977
348441317677862912
348675161391775745
344231076559986688
348129244989231104
341998017961918466
349963088495255552
348258118481874944
348181064797257728
344433802556342272
347442942341959680
348467861750169602
346886471745171456
341254513417658370
347953084972015616
347861756934238208
347933758688722944
343378167895056385
348462952791293953
349113132976840704
346249602007179268
348184642077204480
340944735197859841
340773058975498241
341506175612891136
350592319642279937
341942061471240192
348167886352814080
341301294499237888
341473274523422721
348002655999758336
349463363182534656
349933717818585089
347889268947034112
350076662345502720
349408097443385344
347045570621358080
348269501797761024
348098316782927873
347700635707273216
343065087210291201
348142656007843841
341951310855303168
347964622164332544
348130905719709696
341254483289972736
344383773451894784
340758922128408577
349565382652215296
349396770775773186
349059596226265088
342170855247335424
347012347329662981
348129499826749443
341256677489782784
340626928069386241
341574100487118848
349258321141829632
347873305895768064
348444676572975106
342337372425437184
349700615661830144
347894884365111296
348545436476395520
341552354690220033
349403113020600320
350174685536862209
347881370363785216
340832621787496450
345445886479966209
349314564300603392
340646629621256192
342184775957766144
348806244938698753
344196192693014528
349422184516698113
348214720534298624
341985198986104835
342030938668150786
342340566333399041
341383093611020288
342051183432699905
349258508769828865
340868213934014464
348779828968845312
342172454136979456
342200398230204416
348033394850004994
348195978618216448
348081420876529664
349335640162308096
348143087446540288
346622814113107968
344498654150791168
347731523128139776
342115037135118337
348094814484582400
340807648339435521
348197019715764224
348074603492540418
341413325101473792
347734408054329344
348179878580981761
341579574947237888
341950639691157505
341897464896421889
347839247828525057
349433435254833153
348188662057545729
347831827823722496
347090881653923840
347803504938717185
342263687198961664
349181798921691136
347369441425756160
342251436245131264
342149461532880896
348041389348630530
349313016090738689
341336464430346240
349684054544756736
350352957952364545
347837058280218624
347801456155426816
342615147073925121
348620541873229824
341255732601176064
348102331549757441
341638235782516737
341958763508535296
348065319371284482
350968399247048706
347819836904194049
347425683024248832
347828500759207936
342234211756949504
341950591603458048
347678615430905858
341270942435115009
340865535724109824
341114534569857025
341951670760112128
340784256714416128
346605522314723329
343621241543995393
344811717420793857
348071425392906241
348031132912201728
348182109917151233
348215916514918401
346674153623003136
349097228054437888
347387083989598208
348558489938980864
347836470024867842
340874178246877185
347805411950333952
348179645100867586
347382772798734337
348485799035170816
350917738656571393
343936205739667456
340654399804276737
350545847194370049
340909817243770880
348687204417155072
350021435948929024
342273207564390401
347875608832913408
348119615190212608
346242679287472128
347892836861095937
348146382684684288
347875862764457984
347234829538045952
342842689915613185
348409220774895616
347430996968361984
341014486406270976
349470070214373376
341572542554832896
343186906567299072
341139284448919552
341973757331640320
347822518637297666
350441768363372544
347916046423977985
340943594032607233
342245349341134849
347705129073524738
350190235419803648
348247815710994433
347402608979349504
342191212901564417
347818193659768832
342712504088145921
347465380593283072
348107769255174146
348466839141093377
346809838178807809
347893254211125250
342249427173527552
341684318172749824
347871112736165888
341273352645775361
341257911282053123
350980869344866306
341946024186748929
347619097070166016
346855526656786433
344073787282694144
348098480373374976
347978828347490305
347412244398747648
347979741107732480
341971280754511872
342271306290561024
348170722641854464
342020124007624704
348182081072951296
348468061604564992
348240086820859904
348086090252562432
341089574149308416
345476605969326080
341950515673968640
341943512733978626
340922027777073152
351482578987008000
342237726566932480
346675058447638528
347830582572621824
340758863831773186
349119362973708288
341254099423068160
349052710244450304
342278873947455488
340758660429017088
340643974991708161
348103393824342016
341947551429308416
348179269047951362
347894303340785664
350008887694462977
346908576255721472
346940802443911168
342273209376329729
348070670539845632
341846376117850112
341948376876720128
349055376836141057
342713123729457155
348081660648112128
340963645649453056
341516213333143552
347828498653659136
349756447401320448
342886894348152832
341715445646229504
342603072163414016
347835806582456321
346896918829465600
341266375605616641
349389431339360256
347856694677741571
347583268570398720
341942031402287106
347844130984034305
350491665506643968
342638553467064321
348846390618775552
348121612979150848
341695394608185344
347971616183029760
341258462661058560
347815554788253696
341521671670362112
342077960523771904
345295631839031296
347877458445479936
349648763226300417
348127829994647553
348206538000846849
342009121236733952
344843744253706240
347926019069595648
341087370352930816
348080369574219776
341324934309617667
341576667577348097
342644000857133058
348068027507539968
346832324530425856
347822162930966529
344383480152616960
340742315809312768
348138475922522112
342278150048342018
341914834587242497
345480132892442624
341272147433492480
347848344418258944
350242927177498624
342706957523759104
348285263144943617
346878224334217216
348018151184801792
341254233330425856
348119604779954179
344068778881069058
350244685240999939
349052302600048640
348036873668669440
349475911176953858
341942044333338626
348545788747591680
341289164790169600
344002869772562432
348076747973066752
342420648787865600
349465539883708418
349978605452931073
348238037848825858
349468151253176320
342086128746246144
341945419498147840
347481707563339776
350326091174518784
341253458474721280
347821342793539584
341648601694498816
347803840634036225
347745307439820801
341945929135443968
345964557304471553
349703647292170241
346019309316870146
348075327580422144
347369443959111680
349807687015477250
344806635367198722
343710194716532736
348701003811536896
348003660669788160
347900848631857154
350988954457219072
348162431987613697
348119925908455424
342262883113127937
346102034400952320
348093944090988546
345546431303655425
348461674900103168
343002167222865920
347816468047597571
347895878570352640
340942924592320512
348348200677146624
343704569555087361
344040446823108608
348164804223049729
348805327149477888
350854185694138368
347862045166809088
350497472893829121
347891607187623936
342334250911158272
347939545649655808
348067040424239104
348696608818470912
350312732932849664
347803798217035776
348099366206189568
341477609944801280
347803488518029312
347807650421022721
349180825465667586
347741589759729664
349145610697449472
341272652918439937
348066185717362689
347466215981207552
347604692001517568
348485773152092160
347846852206551040
347832857445679104
341788053876133888
348981706621067264
348966186266005504
347915333128056832
347839555346501633
347897157233287168
346641144769298432
347815884531830784
348135499149488129
341974479477555200
347890153274081280
347818506542280704
342659534311014403
347661914437980160
347594577483542528
347918078409056256
350177633180450817
348206546993422336
349132552839254016
348119621506834433
347833112312557568
