362119326511280128
362278303001874433
352653426104078339
362506122000740353
357940428634464257
359753122027024385
359645344960757760
352382795219349506
351505728755859459
361796527506731008
360310813061419008
361450322264195072
362288645266358273
360007976423137280
361774730509950976
357128989598425090
359559108359233536
362424126759116801
357504932368236545
355703855427764225
362243065194360832
355720860654505984
354783193372692480
362217502022967296
362211329748119557
355328957886906368
362639982747332611
361686022569988096
362550977015975936
362185884189204482
358247556674879490
354697683258183683
359657283535380480
357220668762365957
355282788678770688
357580379646996480
360002840086855680
355662052032913408
360506219116507137
351670677343965184
362367017262653440
362242250190757889
362240339840483328
359973973905248256
361068863619727361
360298274390941697
354598156526288897
362562091854462977
362304293346353152
360290072874070016
358093866416619520
357985905186836483
354181766602428417
362212204914802689
362108526488858626
359282396643852289
359101857148313601
359897659059875840
355652972174245889
355333517590278145
362308228429787136
360323659694489601
354508801082277888
357036525395001345
360643722054078466
352898076354162688
362426599959822338
362349375441223682
354400352902193152
352366025993502720
362212407705223169
357346956600807425
362263521452490753
359990416302551040
362694946538528769
353268963284754434
362195679759699969
351807087610826753
354582429148786688
354137220417994752
361473624902873090
361454515892912128
357508009284485120
352417579035394050
353112706485714944
359315365689442304
362245161847230467
362051118701887488
356292469719183360
362211181898895361
361478654934523904
353355407625961473
358212453865226241
354823328701231104
355704975806038016
360859837103472640
362241814738120706
362171163192995840
354227946128547840
360803904595824640
362190852921102337
362214750970576896
360488472546508800
359982843310514177
362198535665487873
362327899862343680
362369692821757952
362239218518462464
362284386407809025
362214341082230784
360887781133795328
362576975971360770
358234066690125826
362306084754567168
362440404613857281
359343025434017795
352143551146110976
362701484208553985
355788284540092416
362316578806710272
361954209442172928
362209019965865984
359969066565382145
362231845292736515
362286653903085568
362158887824134145
362187120753913856
356735630434246658
355339572080685056
362213324932399104
359751430602620928
355349830240964610
357391263730905090
362723494825431040
355424969544564736
354043733353836546
360552359077756928
358160917164326912
362557866978181120
352424746908008449
362155890830348289
362278982911131648
358434542102642688
359513459773280256
352657281701253120
358163686340313089
362110444904779776
360833060926791682
362302352276987906
359475461258100736
362563346811191297
362562239158435841
361505245500674050
360053739966570497
359983611354693632
355481869216784385
359280676916297728
362335571684761601
359294623232962561
352000835758194688
362206362039631872
362360654432178176
358882844577234945
362198628737089537
362575333498691584
362304414280720384
362254993203527680
354697482913075200
362138227852845056
355154903305420801
358432875030388736
359973783836172288
362122810258231299
360030031042457601
361067553608564738
351928781704929280
352405553999396865
359285842126176256
358287060437708801
356682153830002688
351909794904412160
362173471729532928
361785707620073472
362191319256408065
352296819058933760
354713501085876224
352919532643422208
355958148298842113
360630874892537856
362231726900121600
355357691041939457
359533764709330944
362426998880079874
362232289729585153
357619139256385536
357485028487348226
361521522755641344
362605889171103745
362315995018305537
359304787726041089
354360338298310658
360010435795230720
361450221894504448
359281627261702146
360396509465948160
359936713637892098
361489047278985216
351762786449240067
360904446718386177
357454663211155457
362694386095620096
352104121786056704
362294382612840448
352963743761707009
362573022017753090
362177868643569664
357968729344188418
359706733372907522
362166968285016064
356748898997514243
351772269405667329
361562929897803776
355292975917592576
355364020477362177
360034034572722176
362160921193349120
361288273185869825
362151028763795456
360291791959887872
362316799993315329
356776695417679872
356409266216779778
362173398194995201
351843375781122049
354222335701688326
353381725289725953
362199584442822656
362163673101373442
357533389290614787
359969848111013890
362181355179749377
359992007936061440
357012315947802628
351600455647899648
355432666381824000
352944317683339264
360288211592941568
351612120292536324
361450365637505024
351959477366435840
355475219265236992
362370276392042496
352356722691678209
360003917628702722
356839470286385154
356132008684040192
359970101698629634
362166503140900864
362229990756073473
359960484851621888
362212703516901376
352103490115473410
352439100994879488
362172741836750848
362192516575014915
356774793556668417
362596862118727682
359341396144046084
362218428951560192
361450254152896512
354180457266552832
360286130509316096
361626378166218752
362513918901493762
362191278072537089
362104347208859648
361834624747454464
353101652401725440
351605393249681408
357090367251820544
353290257401253889
362370990090616832
353444821651816449
362234341855735808
361024009489498112
354211204480241665
360750202849734656
359205826092744704
352125348005154816
362461074907344897
356913238753026049
359828109102563329
354181746255863808
362235113083371520
356138037488533505
361328003260755968
362165527013109760
360274690054438913
357793373228240896
362242438796034048
362365744740188160
352605813208133635
355431899885350913
362334254136434689
362265296641339393
362241365314256896
351921424203661312
357668408126480384
359890547504189441
355420884367978496
361031445734633473
362374309546692611
354676333852364801
356747697950175234
359968162466377728
359533631158501377
358146327533715456
362284589391151104
353268473335529472
352602626522755072
362244898151350274
362206192589733889
362130941575036928
359645951704567809
359108592890150914
352700128030760960
362191264176812032
362282529392308224
351547553738792963
359984684484136960
354881705884131328
362305363397193729
358217068501417984
362367772497420290
356386714845052929
358098127397470208
362208236562161666
353368432038776832
362448865233866754
353173240950165504
355052263145881601
362278740027375617
362166588184600576
362232683989966848
361450043674341376
358556709985320961
362251320817750016
359989134946873344
362425823384436736
352000826195189761
359988460477620225
362205621606559745
356697976137203712
356596130605309953
352273686809690112
358584594418761729
362226544632012801
358174329973915649
359751074585903106
362404316260220929
360034557199794177
362210953430970368
360484059534737409
362319339786993664
361982083419209729
362187638003859456
351611809184227329
352087621222154240
357529824216104960
362366585748455425
357619045706633216
362037685734473728
351909868782895104
362574432138567680
362195622272565248
352388688031924224
362166954112466945
361450802759467009
362384593644564480
362351916509962242
352072007963250689
362223490243366913
362705195333320705
362312605769023488
362206159605735425
352269695103139840
351796584884879361
352788909693997056
362009734133465088
358384311050833922
361175862873296896
362620691884937216
362364168340385792
361370999427575812
360340906085330945
362418740366819328
356908957152976896
362166498636218368
353511237184786433
357797785417940993
359281188998877184
362278790992367616
355165117563944960
357361383454683136
359282703591411712
356886078873014272
362237596526583808
360061155001110528
362178177671503873
352238994345574400
353317690640842752
355767687609204736
362238524390506499
359603234945503234
361788406935715840
362200393209491457
362587013054070785
354903068229382145
362607037152116736
352419915984158720
360288193213497344
355818538646257666
351675192981995521
359104325215195138
353715258097008641
362363390112432129
352565508761063424
353180495162507265
355008669219438593
358463514270109696
359708559832915968
354158688359026689
351795815934726146
362178207371362307
351611764686848000
360484920029753344
357676097275572225
355668891227262976
354207060788916226
360011160885542916
359954399461769216
362365886788673536
351966415428923392
362305827144601600
362567306435510273
360156893420863488
356210727620579329
357984637701726209
357295772481486849
351881884772470785
362232590679293952
362154454511923201
360863383236517889
354422898263474177
362211339285966849
362342723442835457
362211613308235778
362319363543543808
354853764638838784
362294860801261568
358379681906556928
362182833827098626
361124585506209793
360737754151260162
354420109307158529
360006806233300993
361584143324286976
361505732849451008
362246728868569089
362232558592868353
352347270508851200
362206304120479744
351670958622392322
359979488907501568
362462167921995776
362225377373982722
362154887712227329
361908779626921985
361735584055689216
351718737541468162
355285495095373824
362206997690585088
362028760414949376
358305444214738944
362232362232324096
361460644115001344
358428901275480064
362208366749159424
359956587416256512
362206709655150595
360358584921505792
362165124045357056
362033818741379073
354197160771862528
359288321886793728
360053843196788736
356121787232301056
362592014740631555
359983973448953859
358183292933124096
359289798709608450
362368284215083008
356595157744885761
362206881780994050
359289923670507521
359692151422070784
362191272204701698
357575382406402048
351630836111650816
360062099398983682
362253858791100417
360484927608848386
355516364888354817
355685741562568705
357409847555264513
354811983083749378
358595452851060736
360007573644115970
361466510809632768
361742673352196097
361024243145777152
359318656850739200
357063273864118273
360416134249451520
357909261365411841
358439333612634112
362384099589103616
362210586811039744
352631215691546624
353384399603122176
351682150644465664
361137991915278336
362618396367536129
362246100809302017
362307133921955840
355394440514383872
352555873417183232
362253282237886464
362364232467087360
362327072611373057
362580468031434752
362037384642174977
362299591049228288
361452475544383489
362397263982641154
362234766168297474
355656265684353024
362229085675597827
358186932414590977
362276283482255360
362167331423649792
362149329747705856
362165867859017730
362194307265994753
356753151363252227
356776165488332801
352390138610978817
351707467471785984
362213751690235904
358179260046909443
359337086706384896
362704449845723139
359751346464894976
362154104006520832
362171839847464960
360035528713834498
359748058109575168
354630945795612674
362237693113024512
360335971478286337
357499460232155136
352255500668256256
362145242939535362
354451627664605184
357953329562783744
355661918058446848
362072604724568064
362246983584452608
362128532916285441
361927388927508480
358373459589464066
362417451167780864
355488794050433026
362213580705251329
355171568583852033
359934892349472768
362208648157597697
362220264618082304
362252846734917634
361042950987333632
362191298893053953
362223499261132800
359282606178701312
362446732887461890
362023909865951233
362209545919012864
362251069352460288
354580258650996736
358619879777509376
356594732299849728
351581583410597889
355044367146303491
354480641854816256
357526773086433281
359284449831157761
362497929849745409
362161116585017344
361705847753146369
362227584416755712
361725218961620993
355803705808920577
359284330117337088
362176967560273922
361599148144861187
362438174527594496
362063235756724225
362616691659776000
355453229871529984
362189811295068160
362131876879679488
354782478629740545
353504234748121089
362217969721421824
362211090836361216
359638370734964737
362657419299536896
354311448069021696
351599832143634432
362215382586621952
357841135089090561
362271721669132290
358123962275864578
360294974262222849
359962320153214977
352060806805995520
355360837877252097
361831473059340289
362299416029302784
355019631238463488
360032218443284480
361662600519495680
359954961901174785
359751436856344576
362219978285527041
362338034466816000
359131163098492929
362162825403174913
362162428403924992
360646627045810179
362188231028117506
362183094003970050
362311443523174402
359983310035894272
356942061498404866
360424317185560577
358074891355959297
354291578556252160
354827670778937345
355741162625187840
359955442081865728
362177149748252673
360383483635441664
358210692291112960
361467798842646529
351910596331048960
360782391440187394
362288676740415490
351914709718544384
359908301502291968
352700125895852033
359679242126110720
354164238828314625
362201888311083011
357648997109862401
356630803960168448
362235681654837248
352155108462706690
360347240721686529
359501068545171457
362212202977046528
359971270714077184
360217894962991104
353381573946646529
357504690654674945
359960997097779201
362194343018246146
362190919195308033
351717233757663235
362229465046200321
353150646565875715
362204754581000194
362366937969332224
362255198674100224
356994451136188417
352611999043158016
362280154136977408
362240105936719877
362364632553361408
362242240850051073
361145274950877185
353565939104616448
355643306773975041
357893469848600576
359287116854870016
362212751201943553
360318197745975296
356147230819876865
362108136225644545
359959188329345026
353477458747604992
359283061151637506
362242044858605568
352345018079526912
362238100895830017
362131869170532354
362241827207786496
356864754331029505
362276547324948481
356410197503258624
352208290148663296
352846737397915648
357533022381285379
362124230411825154
362116320084496384
358077711752765441
362108025747681281
352176462704545792
352126391069839360
357631318911639552
358760222384336897
357130588395806721
356407636461228035
362211036650156032
357123260992851968
361742202986184705
359616221508931584
362181124803407874
352404442655637504
362254058611941376
351873616008318976
362302513279533058
362209162702237696
351705171136487430
351670741214838784
352757559591055362
352350421567799297
362190365350035456
352405221084897280
362169646524272641
352114961113300992
358475953023889408
362715305904062468
359802162697609216
355672820006662146
352623737801162753
362131532594417664
351795610480943106
362191289673990144
362168829834571778
362166278749822976
352146707221458946
359936537577799680
361705980997804033
354095384156581888
360007008621043712
360387698642530304
355456188760064000
352226518837104640
362192465928798208
362652552136900609
356712567302922241
362212464022134785
356892864627744770
362348967603867648
362269825386549249
359221690531708930
351642920639676417
360313427744403456
359800522707963905
362314476239863809
356748532314677248
362243456237699072
351953494305013760
362215291679293441
362283396522708992
362236302915141632
355282461187514368
352156434659688449
352149380846977025
354628035581968386
359961559172259840
360314811722121217
362308162440806400
362023038402826242
358184057353412608
362339372294610944
362354364322553857
358145421966708736
360030683663581186
362513919878758402
353631674631852032
353434154261676032
362693951523794944
361986542853566464
356852038199554049
355820608824672258
351857933308526593
361713246157275137
355306349518782464
355491644738502658
358337819841802241
357398817311694849
361449825478254592
362566646591787009
357522456497504260
362276397588295680
362364400503504896
362367005380182016
362284176902324224
358058366360629248
353623503758569472
362164507109359616
352963914738319360
357425360264101888
362568200254275586
352404644200316928
361639026710683648
359258703708430336
358272651728400384
362164500239101953
354207063053844481
359963553253437440
352055003650854913
362205862728704000
362459163776909312
354182283944656897
359712733186367491
357667217535545345
359331221555265537
362265007276310529
362216712470405121
362233501543698432
362483142143115264
359226009498816512
362564426949332993
355399683545366528
359820434855829506
360029938675490817
362723286838288384
356255559370018816
362176178188075008
362575396744609794
358259925278924800
361553318734073859
353182306829205504
362235405950660608
359530507958104064
360004868271910912
357665181133836289
360550455987802112
361718358929981440
362267697242836992
362214725301440514
356857452454608897
352657673965158400
359772388294000640
362173145286852610
356150569154519042
362172277573435393
362111868745166848
358959492857626624
362336660534476800
357864785028722688
362269508020338688
360030080539426818
362496428070809600
359125813104361473
362249391077195776
358141577165672448
362282746518839296
362284273362931712
362218230183501824
362701954138374145
353285006300422144
362606268344565765
353219240767127552
355171881466339329
351493880274890755
354229334636105728
362232351339712512
355171161077858306
357949970210496512
361359421173022723
362399766249873409
362383396061716480
360275887905701888
357599663022542848
359384559323856896
359802082246668289
359968455161688065
361323507889618945
351670123234459649
362170581686292481
354926344733343744
357915156481048576
358922069142020096
361540560730865664
351509491486961665
355418796497960961
354641493467734016
355327003362213889
352236164972941312
362205729840578560
351490997483614208
362291103057190913
361455734979960834
362196231855935489
355355107707191298
352388593618141184
351670720268480513
362171510246490114
360879537220878336
362165601394892800
360293848188063744
355283386262228994
357487786921693184
362283933368467457
362260368174755840
356400657026125826
362392027817713664
357942875394293760
362260498034597888
356934393232764928
362377901586395137
357625233747873793
360293594566897664
352283010248343553
362220183332462597
362696303483957248
362290129315962880
360035683454300160
358463561690923008
356555182898806785
362366938560733185
362240762735374337
358659517044633600
361027443420708865
355106990432858112
357124248160055296
359964529335091200
362102643159613441
354187315708571648
362191311073325056
360526391051169792
357909971209437187
351495693631897603
362192409469267968
357163479314071555
361555647239688193
362569794446295043
358334589707628547
362289668374528002
360741388477923330
358484703306711041
360004086260699136
357328224725893120
359690459913797632
360728818232737792
358816308432871424
359287145179004930
359692199937576962
360386150365540353
355332811189792768
359199901281820673
360489000575836164
351499269062144001
361957354901745664
362211288585224193
352407700635791360
358220011317362688
353160727202246659
362279936783945728
351510756556152833
357781227723436033
351925262478360578
361705592152276993
351925254567890945
352603550804750337
362326786866036736
362232649814777856
357857077990920193
362192157211238401
361609633674174464
362253144547266561
355340894033022976
362273298098294784
351802329294585856
356409560812093441
352825608054644736
356749478826479617
357438919178059776
362600594575335425
354157257908424705
362367484965294082
357535254552121344
360294479481151489
362708684788338688
360010404140826625
362234429164371968
362212910677757952
354220685972869120
358725508449574913
361450187161468928
358074837702418432
362215478535532544
362263280477155329
356825472685973505
361818642977005570
359351333280681984
360261289248960514
362204235934347264
357239069908013056
355702956949127169
361853357738033152
361977654120947713
362313351306547200
360007894340603904
362375052592812032
362211073748770816
351707736825790464
357535673516949504
361622809090342912
354249811983208452
358933265530368001
362304490927435776
354821279158779904
354331126527045632
362146069703966721
362569712305053696
359290512756711424
362363838097666048
352115715840552960
352206446995316737
362017658029355008
351928976186408961
356698829384466432
356752313542647809
362161488833683456
362300220886876160
352675833674084353
359284200085524480
362191328244801537
357364735819251712
362417553567518722
352083296051675136
354108627205890049
362331356333744129
359984444574150656
361271148371120128
352181339736375296
357903325598986240
360016312900124674
357920389441130496
357090004314492928
360356765474361345
362060380702392320
356870882309836800
358363111465558016
356047344116047872
352224193447866368
355719881649438722
351786147233542144
355613919072620544
359915378840829952
359348601123643392
362419736975376388
362282035701751808
351670520850292736
352001180030869504
358015102160605184
362618201751814144
357120624545644544
362251770388426755
359059718527926273
360108348043042816
357609160130560000
359327721270157312
360321561397428225
357532722626965504
362580187684147201
352796408371359745
362202488683757568
362193923625586690
362365504213626880
352059700562497537
351742494012219393
354208499326136320
360392290629468160
361887432494428160
362567800444817408
362623624512946176
358147830029881344
360328026719911936
362181160639537153
361299123292487681
357342421635444736
361795958922690560
358667359482949633
352430645634531329
362239382431866880
362311898840055808
362158415465820160
362119607244439553
352814137920864256
351793841814249473
362184823093211136
355452376360030209
355337577403912192
351771674007453697
359644990764355585
360614762633101313
352287130619351040
354796344956817410
361795096728973314
362216207249715202
360490169104728067
360300839006507009
357063258072559617
362333605810290688
362363448832696320
362166585789648900
356594148872167426
362279821176340480
360290608352464896
362032096497250305
361360670958161920
359281193734258692
362282891306209283
351845767637508098
362213993454116864
359979024816152577
360012587821314049
354407958056144897
357954321851224064
359372203877347328
361476432251199488
360398064005021699
362263276580638722
360198656353247233
356938566665900032
358309940009517058
354195207455125504
359987653137010693
353344281651589121
362171094607732738
357356659997282306
358077451139682304
362337169265803264
362482322303500291
362272345051766784
354656256021106688
362382569775431680
362238660961243138
357230828662693888
362313282050195459
357515210938003457
356701175158030336
354276833161789441
351681598015553538
359979562379116546
354724462492516353
352162328734740482
360369097420181504
362215183076171778
360254865546555393
352600534215163904
362146906853478400
359968529358913536
359992735631032320
359933410086629379
362364097934794752
362229045020196864
356701935140732929
360288813966307328
362281908564017153
362168035932512256
362149633943814144
359978579980849152
362473820759654400
359288304946405376
354385244750753792
362616208161386496
358184060205547520
360822210543353856
362591174550233088
362239017724551169
352636862965362688
354627988949700609
362695560764989440
359758539121623040
355064601915834369
362119972052402176
362218626985635841
362329386172686336
362306339189432322
362435819828547584
356853644404072448
362485282618085376
351852732136701953
358957395747143680
356083928819433472
362219950099804161
362232868262510594
362606775524007936
359959516743340032
352552005258059777
359695046628487170
355014565576196096
362212010815004674
362189817221619714
352141423803502595
362318607117590528
362119650630303746
362141513456693248
357361527399002112
351557689094062080
362164398690803712
357394276897927169
359953721439952897
359653901156364288
359942587047612417
355685704992440320
356835987361497090
353178427668434945
359878924253138945
362307276469575682
362363615304613888
359285501305425920
353101318543519745
359435592188178432
362252696834674688
362213107126382592
362479250189717505
355167367531200512
359753877261795329
362273151041802241
362367291767267330
362608088794152960
362211641569447936
361068805843197953
360743408635088899
356532691342069760
358131505115049984
352529957806804992
355661524855042049
362182986545893376
351804728193204226
360494784319729664
359646818990170113
359968162457976832
358587389423255553
361586461394468864
360029249186439168
354181421134381057
360487230868951040
362183487073157120
362205860937728002
359284711438295040
358251756863488001
355398467021058048
362172882882805761
359591746843320321
362099815892529153
351492211080306689
357019894887362561
354438614333136897
351864569754427394
362509210182881280
355725150806740992
355346025902374912
362638007360172033
362185699514007553
