410522378075402241
411876897233330176
407500285523673088
416009813450293248
407406679845011456
408093481685745664
413053544183644161
414536511862763520
410158109907492865
416309262311489538
416494626187784192
418068689787695105
408227204657471488
407684054234841088
412556759660654592
416001329161453568
413604600852131840
412064492906766336
410180864853553152
415187506246606848
416224747903778816
407436332949319680
415453534587723776
413992257378066432
409050313417445376
411499790166274048
411598072993812481
407510544715751424
416255311297921024
417796877493747712
416515547883257856
415112441635172352
411545493328891905
411279395358130176
413245215223205888
410262876025520128
414598925434519552
407833072798027776
407579642548060160
417384340348473344
414414398564732930
410146143235239936
416250494923710464
413946639791824896
407732401151180800
412477325427867648
408131794358112256
415828941031895040
415005813892083712
409254706259562496
414952408439980032
407614619008901120
414289991712272384
411853384073764864
407897214900772864
415907375506141184
416359577257771008
411520209682305025
412585995432120321
411500509762433024
407673936550195200
407838406576971776
411753620879581186
407807635677646848
416446415930269697
415316758250012672
417749441278263298
407981566804361217
407374050969653248
412319508909817856
411488732043165696
407640516826652672
411476851757154304
408047692020187137
407615132596854785
411505855310610432
416301935499935745
407874788112498688
407617281016229888
410235089910366208
413377027429765120
415902091585286145
416218652288237568
413512314805956608
407834930375577601
411405978056151040
408001183362465792
408466113362534401
407334680489238528
412473282516877312
415298940381057024
415040423108022272
417380294250229760
414057359200108544
411468082758971393
412328190338543616
414993876122742784
414289956639485952
416830074541715456
408639140222500865
412378706418884609
413064582425358336
407315706267443201
407675016570875904
408261020294316032
407261921247633408
418093663252520960
407561075526078464
407815979264393216
410520218356973568
411989052729356288
412643621830012928
410150940147453952
408151306805997568
407825370453663744
415249406049656832
408101996307021824
416246771891712001
414831767288164352
410195880730296320
413485556270497792
410020830723461121
407729258975346688
417302493643931648
414971448810557440
413852818978516992
413994611321737216
408112522361712640
407711742756524032
416533338636427264
407730109651488770
413345606640631808
417045023046135808
407966947012141056
416012410324254721
410444552789438464
416139080108630016
407614403559702528
411926342163529728
414508459821125632
410146156224995329
416132709019566080
407693201173381120
407275567830949888
407705912456257537
412055434565255168
407815567694131200
416098690416513024
407317129914888192
407674312506621952
417928685761482752
408168978599534592
415268541953507328
411786251029598208
411597986754338816
407547381463257088
408431878102728704
407627512588406785
407790575413657600
407126720488013824
415186155571662848
407834518847242240
411996670122270720
416001323541082112
413627341949005824
416179902254440448
407743508707950593
411673469047558144
413185041897099265
407929178307059712
407021171591639041
407744112847101952
406975448086638592
414949102321799169
410326506347298816
407167921224712192
416650301299376128
417829625947906049
408595131382521856
407968710414983168
407377685187280897
410263780115742722
413654014497013761
415825518718500864
407743843535040512
407451371110031360
407961242351833089
410185472091377664
415898559423455232
413698462316646400
416011544393039873
408027359053619200
410156385935327232
411488781225963520
415836299195457536
411488794261479424
410195875881693184
414947976952705025
407846714402295808
411452473086590976
415341368932712448
409164784790032385
407354278840266752
407326989947641856
414939637975486464
410167049089220608
413342601366892545
415652314318262273
411862174882340864
412588368523165696
408793457239408640
411956162540888064
417476954359480320
410155388525637632
415642199217668097
407134152384057344
410896195343507456
417900238100508672
407733205416964099
407734036984266752
408954987817873408
407477524642668544
414120605139468288
410169031417540608
411935230300139520
408179103489990656
408514739187089408
407298664839643136
416119487579303936
413082936154419200
415251977451618304
413630173422956544
411151322386145280
410358970302210048
410153389209968640
413465467626733568
407861503258140672
416012401461305344
411614895361101824
410762282004926465
407935104606945280
413569898296909824
407740657126879232
407754761589387264
411929415678185472
407782890399731712
407423711369625600
410405529320574976
411483440685383681
416474383159279617
407125516236234752
412625217672855553
408375707837169665
411869871870205952
410485429956517888
417508353850355712
407652480332619777
411927439766716416
409092511630508032
410100923734982657
407613746119720960
407617850107785216
413996185268285440
408043048300331009
416784197735292928
416181344574926848
407154697288839168
407744339217887232
407694243583369217
415683822210932738
411488816919113728
413398585003102208
417680896645267456
415425970053853184
417293943718428672
407266436894060544
408458260275298304
407817534667489280
412275935287980032
408150968434716672
407029014939701249
416029010834255872
407117743633084416
416374279492878336
407562171921334272
412587436351295490
407890269313323009
413632156548993024
409739058881900544
414957997350060032
407861307472228352
409967478983233537
410520216591159297
415330601701367808
415671219086577665
415914515058786304
407545276409212928
407784992551354368
408109913664004096
411488766222544896
407695921258823680
408016183695114240
413054444914630656
410445215577956352
414895130428989440
407963803700047872
413363373795848193
407954054447251456
407899996323733504
417868340498300928
407278360830554112
412047460278607872
407673322034327552
409113578491228161
408830383413686273
407234178640773121
407322554085306368
416530383111340032
416994511962005504
410002141512609793
412076018288312320
412912684930445312
414938895395340288
410176019170340864
407866879995555840
408707352154480640
415901812835631104
416003338476331009
415505688203649024
409451744163164160
414565515773116416
414422200532230145
408073906679853056
415252598070202368
407831693723054081
416395535021789184
416008231891132417
416380253888847872
408086565496172544
408959303530598400
411614365108805634
416031565282811904
412149859492585472
409966586381225984
412620970877128704
411941842973130752
407619161938882560
414290199599144960
407121229548908544
417380365775695872
407709927264616448
415579469651668992
415232316273737728
414015261293830144
411488650073878528
411711437883457536
418154047758020608
411249243177746433
407693442202890240
417308563019554817
417113789457117184
408006060688297984
412610720468328448
408095947080892416
407558183691902977
407784392723931137
407264717053255680
410484078937264128
411516868822700032
416516412111593472
408016055127113729
407803796194983936
407787715120201728
414426231766269952
412314129139904512
408151306843742208
407707149540679681
417445321602777088
416219804031139840
407141274370592768
408798215060721664
408026560248049667
415466229256957952
417470019065638912
407432061507481600
416246982479335425
415011260153864192
415598323429429248
408249851516694528
409241543585701888
414947424722223104
407423733935009792
412054311942623232
417262419443212288
407121033871630336
416014529064345600
407825513869103105
416489728725090304
407827931306553344
416011549741174784
408646936502497281
407560260623536128
414941528084471808
410526653266550784
408872034072928256
413877568493092864
412969863129214976
415899471047032832
407639247391174656
414939646012170240
409726323020820480
413324463027916800
414108246496919553
407200592646254592
414880457537224704
417534371545903104
407419810490773504
408019535841611776
416186316611534848
416151329577639936
407613981889531905
412004850080432128
417224859035660288
408012315611512832
411938905726779392
415754860793827329
408274142941560832
413175548354248704
407281380142637056
411478317649260544
407158325231357953
407684873667629056
415513701739810816
415950266068783104
407587531857752065
413308640380997633
407825678420041728
413013968697839616
411146832568266752
411607489671868416
407617558003462144
414425112260378624
416393739469205505
407761995963047936
411446170246848512
414821220434317312
407615058546814976
411488663202041857
417798345147834368
408396258496512000
417113064660414464
413918994265931776
412114575270494208
407556160943050752
407885806775181312
411479429974470656
407809357091315712
408722700777975808
415187383257006080
407613459644174336
409113883148701697
410719657986129920
416225468233572352
411476936137785344
407265927978565632
410406362439372800
412953072378597376
407713386315530240
407417095207403520
410651670557622272
412314249705160704
408630534013599744
414977685043937280
412981496496943104
414418520035045376
409609807369601024
413400982542745600
411873570835271680
415997590488875008
412310977045344256
414939259305332737
412007147317506048
409841253203730432
415212821505249280
413604762387357697
412519151949733888
407309984414707713
412210148732436480
407815103493324801
415202088012890112
414939397369626625
413506566357143552
409140391779500032
415375453344395264
410149586112876545
415425779951230976
408521681397772289
408121753810923520
410156643801137152
411478246153547776
414642254033088512
414945830504656896
415262004174012416
408019301036081152
406936987032387584
416136387474509824
416181289218502656
416589433110941696
408838514084937728
407979799303307264
407105548413599744
407891772191543297
414833579513090048
413999668834467842
407417709278687232
412968600899551232
410445902948474880
415190895072260096
411807909182332928
407615212838481920
415219514565877760
416001318180749312
407428431828111360
411478234753011712
414795934908686337
407104598638219264
407745379484975104
407108698268790785
416186856229699585
412094277900972032
406975450402287616
409076571862216704
408778937607524354
407454755636514816
416066191107825664
415918652689756161
416284962154115072
413624011273142272
407521563446370304
413021130899730432
407782145629749248
410151751506210816
417708506406342656
414940611817385984
416447056115294208
411556151931588609
414292413323411456
407878146693013504
411537595999322113
407789617090269184
407614163272613888
416227611162210304
412057361855963137
407159899374624768
415138963658010625
407615077655642112
408993102280413184
416126913145733120
409800829382971393
407613856203431937
416031904710668289
411488711805636608
414291420334141440
409792879176192001
407452388153249792
410256661442338816
416185451234738176
416529845875535872
407578527509131264
415183072821125120
413571922547335168
416223550232879105
415036975331434496
407847073267335168
413345548226158592
410161423537684480
412007403123535872
414441470163034112
408881655202721792
412141299379085312
412003484670509057
407993255016402944
416079725803491328
408450952791093248
407636117270171648
411977036539117569
410076897578864640
415900320246824960
414941819412414464
407555761724981248
408092073435615233
410858847197085696
410760325487525888
417484246001803266
411488587289346048
407397255063171072
412711697757908994
410859742441922560
415825521008578560
408099553204645888
417796611356753920
416491127600996352
410148532734427136
411326430866178048
415298599279276032
410155288994795520
411488054059483136
407815667719868416
416001679738142720
414554436909162496
411399321125277696
413004221617684480
409351405418610688
407614309846757376
415299805095538689
407178498973769729
407820602485927936
415216796841418752
416329670318370816
407110411805552640
408730636149485570
407911617272508416
411594826904129536
408301775071236096
411861820501397504
413995426971267072
416578390314217473
407772380958715906
408324178241409025
407843024920907776
407312051061522432
414304943018106880
407685949124911104
408091757725765632
415149773423788033
416466715493814272
410167988529430528
417477846781534208
415294659905474560
407483533905514496
413057698934976512
415642202724114432
417373130269933568
407618292249919488
407374682682179584
407834519535124481
409495424400392192
407919815421341696
411951423522611200
412114490893672448
414289459426107392
416312882356576256
415187427737604096
414373018513989632
407702885971943424
410204323692294144
407834950877315073
407827594571038720
407613821667528704
415918349630328832
407824855405305856
415649969475817472
416348773217239040
415280830647259136
412486227510575105
408092253941669888
411866586765877248
416341916880748544
411125943613546496
407888645522087936
410156564604260352
412823678528020480
412672834565971968
417092814254510080
414209911422455808
408173441036976128
416798060002291712
413500499678466048
408368617718153216
408092058281181185
408152030424096768
415289520306028544
408612075804450817
412129251932897280
416044121590341633
411491472022577153
407813433803816960
416223104386736128
407360412623990784
410448381492727808
411508740534190081
415603043359412224
411488744567341056
408018199083364352
414938999342792704
416491825138921472
418039129499131904
407427779324411904
410146146624217088
417559992518979584
410100922896121856
407257472974721024
412689293438496768
407344253086359552
410165924994772993
416187013633949696
417392378329038848
407592203616153600
408046793331843072
407601629441970177
415924941532725248
407669599572742144
416001831563579392
409102188309671936
412683722480447489
415527938541367297
413176742681903104
410016846604414976
417405389970231296
407617478945030144
409498927478865920
407792290363478017
407699119986049024
407233594684637185
414942759812726785
407839342367744000
410913386839298048
407120347700277248
407720570717888513
410555452909305856
416003726437253122
413879586683109376
407712300519669760
410145855816335362
417367226069446656
408685400862261248
415520740637966336
415754058276691969
409042826421215233
407662300737200128
408084191725637633
416186958227206144
407948331307245568
415887095463309312
410240407323164672
407623081575059456
416802615712694272
417484019324813312
407693977429635072
415609908671692800
416160095764893696
407735164966404096
407576055084376064
406985166431584257
415173871852322816
407640767755067393
408603446145581057
418064827504799744
416209660698689536
412675569931657216
407815380556869632
410016845845254144
417394775399333888
410249839830511618
407758293470162944
408290098091163649
416142968740122624
407994884075683840
414291493416075264
417417298656624640
408330570393866241
407392550371074048
408130628052598784
407559237418893312
416181158213603328
407319010242347008
414963853311873024
407663860288454656
416831113341190144
407255179588042753
407164316165476353
411488892580151296
413312521890566144
407400908247425024
407632905876168704
414965674528620545
410520215941042176
412955337248219136
407851824624828416
407615390664388608
416059182102892544
407448695115096064
412054309262884864
411488673876566016
417618941972738048
408229864580194304
406987544618733569
415824580599504897
417487213027291136
406974701118836738
416090524257230848
413446727866515456
412461246521159681
408401620679290880
417005308259885056
410914680748912640
412587394907373568
417923791981776896
416290270326444032
408464626452815872
411845967428591617
411385119027384321
409318251202494464
407368693564203008
416640926191476736
414995672044404736
415999890670354432
414792909494300673
416246576580161536
411926342020894720
416644005200277504
409507303264501760
411573506459959296
416241127118082048
408047249034190848
416353799280672768
407694454011592704
411495886816960512
412742875387277312
416243297720741888
414576521974919168
408166027772456960
407549269747322880
416604333514293248
417041561994547201
413693009016803328
411663269347090433
416293576256274432
412307468396793856
414507406279081984
407045872371765248
410531717980889090
414410998310002688
407654149246169088
408016603469852672
416138559431536640
413626965719937025
407960880391798784
416155430793248768
407704900957503488
412114754824445952
407648397387399168
412381179552075776
413177745867546624
407614402926358528
407547284105089024
407417365995876353
410239067830243328
407349358472880128
414916143598796800
407673701841113088
407620337447104512
407409220019961856
410157085083840512
411969725925969920
416118065349554177
412985308205289472
407872603878350849
410022770685542400
407847074034880512
414104742533423104
411515272416067584
409895316469477376
414113462319464449
413254893420306432
408097387165409280
408552412837052416
415051993556606976
407123677403049985
417390915762667520
414052413599805440
411938428020740096
408007914461200384
415194622776713216
411522938345492481
416629363992317952
415573680563834880
408199541083480064
412627153474166784
410527467791593472
408048300093231104
407891461435568128
413789958797676544
416644480192630784
407614650944352257
416342337241899008
408011829320105984
407130301656100865
416001584481312768
413053627398627328
407460224207814656
407489827269906432
410525085121146880
412113843389624320
411478123142598656
416510734281879554
407792269639430144
407497995140079616
414943674154229760
407616713849835520
413890102495313920
412585994467438593
413681644907024384
407562333154594816
407613607602847744
410525079890841601
417674959679672321
416208554849488896
408150047432261632
408239805378490368
413176567335235584
410527124110311424
409981107199692800
415182127236657152
411661851609427968
407558388340752384
411647233432780800
416645551250087936
407476673861275648
411539736285966336
416915052189347840
415897290415411200
406961143966490624
416290057004122112
408129821680869376
415538549992071168
415955090751913984
417149428881825792
413502978155225088
407324303508508673
408076959592099840
411614284058079232
416503635208437760
407616185182605312
409742491756142592
411941843048624128
407909041957240832
415790224766423040
414411927247278080
417478448186011648
408752840694579200
407762721707270144
407879860401762304
410185715352600576
410166725322489857
407776497739382785
411591081294581760
416731815714762754
407672817358872576
414412340004921344
411623935176753152
409303526754361346
407624199105413120
416589433085779969
412116694983667712
407978341577138176
407815101803032577
416181241487310848
410153506109423616
413177498231267328
407586988125327360
412164183682056192
412250728238178304
407369823086063616
407478987946876928
412310490325737474
408046838433185792
407294311341240320
417345070891667456
415686512152707072
409972687491317760
407745538176872448
411576384926908416
407862243640868864
416394863056547840
411537600193650689
407556290840657920
417646916160069632
414447513442455552
410326494469054464
413624169889144833
417432111998857216
413949641059598336
416172024923291648
412059197644095489
407565324666425344
410043504052940800
407882748049637376
407670685889482752
407615279393296384
413641649118384128
416372943204401152
413058075315404801
412674615199399936
408027347611156480
414803075254480896
415220101324226560
414796491312885760
416570914894266368
416000346486767616
412310106923999232
411759184137695232
416491776879247360
414964474143977472
408678505698705408
414700599632855040
408624956818198529
416496259097059328
414147568776404992
407772953380548608
411683277758820352
412114661937397760
407433306003615744
408971630216372224
417430380887945216
407253072973676545
408121046022098945
407759042451607552
416478569485721600
416011878637522944
407806147765100544
417253692090241025
408744699520749568
414292281282154496
407547096951033856
415381222055874560
407616194779549696
410254005466857472
413256528091545600
407766227541430273
407490073924755456
415011335173586944
407831177387466755
407615192923512832
411151727866310656
416153731420667904
411807909211688960
408139912639041536
410520217245462528
415624851869933569
407741170295377920
408072590624706560
412277359413563392
408792931361759232
415255520996372482
407203105252839424
411490120282284032
416185161768656898
412275967420547072
407771403610357760
411836342041976833
411488750531661824
415342225342472192
407815610060382208
414945081246773249
411832687188398080
407615517898178560
414297951012679680
406999738362261504
410436073567711234
407619194566762496
411598550779183105
408894287443537920
415611031608500224
414458244279836673
413894008608272384
408997583231918080
408148649810472960
407924928131117056
407340184796020736
407037097745211393
411493760065757187
407730716999286784
414248879014428672
407781571811221505
407665728028827648
407789311807852544
411951927271108608
416244757245870080
411611835981647872
417659424165994497
415259102340579329
407945847410663424
407212930405392384
413955149250306048
415436609023410176
410156503769677824
413077143141089280
414179476260392961
407706659864064000
409014419830865920
412172064775106561
408374619762987009
417307034975875074
407793123939876864
417968402586562560
416589433077383168
415232021300932608
407682474253090816
411927437136900096
407824451154087937
416247965058355200
407668365961207808
408091450136469504
411508670594568192
408143041984090112
408252335664553984
407565323668189184
410162871365304320
415537399582949376
407312397578563584
407452109680812032
407832468612325377
412278126706966529
410151911644741632
408190685876338688
407436340326711296
407330095578112000
408227415568048128
408207623893159936
407310955597803520
410151074935607296
417582606130356224
407788230868619264
416055199808364544
417101286061137921
407825183811321857
414945789698646016
415260705076432896
416009105355321344
412341414782316545
413013832114503681
407577417545285632
407423763399966720
415187891711533056
416009974959976450
407694941293666305
408445729787498498
407804632941854721
411460155310895104
411491582538293248
415951656870608896
410793741914341378
407965225934405633
407554875501727744
410146152462704641
411557340094414848
415568452175560705
412287854841044992
407547669033537536
408551650677489664
414145829461839872
417983544854450176
416644677052293121
408785902119305216
416446669509902336
413875056583122945
414942444539883520
410179698283397121
411820059938811904
410153586568740864
408417821656223744
415954566325088256
408289998694129664
407845189185978368
414211057146531840
416077373625217024
407600093974380544
409408954754551808
410156709353889793
415179519570366464
416488218259767296
411481044689223681
407816889298341888
411709695477694464
415475162369110016
410358978376257536
414889620082421760
409027153154822144
407833073603338240
407116015450206208
408173596071460864
407717323596763136
408159392496754688
411488843280314368
408072700679036929
408015355374604289
408462317420945408
416607955065536514
409028192574664704
407690418600415233
416210341631377408
409327170683539456
407515266344431616
408131534693347328
416245884599287808
411432163653857280
407556337347076096
416642956116770816
410161351269818369
409534087935033344
416684393986785280
408287302046478336
407881872379629568
415789953613058048
414410572269383681
409101447406424064
410021402121895936
407795614362001408
416362225931407360
415711362594004993
407122493581697024
410168157996085248
407671450858831872
416469986576990208
414818544413839360
406999119325298688
412114164878831616
407626660440473600
416238260856582144
411512500945829889
407810834996285441
408635383996768256
407614226459402240
413016767737233408
407324651899985921
407616504029806592
407666062621036544
407737123844804608
407875139896745984
407268661905203200
407895951932948480
416080038896091136
413324927492562945
414290442163720193
408079426845290497
407617489791504384
408173243275939840
411523933473480704
408030501887557632
417485695742013440
409079268044718080
412588199731806208
414506931231793152
413269173544837120
413742487249747968
412609635259260928
407725364484395008
411488717656698881
407613839341916160
417539927589388288
410168292125331456
408609309543510016
407612573153230848
416488128313315328
407285070966169601
414411459142373377
416883935919210496
407147856072417281
414061030986092544
407617723540471809
409077351394607104
411247900434264064
406937672767123456
414290944322588672
407806757847957504
411975136238002176
407558439456768000
416447821768687616
410529259091148801
415134331837767681
412340307745714177
411526351481339905
409333931889029120
407766220545748992
409353314728706049
410182182934958083
407613281944494080
412065914280894465
411667211829665792
408326480733544448
407417520514035712
413502510322954240
411843272110534656
407932094225346560
407613568012390400
415298720243011584
418084681930637314
407394731304296448
410040543121391617
416208266025136128
415626869246267392
416798709192482817
416134644430811136
407763766244175873
406954220412104704
408151031235608576
415177104066494464
416133731766657024
410357668247654400
407560529000271872
416031451009019904
407555916360212481
408033936099385344
408328678003974144
416147351213211648
411685481840386048
408747313805283328
416513922787602432
414271024977297408
413324189492191232
415262319615414272
414302017348071425
412114252925652992
407745232923815936
412955578898841600
407162457124122624
409968261967937537
416238570152554496
407565770164416512
407832735177117696
413133944356220928
