527922278756282368
524311906006216705
525226560370917376
521718773133615106
520258244304838656
523014471069868032
526392381332283393
518540949941526528
523456233005522944
518912042116198400
518140268256567296
518104298564362240
522316349570564096
517883335486767104
519777921897340928
517695522090782720
517685534614118400
517821408898846720
527280412020592640
517327076807163904
517472035811758080
524557515913441280
523941335762735104
517658580900536320
522415687814623232
521694822084911104
523860058048696321
517549464026763266
522421206763700224
522083951733518336
519163488313561090
517748061310033920
521922423260602368
526689686883160064
519477879693119489
520644769144668163
527992864589238272
521401197324816384
525408087768043521
527432189877571586
521307549598228480
522742340516327424
517779901139517440
527112837374963712
525308627016749056
525633769257316353
519194188492312576
518913331181395968
522087245327527936
518109798500298752
525656450496872448
517583333300379648
519611715852316673
525638776446812160
517669610431471616
521759576060751872
524689563654971392
517357608546480128
520640076401745920
528111281597730816
528102888845766657
519304026005839872
517299938535800832
517399961097740289
527108202870358016
522163324708872192
520589755785162752
525178405017649152
524700609161613313
522316550209282048
526883447126515712
527407787366563840
528110627634417664
519558019995406337
524754759341727744
521850906019508224
521588360146874369
521676459148984321
527131824481251331
526664332038668288
521024692174729216
521950174953091072
517461244258041857
524567097687703553
521332246222209024
518910835939631105
517738506064789504
526303369775026176
524840727592071168
528306446447157248
523751037119655936
522300423353696256
521464859896991744
517982322956587008
524311794660020225
526908855708446720
517695617456680960
527824705156554752
517258031030337536
525621017327058945
525623896956239872
526332845133164544
522661762819059713
517398324476133377
524694695620771840
522743737630593024
522725664454377472
519903762266087424
526520585049096192
520734698486513667
525485751023464449
524684166630105088
517213586137968640
517693776303632384
518163948626247680
518582606347390976
521721839291084800
521242089972305920
523053678769369089
517379813305516033
518883774285639680
526067437360664576
521778703630495744
517637405130895360
521237197035667458
521814481106894848
523975024219152384
522747004443963392
522080848280289280
522079382144159744
527566249665249280
523662077366247426
523098335813443585
521735786367307776
527002403048943617
522079348522627072
519201698309369856
525778892230242304
518012472956313600
527294817601355776
520178777289416704
517866826533859328
522757228311642112
524310295548682240
522777572208562176
517994082116059136
522028369052188673
524564594656702464
517254298380812288
521693879083732992
525593438872686592
519778276818952192
518130519046111233
519281370212737024
527136083138850816
528245052133638145
527939821587529728
520288202964606976
524344394586284032
524427620989947904
523145570316066816
520824258227077120
519799111059390466
517397036954439680
517725442225479680
518165720757469184
522168019787608065
517304614971260929
523743998994042880
518115797198450688
521936686284959744
521693916912160768
517694415742468096
521733426345676800
525140276235358208
523007995920142336
521877142838460416
518175992868012032
517613445886140417
519205575398535172
519977356195160065
522755150705086464
521777006850359298
522951060281774080
518722607869227008
524809567499075584
522164729087672320
525943151702593536
524681233196793857
520142152404598784
527132565397053440
522886986063826946
522288466168938496
519831136663396352
517697832300847104
519575946051866624
525380026405892096
524699629699760131
521021611353571328
522743012162809856
527089808431403008
518784688648097792
517361789294489600
519054138223902720
521716140775845888
520597479473942528
522673989974368257
521687226011643904
517694812594929665
519630019039989761
517983288867430400
522744376393342976
517982312605052928
519452456657235968
517352683858956288
520967314036899840
526103950445907969
521144380976267265
519196470549811200
527132810776416256
517287530694070273
520561442508918784
526579673556602880
517381233202847744
521787166578315264
526160507997130752
521465854978846720
527435208271081472
521686805867798531
522079666224373760
520313972537692161
521317443822567424
522136376733868032
517830617745358848
521330437570834432
518478245831143424
521777458551726080
524945900263993344
518931566299344896
526003919127052289
520596673614327809
517374895903096832
517437531420631040
520230985016029185
522049695988719618
522709601591255042
527791637351899136
517651079660859393
527757707038957568
518598178338512896
517670306354573312
524313372204867585
517765126833700864
517632529835520000
518569894355668992
526729561862438912
522322881200406528
520594743643099136
517304302369394688
518760050739802112
521220374382383107
523150006577270784
522162350900523008
517756287958786048
517227368176693248
525964910342455296
527110441248755712
517321523259256833
525649050218270720
521693375238795264
525307195827576833
521721618130026498
517417717201387520
524141098793725952
521198581240180736
522718758444732416
521618806456598529
518515212379365376
521024596653273088
517480918957961216
517394781698527232
518570230864293888
522786367735361536
522725958265348096
523001682460827648
524772004042260480
517320795832332289
522749390730305536
518011097761456128
525070645953323009
519159551979831297
527435208296235008
520641021353291776
526607412384788480
523968713515483137
526664406847873024
517983096197877760
522694459813683202
527615508229541888
525307566029832193
522050517691023360
521200141039308800
518410666185854976
521773875789438976
525638668435083264
524550663108194304
522692565351424001
519539435017228288
521042979893817344
521640749038055424
524364525307699201
521276119786737664
522099541999243264
522158240025423872
526576522061414400
519905681395437568
521957359208247296
521678220845142016
522743176294334465
521788881516376064
526905186917171200
519862075800424448
523145255194218496
527015413872615424
523956648839503872
527657676788875264
522965391715209216
518073096377360384
521253028255375361
520899599217598465
522186204435845121
520729775422578690
517283912687824896
525640782955692032
522286043802787842
518749540586115072
517597757864173568
517407131113226242
520124228340031488
518067716511764483
523742861733294082
521710961896726528
517671729922318336
519846443793018880
526508568590028800
527843424461160449
518613138053550080
521503992187478016
522687227865096192
520967823460290561
517645786851868672
519794442283130881
518000566782283776
521689119806988288
527568633938341889
517669779562590208
521689529443696640
522417907146690561
517383540502437889
522713247640604672
517490651173122049
524686801366417409
517259318987882496
518027462656393216
517697402334355456
518573703899406336
522185509871693824
522747728372068353
522829909673381888
521255848421515264
517323190121406465
526010777266712576
520205817912786944
517336157156560896
519177172334817280
519052000760057856
517422284936450048
527098374882074625
517703172929105920
520748667859648512
521679937108213760
518908714003464193
522948483423035392
523379793715146752
524890265312833536
522300408983982080
520626941351960577
527108162177236992
522025311513608192
517248613869568001
527202750740692992
523823664530460672
525785911141740544
525650399639109632
519934389669863424
521915854666358784
525633381925539842
520223688835080193
519066445980770304
526165331690024960
521596361406681088
523198754527006720
524842222446190594
521860745407909890
523596367596630016
524557023069757440
517679342562729984
518410662071271424
520904538090270720
527786852200513537
520413627925278720
517993556733358081
517630106605735936
527227024339787776
518570352243642369
527829179052851200
517401781568274432
522685324321755137
525200953298132992
527195486520754176
520748558614409216
521726853426720768
522286665117601792
521694858642481153
526771596397006848
520153353368903680
520646460745207808
522162078212042752
527411924179247104
527626692009795584
519055264902053888
521017111716442113
525608786216484864
518010458339803136
524266381169008640
525339447291035648
517812559760879617
522156399930130432
527843711648931840
519540800087023617
518102070973714432
524308244521422849
522294898389553152
527102652564643840
517723343987167232
517359938952110080
522130882912460801
521803305492561920
527998956664406017
524945900280758272
517596115667910656
525094488776396800
521016888638181376
525472296421822465
517670876054319104
517525095464464385
518910427930329088
523743272670224387
522392939272888320
518641752475832320
524562677134139393
518738687279239168
518914656539521024
517556279108452353
521865633693061121
526524839096766464
520167042759286784
519471002988724224
523118430015483904
521672655465103360
522512367943303168
522181575904346115
526670717782589440
517789754717257728
524832824340512768
518429835451179008
522881308075102208
517718308544839680
517661145499303936
522665715623411712
517412438875320321
518356011967852544
521695135391039489
518270847782375424
524995485161902080
517973830480842752
521944859771695104
524924893268570112
527860735918219265
525278532218658816
524546529227735040
523662274464980994
525479797288206336
517803080599883776
517717315660832768
518023898114191360
521890422998978560
524417545768820736
517781016866324480
521767896637136896
517503355552161794
521647554828963841
522450098605678592
517648808469995520
519745949082456065
517645772603785217
517787076826120192
519299898769145856
521330377382977536
524343605117190145
523794281069162496
522741875875528704
520826571935186945
517310831768244225
517490128269606912
525303213046517760
522079350103871488
522302933418119168
518761401339617280
517651774065606656
521619430280032256
518188640057307136
522080216093437953
518971239596298240
527873477010022401
524680862491607040
526401597816188928
519176828146049024
517661476346028032
524454133504675840
522708686129491970
517322605435428864
527824375823601664
524841662695370752
520272284117114880
517361864632979457
517566788247105536
522631369554280450
525299963794685952
517499946606813186
520526040415096832
520684085539504129
519843878481199104
523135052453261312
519937868551426048
521594705369636864
517782088003907585
524984733156261889
518538940757057536
522079252573724672
521148584658345984
521038026009763840
525576687082541056
517753479540928512
517369929600098305
519491843940450305
525178810996916224
519433100804489217
522867573113638913
520680501242109952
523372024471617537
520807518415499265
517981691311181825
517735791565340672
527738548729176064
517474049291595776
522951142599589889
521823217158066176
518448065892462592
527102558524166144
524786102276616192
517527237340327936
522654429703467008
520807518428086272
519202473475866625
518745554390904832
517555756326215681
522973467935657985
521589763565191168
519837400239861761
520147620820701184
520542150682230784
517474190677786624
517273575783288833
517320686642405376
517403857283203072
525689827577327616
521677104413687811
517738506127704064
527510826136006656
528124067262365696
522515768106160128
525238059411841025
528039360642678784
522477378157551616
524719310762422272
521809872904392705
525576687145472000
522685405724823552
518909230481682432
527412160943910914
521585913223073792
521672655486083073
519932888222277632
519817075020550144
524141484308971520
518009701993545728
525632822082813952
518051399108931584
517526654336253952
520202037511061504
527791273487634432
527519024528502784
520969755814285312
522685031982968833
517400166765461504
525958755952115712
525869420284231680
525464272793767936
524756609503731712
527992773241085953
524786304408502273
518072168371208192
517716622812135424
520526739135807489
522358272678834176
521457278805749760
527825090743136256
523564811422953474
523772870564925441
523108637724909569
521588533812006912
527823639006420992
517398836902645760
517487796018085888
525563814985879552
525618639844544512
523667868823846912
517475793166172162
522744468236435456
524855401268146178
517672638584733697
519891606510788608
518699059818033153
523972386652057601
527659946788143104
521695551507537920
518116948878827520
523033486794698752
520568684150939648
517498495855755265
521218698040717314
519193866927620096
517964858261008384
521708991949189120
525220871682945024
524851195597586432
519087845525708800
524552718065889281
519001933902651392
522673084604497920
520664465331990528
524940133821190145
525545468646809600
518963777501679616
525736540103016448
520948131023044608
527520732134535168
517685117234741248
527768714251628545
519558020062515200
526430407924150275
519064411638865920
521964787639808000
517271469324124160
517281216564035584
517724925142917120
523453778536988672
519801148837228544
526225468396036097
527124397837275137
519216290347495424
524476118368550912
519409023347466240
523274926883491840
519738696484941824
521716210908794881
522169041184514048
518297614735781888
522725958336667648
520165598807228416
517165446978486273
525313630481293312
522742107543719936
517463134580121600
523183480872517632
527915900142649344
517737616306098176
517526700028993536
522005709425479680
521067898996269056
523972473952292865
518163609432915968
522098647802998784
519463334832508928
523704653670674432
523410635640823809
526471238533672961
517668236813680640
527132093835644929
517622932299079680
523464036386476032
518134975359889408
525138112209760256
517368880218791936
526420818579189760
518171022969667584
523714050664833024
527720327380762624
517348098654212098
520919264195514369
521051534352998400
525211916935766016
521109596920762369
517397295714017280
520109459675172865
528245568913817600
527960196111679488
519784804926373888
517415377241120770
518050673460801537
521409885247139840
520305638111711232
518074305700446208
521662071537430528
525417144108847104
524969976265179137
521949113483411457
521694599568711680
525459757746774016
524970949595394048
527049253412438016
517397156336910336
520731379051798528
521471232831922176
518408034985730048
521758233896423424
522674082064515073
518538430486429696
524855965640687616
521641441916125184
527108203000369152
521599249776398336
527128069136711680
522680548854992896
525341474901471232
521861175240572928
524470072379588608
523040487130038272
517403445519978496
527940449881690112
525004561690275840
517841897390219265
519735191271923712
522746111317270528
521687444299993088
519975475121098752
524683932264980481
524684709565976576
520761988809371648
517522878988709888
523265599959732225
519535543395155968
524848544159514625
520586025765457920
526664514398605312
525713250848362496
525856294314315776
524249551637463040
523704276993183744
523505201437626368
519863269155438593
519065240546181121
527083858647580672
524140664502493184
527962936149827584
518165438984118272
524621375382626304
517413055349538816
525569828128833537
521696240946663425
521341963753119744
517688802807382017
520212484998053889
527914102040317952
525701486454796289
519212720840007681
517399128255774720
517865064452194304
525593121988816896
522909199777284096
524568575323799552
528101177821769728
517280579377565696
526177975297769472
521786686234050560
518952323058765824
524141098915336192
524704942330609664
517490702054211584
517410146277154817
521941585345273856
525735918607806464
525276745310556160
522834871404613633
525232955527274496
524300838114570240
517236143557844992
519461441150414849
521694496334307329
521459125914333185
527756727371173889
519469949757448193
520117840259461122
520669808707117056
519578402299183104
522912257710120962
519929315538915328
518169547464273920
522970026869923841
522456884968562688
522538096307748864
522746365383024640
519890705234530305
518910231841996800
524415415892447232
527824319423217664
524497349976940544
520807559713026048
519050383235502080
517982225363906561
521548725584674816
527327056087240704
522685279346642944
523370669334343682
518290660034891776
521679895001575425
526508281762570240
527135668951347200
517314376853118976
521853920226721792
523661019596337152
521760337666662400
517475318790377472
522726594528706560
521329701915090944
521255036736012290
522666526789214210
522935150401691648
518405940597776384
527100631203725312
523087817220816896
517312231714095105
526671887594582016
519222302572298240
522592889218416640
523038572677316608
521783996846718976
526904481175203841
522946215529291776
525200953302335488
518568944559726593
518626099920510977
527989531492892672
525701024187572226
521870864644448257
517391056296345600
525299803388145664
521496478276005888
525070106356092929
523450036869279746
517106898999717888
521736323632496640
518962537170497536
521467576002830336
526314604394475520
525634704972976128
517439936015126528
521226333385670656
517517189914456065
518270459528228865
523816847460667397
518406654103007233
524694059026116609
523566580152541185
524702723854176256
520730011285065728
522499753611771904
522387736435499008
520766800061931520
518568330433921024
517981412759457792
527657915293773825
523151717160873985
522370837526347776
520733902541836288
517310092979748865
520584750583394305
521738471086772224
520282711525576704
519940770187735040
519050323261136896
517125629758554112
522664292848386048
521494343001993216
527139477358387202
525314769977622529
525004723393277952
524883389221183488
527034486719250434
519441681112760320
521730270740119553
525674205854334977
520971602272337920
517322164064628736
521731359875022849
521506163180175361
517397649226747904
524953337196969984
522342757436645377
518151001878978560
523600320635863040
519766621687013377
522675149989220352
522316349654458368
522681939082235905
517407716839415808
517445330980200448
521252843643088897
526675834372100096
525307400468037632
517671341517201410
524418080324481024
523009928290525185
521750137836552193
517947418990882816
527824024181956608
523807234539520000
518167355055017984
522161923903614977
523011369495322624
525179072662736896
517982790273748992
521209902006816768
517690380599304193
523979390149861376
517990292553998336
525274584556511232
525628677305171969
527999932565704704
518184790604804096
517406822157012992
517984224151085056
517791239392202752
523007151296364545
518794533904338944
521382729599168512
522501362752319488
517694260981014528
521469623028695041
518568436038115328
519195300918206465
517280654833102848
525641909122113536
523040946855112704
519053462710280193
526432263765229568
517647122716315648
526204936892055552
522660405953302528
522117930142547969
521588900343840768
520881691427364864
524235828542066688
524973035598520320
517485288781008897
521058962578227200
526130002174410753
526391624658862081
521768258996035584
520640731221090304
524160112676446208
522660947773509632
520640422323163137
527520281209081856
522729030324592640
517279263569883137
517231325451796480
525300159597797376
517670710823493632
522961394405081088
521391545144983552
517476835563548672
527412276358160387
527129562921332736
522874856946167808
521822900785913857
517400667082981376
521742774903648257
524545227131215873
522092023038222336
526905024249483264
520580299697442816
520289100184952833
522961950829846529
520686711592873984
520718270224429056
518831085808267264
517121053080817664
521780263932555265
518009044775469057
517397656130568193
519478501548638208
526003870523478017
523744363588104192
525623694786592768
517314240990826496
519541800735105024
527996042009391104
518187097690476547
518229789887721472
522284633971384320
521673310212722688
522988300299038720
520944017132228609
522079381280157696
525300159480340480
519748640693161984
525462122097311744
523957221814583296
524851256356270080
518597634375049216
524708355541983232
519468768008085504
522704592203567104
517746681933471744
526667119585284096
526065243223388160
525344898573033472
525076246167052289
519329371556167683
524315559681220608
518570197549346817
520979587548057600
517699347505754115
517506297982623744
525255924618129408
521952160247185408
525750768955949056
527997295141609472
518932414299930624
523811336002998272
518910034303258624
517991086699315200
519483319654703104
521721164159127552
523565188742529024
523052352224235520
525079964757262336
521640268064636928
524702147317731329
522079378595786752
525587316828409857
527117257424777218
522761745988067328
518909354565963777
518598851305803776
517444589561475072
518876016555483136
524690793710112768
517638596480991232
526113974153392129
527767339731660800
518588271270834178
522694491249971200
518876955442024448
527993544179335168
523875531247190017
523009320997629953
523877662192697346
521964787543339008
525197918727585792
525480891070435328
518010262524542976
524270092897755138
521148421902962688
525640117026045952
526430533828767744
517837869193236480
518025139058130944
524926880815013889
525618300638605312
521940151014944768
521887045057523712
521030169599819776
517108036129669120
527988637040783361
522689033726480385
518621656638836736
521694613737054208
517153220993368065
517671527085780992
517239526998020096
525178940768661504
521486046668660737
524894801372520448
517321851135991808
520263908905746432
520535224040841216
520980718252748800
518153694324334593
517176185231773697
522438001884794880
521455983952797696
523010774193565696
517214369482952705
525098703141744640
523461574237761536
518405195739320320
526695946470424576
517688803805642754
525465570268172289
521596689711652864
527074391130394624
521974501178097665
524963755374178305
518612153952006144
517406696897929216
517651910095302656
519579182460719105
519280397327155201
521650668063322113
517741486788456448
525307163162705920
517464656495915009
522079368781127681
517701826297487360
521706251038646272
517863977708441601
524927044527071232
527995791076773889
520640040872185856
517703336225931265
522733224238522368
517645764680749056
520750622384336897
517982002868256768
526049812139888641
521588360058785792
521858093165314049
522659715902230529
522106877782786049
520969518085337088
525700184433762304
519915338260307969
517283404862455808
517321181004050432
522781195592273920
519070502254825472
519915503221882881
521585104247095297
522660549285277700
518204109699035136
521206814172393472
521711804599525376
522662760346173441
525099653193150464
522402551774597122
525214809688518656
522255916859547648
517449329045684224
525307830497452033
526675834288209920
521971792638787584
517549154676256768
522754297512329216
526519966510878720
522165773637132288
519647725613101056
525307217441193984
521070511543967744
522316453832568832
525302914748010496
523553383144099840
522954981536583680
527989777430511616
523008335419699200
521680296349954049
518133534729703424
526645374262329344
522674376584351745
521468452343930880
517440822414163969
517577620871847936
520968193561878528
524603291200536576
522662419907100672
518152265996455936
525463656633348096
523011938498781184
517695774311079937
525180572269043712
522498934754017280
518971953806598144
528221272627752960
526894609801035776
518165770459947008
528036100925685761
523811372077834241
527108162059776000
520580299831656449
517672706633138176
522657938444259329
522116955793543170
522385592349650944
519451978565316608
517173458946367489
523123438899453952
520265905079451648
519420309200703488
517668420087980033
525342780072402944
522727090924572672
520683378254020608
520413729549467648
517398646292484096
524684429386473472
521771678863732736
526587221948653568
525557318759378946
518853141513924609
525952444531236865
517695476993638400
517696729777704961
519545618750922753
523151513284141057
520195529960353792
518279810007584768
521619883537076225
524670731272343553
517762253182214146
522805041795584000
520166056732950528
522952582604419073
517645776722620416
522737704388530176
527038198095294464
517749127309164544
517145453507260416
523116381949415425
518098686492942336
517475391947038721
517400261552508928
527413557408047104
517422689683009536
519877431163748354
525659351181438976
520432909526659072
518184237896581120
525645960043855873
521295701565661185
524997585937780736
519468266952347649
525369107185934336
524856841399177216
527202828113027072
525578267718582273
518054871178948609
518044818761854977
517414547893026817
517361595983228930
517646576685047809
523889816032018432
519050934262177792
521717901519503360
519173288527134722
520313301902065665
523591433870397440
526670061197488128
520730186405654528
521223767138123778
525563579790270464
525686651369295873
526399634437316608
521588533715550208
524786197407625216
521616718129426434
527072864907038720
525580125182521345
522680704501821440
521688096677826560
527766220620431360
524019196796354561
518910639582883840
520960365103157248
518929937613746176
517699131864014850
518407164499484673
523033487008608256
517393698343366656
526221166495936512
517345252063985665
520594743714398208
517302599834664960
524254444775833600
522730294953406464
521057088076664832
517350385690755072
521954531312410624
522910692874010624
527532608599904257
517397306321420289
522317031455338496
520161552184672257
524497058544099329
518274968895774720
522285456516325376
522742543382216704
524841845067886592
517408920848318464
524285791111872512
525664883451645952
517430727755853824
517282313240313856
527791352218935296
517671594509221888
520640319168069632
517167371367104513
526391914715959296
521121272965894144
520534951544897536
517676783437905921
522683859192664065
521063624568479744
522433320148561920
517856738284818433
517149847368237058
522084007300042752
524335366531059712
527773932343267328
527437420405751808
524277539611897856
527426923970846720
517309860900536321
523941477584367617
524516755977555969
519447346493804544
521915285947682816
521590037289631744
522966979905191937
520356825792004097
522725232239321090
524694440376426496
517741385567719425
522922605490106368
520409662928457728
518003701169258496
520582110185537537
521722056635740160
521189879594504192
517983424426934272
517584093312475136
520726544163938304
524307116996042752
521731485251149824
522446672282918912
520585396754087936
521656350628409344
517681347025207296
523037172694548480
517709340636352513
517117487314665472
527136083247919104
521686066311745537
519049622137094144
517643547282276352
521729118090452992
517478655128506368
523894646943285248
526228172069961729
517995411362316288
527428488123666433
524028967192248320
527916640542142464
517982225501913088
521758719169032192
524889626931384320
524461956858925056
517476153775255552
525715349438603264
517985044456304640
521736004827234304
525321823064297473
523118785621164032
522086837347553280
521806806008336384
520021100038995969
519778442489782272
524856696137859073
520581790403416064
521019285830123521
524687247925186560
521721265309372416
519471360645795841
520865362854686721
523232319264784384
525315600793755648
519863983516680192
525459461792464896
526687733159182337
527142939395645440
519563740799188992
519160130726678528
521053953191337984
527970463214231552
527872925223763968
520307008462151680
522659968583864322
527763678989279232
519894044759961601
521307507512594432
525710699616825344
518910878008475648
522657058600914944
519287265042784256
520477194225983488
517694738116665344
517168367069708290
518137457288544256
517485375309504513
521475703833776129
525701012586127361
518912856679403520
524119203771867136
527838334669053952
523595595366531072
522494184255541248
523036693394636800
518645988924620800
526705592518594561
517682959814766593
524708311187611648
521971659897856000
517304050539573248
525232232407912448
522211629086560256
518867827093041152
524277635812446208
527079868442615808
521499441920897024
517665415040753667
525617793798914048
526426300131446785
518644497228779520
517697696954863616
521699046055235585
520735076397875201
517669092862750720
523945375321698304
524167129575489536
525551618536636416
522675349826449408
522742074484195328
523826772937162752
527825318422142977
527995788203663361
517332366428082177
524989546073956353
521222601281392640
523359624699715586
521916355814375424
523039858290216960
522091560054177792
525675673671970817
522662350982098944
528104956390555649
524615540862906368
526429707676680192
521024389655969792
524843967930978305
521712715635896320
527099046725713922
526705577083551744
517319242367381504
522178539106213889
521677400640217089
524840950624186368
528256868964384770
524680732082311170
526705546339303424
521596501785853952
524715182535495680
518164760496713728
521641290824704000
523667426806743040
521455232086069248
525322797774807040
517551605932367872
525278089396621313
517308044951433216
522963012273975297
521773835117268993
519816846657466368
520807518465826816
517758196300001281
523814970136338432
518881913730523136
521064152656510977
521733940902502400
523552253895266304
520442552013844480
523826784987410434
525783824224243712
523201893049573376
517397642834640896
525991532273602560
523826771267837952
523737770229903360
521084208601526272
518074955506794496
517328348872077313
526160510102691841
525307566013038592
518908793946923008
517397637243617280
520730103878537217
522394550761828352
520412992551137280
525759200002338816
518968925074522112
518757331098927104
524841059688660994
519789672168697856
519257740049666048
524850217532002304
522130311287554048
525178379403005952
527630602208423936
517461574307422208
517397746912092161
522716529821880320
522594179361153025
517282773422190592
520822889994797056
525463363472850947
520509151018254336
517391079692599296
521122808878096384
523058241656209408
525577684009897984
517191963511386112
521666382187233282
518974267359522816
524833739197939712
517423677345112064
525381016999841792
522078630671683585
521811474931789827
519593277545144321
520637765856555008
527878875561607169
520585396758261760
523010697651687424
524124071580426241
