6482226232
6701321549
6479218702
6492115843
6640075573
6394327913
6563382639
6734523105
6474456118
6804478604
6485334534
6482630466
6597082106
6218380489
6465823383
6366039164
6680317842
6476182854
6536086692
6969208338
6381807342
6930247345
6757223690
6350911609
6800674166
6397298333
7077443621
6245321123
6519040766
6506498942
6603300912
6545605629
6735465762
7234697171
6482599379
6495004622
6673394297
6618994359
6468432034
6550712078
6906703493
7203690324
6280748545
6847478088
7176885771
6686557046
6427264573
6493055021
6369089375
6786490169
6405355966
6605913480
6745842084
6506793208
6469514334
6309330869
6304403997
6537366518
6307294562
7096675119
6395596693
6360687975
6243042722
6838569230
6660944780
7088598281
6460400558
6541546082
6219873717
6742411008
6366959588
6397008783
6480314048
6773279406
6733836211
6465885074
6689218473
6856152176
6841943096
6230580896
6396916233
6503285002
6375865012
6442274879
6762317785
6465415222
6847479224
6465771658
6812118022
6395202678
6716355942
6284505800
6712021539
6537162275
7019731881
6994210234
6784387955
6764216199
6473288367
6470723228
6300751084
6460924252
6277387864
6847478458
6437236539
6436674284
6394589480
6450754271
6350925863
6311050426
6739110122
6581287569
6314162724
6856247568
6496323464
6395186393
6743800844
6815884273
6890470009
6667926227
6466059333
6412734451
6348758222
6465754999
6405388023
6303529781
6941028398
6791193917
6411468075
6408065089
6356188058
6838268108
6519174454
6228381221
7214919531
6784598298
6717463365
6724325345
6566957099
6304403879
6300754605
6606701892
6519270789
6359317257
6659140149
6395681479
6532274224
6847477930
6581836648
6431392092
6573919531
6402999646
6709414634
6462732811
6485007742
6768464643
6662317278
6220868088
6352893223
6443462465
6968075790
6407746544
6475275384
6379757383
6333691299
6309324318
7238193620
6395048652
6826942591
6500596200
6303031274
6475285045
6746035317
6220863117
6428485139
6785015962
6398216471
6933984534
6789474825
6619481653
6938367720
6784231859
6581582115
6838108187
7201987048
6358728180
6823432646
6536185565
6667016363
7042163818
6486785614
6349311091
7034439430
6310123822
6365651701
6884576289
6465757309
6598223753
6742525314
6389954322
6350612454
6847476373
6767360786
6734016892
6364139239
6532521161
6760520997
6847478592
6665017711
7091251323
6260233946
6559021411
6423389333
6475151065
6364058686
6824398289
6309324734
7042153345
6767906149
6622781198
7068036367
6747936673
6745689150
6727037262
6902840140
6777522626
6671172636
6365469334
6306094678
6533936677
6391667927
6488487340
6554416520
6349602288
7039382846
6368086576
6545457116
6464225189
6346083671
6784724433
6373891149
7214288926
6987650466
6619312643
6564983525
6493231464
6617281612
6537301921
6493289312
6727407014
6465776866
6889594675
6742455476
6435996519
6362819190
6345774564
6375708578
6847478726
6300754718
6461677701
6974851490
6804478643
6465832566
6469496619
6305514893
6431342971
6300754680
7214541501
6723087301
6491038507
6625133476
6440971660
7141133817
6375524825
6484270398
6379802012
6309323118
6471215916
6487833157
7114207280
6394659462
6309370684
6365917777
6428863840
7230334888
7230952763
6480412900
6889664747
6800434897
6359224132
6826113964
6350527955
6478354130
6487003322
6303792302
6800209631
6564664598
6476101408
6628483041
6538523509
6647770619
6481448640
6366562129
6300754654
6604124417
6454422636
7234862353
6486496822
6965682194
6349883082
6491051249
6301612752
6472866070
6427666297
6677349761
6484598644
6476630154
6733980153
6310452285
6772052093
6483654004
6350622599
6349130896
6657919349
6853465525
6556742396
6464239798
6428575608
6890063939
6371071052
6964672556
6304076179
7097238795
6486571889
7180627971
7037112097
6763395876
6666141774
6717414472
7087456276
6236488264
6564808968
7161972122
6820394146
6468921881
6493095819
6470706232
6489964276
7004364216
6737386883
6550749940
6800456931
6595437231
6367416469
7019697695
6465808354
6236073010
7031606836
6490674775
6369356713
6490380458
6305148126
6480408938
6628179899
6575414748
6303824356
6792281707
6402258652
6563592575
6245034763
6483542963
6720895568
6802586524
6664512209
6838171148
6829078329
6376633334
6826934127
6414740130
6349044970
7047820368
6501550728
6479872493
6409869652
6349187381
6906236216
6547244730
6941091662
6229487352
6305992358
6853634568
6734620985
6663417080
6655620739
6436411838
6804546233
6395186368
6350611496
6596313043
6300275567
6376465570
6220860753
6739739033
6362760481
6351004782
6569798314
6436221139
6428921567
6930444733
6375681868
6890484612
6304730962
6309318927
6667588407
6438923458
6816021244
7046373894
6674184231
6433656621
6463252511
6304216626
6562079800
6366201728
6301238643
6989577892
6249751031
6599771059
6333220117
6839606023
6674189740
6395400532
6847477178
6804689181
6470724505
6469985220
6365789531
6664353874
6668802871
7233979421
6470704074
6466884460
6350551629
6971494484
7036413195
7067111078
6409921907
6394659369
6348906728
6427557067
6674162883
6930527741
6632850618
6495857838
6798133543
6673042970
6804478671
6734235467
6350238971
6743944646
6383572836
6473090410
6828804981
6467556270
6465979818
6748307391
6395057669
6703344956
6891083454
6351844867
7119698373
6660434488
6728418771
6422313723
6233475322
6395464059
6486042143
6656562832
6492751043
6762177510
6618341655
6404889051
6349130850
6474305683
6471502887
6838674543
7024647535
6430323112
6478476221
6394670296
6461202767
6370144759
6404737792
6441046108
6351007495
6536390354
6484380534
6277811688
6302151181
6661157368
6892460896
6440753861
6304436060
6245220087
6367872993
6228452865
6746230989
6847479073
6298644508
7152376177
6405414835
6506640924
6713985562
6408755089
6440800307
6948456886
6908129802
6368262234
6966256546
6399843061
6395186363
6332681948
6404193595
6702603159
6724141185
6303949297
6372174416
6351548294
6304403946
6502771060
6489345042
6827053597
7234861463
6350078736
6863160731
6468840002
6388355874
6363919123
6351216568
6225779847
6501471946
6445157617
6658537684
6272853839
7240700525
6391961710
7096621464
6349584948
6804681554
6897523750
6734232229
6847478209
6744087118
6472644984
6603643095
6412636513
6772999578
6336293222
6800312656
6241562540
6800357514
6608602666
6395186434
6475707534
6304928395
6337575313
6847478871
6827434502
6300275341
6394659376
6465797818
7098281365
6228427449
6604199218
6395048732
6710226997
6628256933
6518935913
6490839740
6847476053
6348772376
6365799140
6332615179
6889659419
6688646478
7019700759
6909722176
6230567964
6744275882
7096270604
6503164172
6703438890
7149424512
6688897264
6309323222
6737299948
6657340812
6890434177
6219473054
6241377508
6238110398
6926616701
6673509759
6883191165
6661468140
6360821980
6866582923
6567648223
6519207265
6856175717
7088598843
6805675420
6642710639
6601354307
6576758560
6270366623
6436726294
6840164369
6309574491
6523533355
6478981445
7078461100
6344301806
6467022388
6217544866
6441496246
6805138782
6362668539
6482040608
6886079996
6349603026
6307016522
6815858914
6491996308
7177826755
6763191374
6353336988
6840271182
6426625199
6582407951
6306416330
6396773110
6931728094
6393675950
6309514633
6586269871
6800358218
6467388265
6309332134
6456618437
6933100677
6322904825
6493955417
6469720585
6678226293
6354487569
6713632041
6410967056
6498840202
6728298893
6395432198
6607194832
6744086359
6493279195
6635719346
6432812161
6478795952
6364071457
6375326400
6498642034
6378597916
6396956953
6271094210
6330898336
6426798154
6847476583
6628960159
6350161493
6349045023
6231768494
6889658665
6383761092
6405316599
6495212327
7102435540
6847475653
6466772202
6557404995
6304341456
6426866953
6946387878
6889754509
7138042851
6801191061
6449247343
6763420670
6506955602
6497155572
6366482324
6772241767
6475500219
6825719145
6686562561
6876572722
6481048475
6350351224
6731995195
6718176262
6378782554
6686582700
6236306063
6859716288
6619127863
6362591811
6488802034
6375530670
6801737276
7039640999
6805819980
6693147380
6487081483
6332306339
6436246216
6349729845
6347205242
6736883781
6770285485
6706096474
6465695806
6350160940
6725971664
6763191199
6395661438
6395964481
6804551114
6804006226
6464384623
6349183330
6483681274
7037009957
7101823169
6584029897
6250962637
6839424425
6365603470
6538523571
6348765604
6342295001
6444886491
6693360687
6384790051
6701868509
6663934459
6716917121
6467990920
6232627204
6738618229
6847477523
6552444112
6399887933
6584889918
6230268665
6847475931
7031969287
6373369162
6801823979
6806446211
6678319390
6796456168
6348765525
6692902030
6603171614
6492749762
6501798273
6889710648
6686562533
6469349168
6495057282
6775987211
6300275353
6733960224
6702925236
6853699703
6889586674
6889587037
6728993313
6958516299
6658962871
6954215112
6727881385
6395464064
6350675185
6780877521
6838672617
6357073395
6461980719
6828814714
6735280399
6772186136
6350861983
6829426225
7021522608
6466295954
6378711594
6307944438
6476807035
6484400884
6311841986
6481355026
6300757234
6629985876
6466892715
6349130926
6946241398
6466346437
6634674521
6734170175
6460941735
6470979753
6353778978
6725295022
6826457045
6847476738
6408923908
6553508870
6398144867
6395101954
6220866058
6349395798
6838674063
7240768649
6349640723
6619975164
7039341326
6433517945
6337657003
6847478340
6350435049
6838907247
6365103491
6671104590
6768888433
6841510934
6426423850
6666080245
7225050288
6731995005
6354495520
6307812327
7064618309
6553003611
6581919176
7156846535
6838674062
6537252966
6767436625
6232391627
6725645182
6681264392
7032189329
6246177320
6535248651
6628475169
6501908533
6432263861
6350624939
6360788425
6349642313
6470424126
6366397836
6408588650
6772059076
6220861304
6621001511
6736139767
6465714260
6467243659
6804478667
6337214509
6746047301
6724343000
6351006486
6735420554
6626615718
6716876596
6701524190
6469887985
6470697655
6350513066
6610820951
6441795417
6753137138
6889785696
6687896505
6415061082
6662896058
6667761285
6339414315
6603981377
6220860745
6559090897
6479748151
6349187335
6304685221
6482203366
6309205377
6741035336
6510940713
6370291078
6686547749
6414966759
6725568742
6262567537
6228517368
6488184168
6796473044
6828117450
6307162132
6434048436
6941492339
6890535666
6466377858
7100002669
6930436021
6735586142
6605021402
6704709339
6433972492
7043625481
6803049919
6728172036
6391961409
6663891130
6478602823
6861952595
7214280707
6360365810
6221061130
6236843776
6679298520
6619093419
6891416526
6475543263
6727505099
6867738676
6704297822
6715630442
6847475387
6493764358
6784951021
6721727030
6344220422
6468031372
6436355414
6614195847
6397062163
6819541407
6839812593
7000087929
6349131024
6814419800
7025592304
6538078083
6350648585
6804479738
6473326494
6538037015
6350342778
6562134320
6317973681
6537284918
6405680746
6582076774
6360730748
7180637365
6492633285
6230567966
6400681075
6299796654
6482187553
6538524793
6823765607
7095556043
6470708506
6505951767
6847475505
6762062117
6431931751
6665866177
6606380112
6964372211
7096482567
6659097850
7032119137
6372368790
6838674432
7241964791
6220861167
6366562148
6469210187
7036324073
6366592879
6890962911
6665111947
6569977680
7082356856
6360488771
6402417208
6477201260
6767829663
7214063321
6465762147
6663787819
6620172036
6502620347
6856111414
6675243116
6479872457
6316850624
6734057688
6966324252
6309329409
6307229241
6562502605
6847477357
6366838723
6315634699
6795943986
6276958756
6364062558
6562112919
6764852501
6524854885
6731936649
6386694879
6556518079
6964660817
6464798228
6375287765
6472942155
6751623962
6393335302
6654417294
6673796541
6804009795
6434842085
6395186385
6555175970
6483705172
6486989413
6847948980
6395186398
6709529647
6764420666
6349424590
6220865610
6482583442
6466327196
6825176661
6434514230
6244165895
6470699920
6861981059
6734057664
6828755746
6300754668
6666307899
6581937448
6350527154
6558670388
6427980064
6965115813
6889596580
6303955316
6697692091
6243132839
6606628889
6806317929
6414543256
6546131988
6394722575
6606825517
6419644685
6408223951
6426180069
6470314190
6938891582
6809179355
6349402525
6578043058
7096966655
6889673562
6564876690
6492488362
6362573124
6961230825
6220863274
6839328886
6349603068
6650324399
6732116813
6606363261
6847479717
6622655424
6839491714
6861844908
6246908706
6706665006
6473006347
6827188443
6927907987
6724775175
6875662425
6675512586
6757324793
6299848374
6734064423
6466063883
6240478374
6804478635
6427586869
6375318318
6405565809
6427536911
6657777368
6722223707
6376600833
6402233660
6786495967
