294507396074708994
287923430173597696
296260118029414401
297090626237894656
291379713820196864
286844795865931776
287946192476860417
289030680036405248
296304843893645313
290865852536991747
289324112835399680
290627854029422592
293406674709008386
296315539968651266
294983897983356928
295452791114182657
294221472539504641
295757949979222016
296320916554649603
288142210027905024
296507300687011840
291906135328432128
296563031280865281
296324938455973888
296010443351285760
295501134892785664
296289357025906688
289419244028960770
296409241630167041
296547200530530304
296492202635448320
290626778127556608
291954287486070785
287040596181393410
289712753105588225
288495369338355713
296290439865200640
288575433019105281
286070051625394176
296258357524848642
296193869136138240
294470501512929280
294898844037152768
296282785293950976
294160196744400896
294111124146769920
292538019104292864
289414984302215168
296282875052048384
296386579960840192
293732362137780224
290654373976096769
288912147692527616
293653219949809664
295319283834167296
296182299303763969
290865670999126016
295425482676133890
286185837157294081
286952501901680640
286143042015072257
294233386623594498
296930654904537088
290654399263551488
286752061142482945
291945711765975041
289702283875323904
295423620065419265
295415458214072320
288747996227706880
295318931395186688
288415211436797952
288328107906187264
294905805218652160
290426322201743360
293724722972213248
295500309155962880
292209429259116544
296568542978011137
294131259351904257
296285494826893312
292765238334464000
293726089052827649
296296586403799041
291286173878480896
291955862975696896
292580089495973888
292453537793839104
296277990290116608
296875473227616257
296874870694887424
296260202309754880
295541477998723072
295415731380682752
288617290885390337
287948565207203841
293550683012096000
292184624149438465
292669789476900865
294113406213046272
296674488765009921
292834307381272576
296277990747279361
293294621675638784
296286149079609345
296297418566291456
295222767371030529
286104587100905472
292345078624686081
288492492570107905
292088426180788224
296283029205291008
291434723560022016
295761070746906624
287041808456876032
295422589243895808
287037652228792320
296284781208031232
286302258356957184
288650329036320768
295922800080863233
286497782678843392
296282779463868417
295426465875513344
288939393610301440
296600031321022464
290624642467651584
296480004076892161
294469538672697344
295762774389321728
296282877400850432
296312495927336960
296304340799459328
294220207856164865
296282795951681536
289704860813774848
293724953201741824
296254256762220544
295758421846786048
296546645930283009
291620847255441408
295238749711900673
295417109608013825
296321249343324160
296366850336497665
293654138846322689
296901072767832064
290060953960194049
296283902513917952
296628153240150016
296994741176893442
295415180165267456
296285034783064064
295503367516594176
290365476389941248
296025122593193984
290624177608744960
293378606518923266
288664001511051265
296318120287666179
296321704723111936
287321597902209026
288417140766285824
294098550877466624
292099882037157889
294402132256378882
289565692368404481
295311360319959041
286752062925049856
289540511008706560
293543875098865664
296633953471840257
293418172130930689
295922836424515584
290363079491993601
289128556221575168
296287622362431488
288737715460136960
296282793045004289
294080333933076481
296457496351100929
296288498988756992
292216342243856385
293395219469185024
295423297938681856
296277990675984384
293859369068670978
295778468841533440
287212725053030400
297103908654964737
295000591833366528
288617292340805632
295415658122997761
292262015395827712
296639346088505344
292069296857821184
296353104968957952
290865596655104000
296309124008906752
294337054261800960
296309189893038080
293824471456940034
295424878784434176
292536995853504512
292604148728344576
292607378875097088
296290379886624768
296547658179436545
296283900924284929
295748453122846720
294195466952925184
292207975752409090
286411793537069056
293284392082743296
296388638630105090
292664587344568320
296282805896368129
295380203612549120
296281422673625088
296282807074963458
296294060191268864
288302417261518849
296309776059604992
287226419069743104
296317084093267969
286100081365630976
296298023275859969
288575662980202496
296473626394386433
290692171651248129
296358413439488000
296504398610329600
294508171173699584
296288182176215040
292867010696728577
289719822026149888
295422274297802752
294362833515331585
293654931091636224
296562347714170880
297108506685886464
296277990558535680
290336023358099456
286423195295297536
294330501215432704
286511745453932545
296410867099115522
295329916071841792
294349914438242305
293653849036701696
291964090006515712
295830492064927744
288939644907831296
294717778085167104
286815120003305472
294114892410126336
296400725305614336
294907059655299072
296277990671785985
293395881812717568
296284925974429696
296504480478932992
296326487383085056
288362185036541953
293544873737461760
296337634517729280
297009543102218240
289637639961841664
294231303291805696
295188967140241411
295637305627140098
296286944038629378
295419685573361664
296466490981498880
296440095999918083
296289882966474752
289702816665178112
294059443493163008
293655760225845248
295280872398139393
291912305615179777
296416703280214016
296930394308214785
296965298626650112
296476685312872448
295437524199956481
289397090960945152
288670915066204160
295456940576866304
286877742392295424
288841584873709568
296281124685086720
295447207367278592
288573043477983233
296500240234717185
289472066539909121
287923891626704896
296458655426039808
294005459118084096
294933225250365440
296452748931633152
290865822409306112
287078780814651392
296575522060783616
296326499324293120
295417596617056256
293517600296689666
294800478758395906
292295350537035776
295430027401650177
291298044492800001
296389102448803840
296949722470563840
296282866084638720
296283904262942721
289393028081266688
294418578235592704
293598946322952193
286886737467285505
296393360543981568
289086022489362433
293656618455941120
287445118842175488
288839763954384899
294857563986595840
295642137662468096
294902561486540801
295436049939832832
286512767693897728
296282808798810114
289828128057065472
286791814491545600
295505598001319936
294736000381509632
296476943333863424
292059584653303808
288941505840820224
292664650284281857
296476734021328896
296503991028817920
289834006042791936
291361346036060162
293654929648783361
296282799760097280
296285493040119808
296281814006386688
294788796669632513
296293999663280128
294686659222593536
291626147110854657
296965358991060992
296287838935326720
296379631106400256
294005311742828544
291654106156761088
293856258165977088
289827794224041986
296271179264704512
287135714972409856
294085162365489152
293655761807110144
292172877183209472
293599280751599616
292595668151832576
295417926851366912
293671974079709184
288939623432998912
288847587858083840
294684637622591488
296998061970960385
294143803202355200
293551724864606209
286956545353322496
294833526992429057
294037937258131456
296637530110038016
295501129159163905
296277990793420800
292070970246717440
295416098487144448
297124291508596736
296747047590178817
296634033671118849
291945440524513280
286878176334983168
294059445313486848
296817687689056257
296403804071538688
296282791069503488
295714919771418626
296583915097972737
296295896092659713
295415244086448128
290654495896121346
295415282317524992
288463169238749185
286561777007882240
292801785922465792
297044418790293504
286523894175772672
296369436074598400
289460337789517825
290649988202110976
288664501828595713
292332928300634112
292223410665295872
289288652784271360
291631542869053440
288570625759531008
286994364935335936
296960487973871616
287016216860717058
286872912525410304
289904863863767040
290670066381500417
295503863576944640
296299272519966722
291737714586447872
289402265612210176
295347186735128576
296292119952375808
294160195360276480
291383623200960512
287055138470916096
287025244743540736
286841545511010304
292947239410733056
292202332597391360
296322817958506496
296513977456943104
296978455629795328
291989106794319872
296293211159289857
292402030604087298
296282816818315264
296258400789094400
296562349521920000
296290413785014272
296505066293194752
289706892245229568
288308992608976896
291468171246977024
296346994199363585
291996305063018496
290542866781052929
296560284200497152
286841547075510273
294119061019836416
294138560548831234
296282812754051072
289351474641772544
296462054053801984
290335932727574529
295421453405409280
296479216806031360
295508210641670145
296301197780975616
296311540053860353
295429115413151744
293700482734645248
295916846274707456
292072760224657409
287055020623532032
294136690602307584
291989256862306304
293721299015053313
296258798421680128
294561586532728834
293626571435159553
296281819391852546
294794064220524544
296285088071708673
291987038503309312
296578075104260096
292177275653328896
297073093992673280
297044581634150400
288921374792220673
293646963847610368
286982807933304832
292728186540810241
292764648594345984
294930400353075200
289702817923489792
291587466455031809
295418838336548865
291863550442479617
288632400165105664
290807851088232449
296288638579388416
295269921514979329
296652963571712001
292190693022130176
289043744005685248
288439323118944256
296270413342842880
296240939352072193
296282781410004994
295320076549230592
294488560948617216
288454996230537217
296286212812058626
296533452281491456
296560786950725633
293785386742870016
296302913108729857
296285420159922179
296542083215405056
288599755829936128
289169305499758593
296302325771948034
286108632582586369
289397153078587392
289714432878198784
296182221725908992
291095925470928896
292760142867468288
296378474157969408
293724371783122944
289736554530893825
288280658495823873
288747994415759361
295422976269115392
290654253482123264
293611470002978816
296297991092969472
296302714655236096
295561964485218304
296284391032897536
292516287773560832
290869829668315137
296293861825855488
287137085830356993
296326875016478720
286066198481870848
288703364039073792
289227312333996034
294733924431695872
296291259977437184
296930751914577920
287711171082067968
296294097159856128
294137787677032448
289430457836269570
296334843233591296
294190520446644224
297075296379748354
296274746516070400
291739142004539392
290665533706211328
293412666469412864
297007294753959937
293723921847574528
293879631331872769
296292574258409472
294436358649413634
288441280684494849
296258303116333056
295500519043108865
296268368443482113
296284229933879296
295415041941966848
296501872905302016
294874978145419264
296277990575329280
295740645048459265
292223221560909826
295230204744458240
294059210830917632
291657031583137793
296554522849988608
296309746489774080
294113130206883842
287109935026802690
296630179671973888
294514400021340161
288574254151258112
296369428080238593
289701975141003265
296634818597363712
294187940094029825
290834246963191809
295316533071204353
295480065377054721
293303296440008705
286221050633670657
295422973005950977
289023204574494720
295416836596588544
293340050656202752
288665887542747141
288916419524034561
296443285118017536
296454089074692096
288753032068476930
296376749292417024
294854824053329923
290070833714561024
295504971275857923
289702487437484032
291357171256549376
296284871763042304
297053381225230336
294738768127225856
291800970428575746
291991552170000384
286490911398060032
296286859615670272
289318317095784450
295419457994637313
294782069500936194
293536947467612161
290625482544799745
290952154787762176
294157871715864576
296307481003585536
296502153822994432
291455644920328193
296326315550863361
296673238484938752
297007330590076928
296366852416884737
290623299023679489
296607386473488385
295495112623001600
287944182658646017
296300500905754626
292352202293522432
289843696453685249
288226676217896960
294007590092931072
288897403124330497
293648166702702594
295565020459323392
288569636264480768
292899439037804545
294144025781497856
292179364815204352
289702422421577729
293645487091875840
290344537908461568
289915572479733760
292190625556742144
293249786612686848
291354972140998656
296495288351346689
288941110162759680
289168440470679554
293955498468851712
286924579090362369
296284630963855360
296287579307921408
296282837945053184
296366860465745920
295760689878945792
296430766286581760
294113689588621312
293766397853589505
286490911662301185
288665880999645184
296283907924574208
296274741625495552
289702947728801792
296506406809505792
296379896610041856
296271257844998144
296282789257547777
296612625872220160
293110119049342976
289702619260284928
293424664460541952
