262936387429490688
263122534055174145
263421869510774784
258251978210156545
253496625316655104
258486420451233795
261168875201236992
260570171863879680
262594898988003328
252859593762414593
263761966437380099
258228905725526022
255549489149001728
255374678514868225
254500341599576064
255680880545255425
255746079822315522
258238567363534848
256268396264562688
262587679294758912
263756748345712641
260565235176439809
254697615411789825
255796520270561280
263702107184586752
258219937632505856
252890140878438401
259410743504535552
253555619829792769
258497388434558976
253346581376561153
263728218325000192
253420862865281024
253982601243656193
260204305305464832
263373850832678912
261771295937662977
255899644914192384
254390193459707904
258997204910497792
256717187564322816
254703537320251392
258451534558404608
254579837321240577
258776851537862656
257473608018972672
257465613142876160
260930823916777473
255162166225809408
256091819706814464
262979970257784834
263478531277864960
263512777946198016
257495264422678528
260404368262709250
257466982910267393
258424003167916032
258497099774169089
254581015094386689
263771420633489408
254577384261574656
253898252586450944
257983309425037312
253291005808369664
254843751040679936
262903069816266752
259709913423568896
254450595610644480
260570493244018688
261028521848233984
263703070393917440
259602379194920960
256203720935751680
253049347539873792
253136603147563008
263438594855821312
258500611560050688
260218725154836480
258499736858918912
263413801276276736
258501564979879936
263359801294221312
261067441273204736
258563876092772353
256854709225263105
255394580927770624
263429856782589953
254717218741428224
260460890212667392
262449894659342337
256089732193341441
254764606566830080
256746063879348225
256737790694391809
256738039571824642
252990583424028672
259553918089052161
263376521572532224
256072123368501248
263136895591145472
263419741488697344
263523974045106176
258500963420229632
257482484005101568
258931157440290817
254962068036390912
255377384931459072
255720982852014080
255367084056387584
256074789800779776
259285665483730944
261452903645073408
263098146853376000
259301809678610432
258244284640292864
257463899463483392
261513497660235777
256861835893035008
256051614606032896
252785277091868674
259225926729080832
259126634198749184
256006875768840192
254710327445430273
263111665959198720
263352346996793345
262565985855340546
256017722746482688
263757490456506369
255436242165039105
263540751143677952
255602410800701440
263505689933139968
263413852849459200
253411198463262720
254336096811499520
263284633314131968
259223539725516800
254016843176607745
254354480907300864
253630202960306176
263376381080125441
252889640477024256
260925094828847104
256428983497936896
258221094673203200
257494534127222785
263377838948888576
253860765851860992
254739132801232896
259314352111382529
256776120530239488
263680501561319425
257666143744032768
261097725809029120
254594916783644672
253710737749450752
257083868912431105
263428335705653249
258666519150596096
261457076881080321
260573787878195201
259640029029212160
261454118147727360
256854556766515200
258497098301992960
254338156076359680
253844756302553088
262211109640105984
263414302562738176
255603045600219136
258220358467997697
254701006154248192
263478116318580736
258212099845652480
255924103859564544
256395808176476160
262246670270595073
258229634758475777
256716707689811968
255713161083224064
254846519134523392
263430221854806016
253568558477492225
260999432798093312
254890847773016066
263163632643371009
258986700850724864
256744899179868160
253212937047642112
260585082685894656
263725357507674113
256317606489911296
262920801509072896
260344482095038464
260337692120846337
261888644917374976
260571944783597569
258233145894244352
262593345031909378
256208972195966976
254301559960252416
253213620727578624
263367606206099456
263741277177257984
259082000974102528
256394407966826497
258212084452569089
258875260923965440
262698598238654465
258219939087929346
260198915536732160
261457075064934400
254826041753890816
261000355616284672
253889875676377088
255376276901199873
255023697658802177
256203417343627264
263411069526097920
253218729754775552
254719342757949440
260361977690484737
254569848993112064
263611615428083712
263414211097546752
254642551208935425
258564931752976385
263649569810833408
256396916856872960
255222346997194752
258415484595224579
254695083436285952
260257832505602048
263727455150436352
263403936352976897
255496505887186945
259224924672098304
262536949020114944
260402710589894656
256298746369945600
256350541179912192
263414507173453824
261798814984331264
263727953375019008
258398529922428930
261457079133421568
261616301968089088
254709744546238465
257357559860703233
263428722244337665
260366455319711744
257475585872363520
263418706254786560
254372298663014401
263707912373940225
256368261594230784
260483181709496320
256630456257241088
254754084182171649
263425491451650048
256745027018047489
260333632433041408
257115437836419072
255703408189775872
259367297930649600
260887780312379392
256716983247179776
260369959086084096
263420616902844417
260141317512904704
258224295577272321
257546406556999680
253160727655899136
257464966783856640
256051299995504640
262936517553561600
258574406576660480
253276960648728576
263414443533295616
256079213680005120
260424765842534401
261486154719846401
255926301158952960
263423746465996800
261083990230958082
254718465414402048
257130234200068096
258394950855716864
258402921564209152
263414485656694784
256195792036044800
261051211187376128
263423411169153026
254544073392795648
253130788986576897
254581101484449793
256627880212168706
259243545225994240
262854745029480448
256091967975460864
258174132477382656
255060504396042240
263059807383220224
253415302648446976
253134579752374272
255408057759186945
253554110417227776
263387274828464128
254199905189498880
260339111989219328
262932658542235649
257911263751991297
263297234592989184
254197731751522304
256721098777964544
263414636156698624
262877203711266817
256205802975674368
263439342960275456
260562956272680961
260777213035679744
253479557456359424
260565412297715713
263416440806326272
263417307894788096
256716799423438849
258571044703580161
263506973784420352
255623552429088769
255578299873492993
254588514082103296
258749459234697216
259224259912675328
254957271019311104
254696225461391360
261084711470899200
254223795391459329
256718432790265857
256361670207762433
254276587627884544
260329463659765762
263060327862784000
259125545634242560
257746507560787968
260252805296689152
258551818060181504
261590560958205952
260217898340081665
256240835593646080
253648077355900929
261066464050688000
254834899385741312
263417817620156416
260107106324201475
255921861672726529
259709032804270080
256815579908935680
263394912693792768
261069022945218560
257465666121121792
263389700855824384
261798413354553347
258563819113181184
260565723561222144
259549496403443712
256547123879870464
254577010100289536
257964154932060160
255920861675155456
258181733789339649
261882402186592258
253581910939410433
263414119661719553
263414040699744256
257472199416504321
263461386712125440
259709161649102848
254833987636305920
263443558785241088
260067803476934656
259388687786332160
261514481182597120
258232522276741121
256079300397260800
259227879219535872
253482255748591618
254982340676313088
257798397950582784
258932231110815744
262595026784247809
263414513859178496
262456185557491712
258698729475932161
262852938404343808
260878617913991168
253540794659663874
260565214028787712
256715950001364992
263419649251762177
253188638026895361
257715569594355713
263547331025178624
258585200391507968
256739424732323840
255859819255328768
259229301453492224
255233511047434240
260351574235287552
258199023809355776
262932691119382528
263415879943995392
260217383799631872
259281069394763776
258050836423397376
254578557672620033
258683874761138176
258532014561579009
263414391750393856
253861837127442433
263521121004036096
258398662563090432
261066646758764544
263724879717736448
263573667634618368
260368394535178240
258220180725972992
253041492074065921
263414355117342720
261760013817753600
260498571491680256
256026625685221377
263649052539899904
258382922988523520
257731157242826752
256719932488810497
260489796848320513
263707728785068032
263565785765666816
253636154673491969
260253494102065152
263629504021409794
258220998829166592
258968274321158144
263509361635233792
253686033391185921
257084704593936384
257726459106451456
258391477745508353
258159375099785217
263568430911856640
260377007223869441
254009352871108610
263636661466980352
260530858258231296
255746469095669761
260514559125762048
256027745870544896
262844832697958400
263566105732345856
263359951546744833
263414284996976640
256748977263898624
253056336307310592
254829292356255745
263457713885949952
262839986246787072
256439081502924800
263577510669856768
258896335619633152
260569049409404928
257804049880055808
253403686699679744
260740134251663360
263416378583810048
257469860089589761
257062152567943168
253160260238471168
263389275415007232
263373979866234881
260108133064650753
260373780709384192
257488197624418304
263439105889816578
262687538345566208
256016780840034304
253982233889742848
254834175780216832
258400682548285443
255575550926680064
256724222729154560
254718456748990464
258497389722222592
261454838821449728
255060037603557377
259274732342501376
260861127137841152
255850467115036673
253398755829747712
263479602771550208
263417969684647936
256037900049862656
255394671851872256
254237826244292610
255603402938146816
260343147446562817
258494807851274240
256726046785826816
253977059238498304
253971491887149056
254956842164310017
