497860792968966144
503759634910691328
502424006440808448
501397995070689280
497400879260401664
498818501558431744
495445046703820801
498821489488322560
504248305254428672
497325860073246720
499742186741587968
497952959531995136
503034904481775617
499485990113656832
498892873824100352
501952961006686208
500354992104955905
501505408658178048
500636719864352770
498105489335398400
499921252539449344
499254195413716992
502168235891236864
497792528947896320
499127051623075840
496283873391951873
498724266389798912
497629761485963264
502211197584687104
497299140364472320
504285059310821376
501722875661795330
502308849932460037
502103853664202754
498087806170718209
504412244516413440
500273279408812032
495003243265552385
502256565051617280
501267813823447041
500427298898984960
504244353788035072
497811675240595456
498882713211138048
501059829012910080
499933717138124800
497665686429532160
498322387553632257
497329951784566784
498341342268096512
500657233093742593
500072498822512640
499111632740429824
500809384834781186
497626769831514112
497661186507550720
495840984803344384
497377062273826817
498245536655228928
497367280603639809
498977145104773121
496961787464790016
500698697555267584
502040218225356800
498887855708848128
498493506944790528
499144816454668288
497644971970002944
497357088088006656
504275253355610112
502403431328661504
500467885622697984
500210662346620928
500654682927165440
497464832984367104
496704051414044672
502112214053289984
495218364294234113
499902908855373824
497743836601663488
498285843766079488
496106490839977985
497667308773724160
499152914435563520
504160095379263489
504024556114546690
497734392337666048
504279139767967744
500136065798533121
500172743728701440
499771213028159488
497307606609059840
497526967973847040
497401785557196800
498870367641821185
504228259287277568
499161854548381696
502031958210527232
498634889567416321
504312992255971328
502040210385805313
500304799569412097
504239495873826817
499145503628873728
501851361265209345
498921950212018176
497278374428299264
497318938204983297
497291080371798016
504105738772307968
500576112028954624
497342732403097601
501754062392799232
497558763126022144
505922340807397376
501368670002499584
499543735295029249
501477262613442562
503841219215376384
496232095501783040
497202209357320192
500250493864906752
500466469268774913
497435525158952960
502623312561053696
499999755624124418
495077927654932482
497870543454871552
497586416210423809
497681027582525441
500250283667386368
499560498325893120
496980886072877057
496690721756549120
497291513186222080
498589204259946497
502107444966064128
497564847329247232
502821763739553792
499490773482893313
502120786443128832
502924607653826560
499068306880356352
502737921779466241
497273886942445568
500468271624110081
499148986868326400
505009328315957248
498874768276213760
504246076556075008
498934284778868737
496285247248818176
496419642466762752
498390318459260929
502308434117529600
497942678039166976
504283160159342592
502688575729573888
497553244688633856
503962181374050304
499657306007552001
505718663694286849
498335361345789952
502111716017471489
497341436837105664
495090145243062272
505266875551715328
505934259308072960
504723840006881280
504206246702886912
497662891433410560
496234130179620864
501655606734749696
496305044627922944
498959145656008704
497280431075901440
497344436955648001
497810998133555200
497715456548274176
497504406053462016
504224553015738368
497833107052298240
501956545177862144
496777147663810560
499888723279237120
505077222320123905
502777999260127232
495276181131132929
497399498381860865
499005051893846016
504490989914828801
502354552037711872
497318196832374784
504807500236222465
497919586818613248
497332666967289856
504065223826108416
497528154911547392
495603642901086208
499645585985511425
498299238514556928
501866652200230912
498876623207161856
496234899213266944
498947520937345024
501952651638996992
500091963266183168
495854625954611200
498433584936386563
498460461512159232
497850567075446785
495073562391101441
498032345971437568
497298933790814208
497437590606594049
501930820748062722
498298739065233408
499340929787236352
499159226485182464
502474129698992128
498028456874352640
501188909787672576
499693927872462851
495693631232438272
498782046026989568
497847730161852416
502401969273962497
495712916255932418
497870500056428544
495809493301604353
499304008477970432
502111409006968832
499927737172496385
499137941503881216
502475358474891264
500049070115672065
500275925020602368
497777260695658496
497456771364306945
496048838214688768
497836332681801728
497485850725601281
500347921708371969
495078082332868608
497775082052526080
499156256280436738
501914489898692608
502007700184526849
495756890383462400
504241193933627392
501965643374403584
496880365945245697
504734593904156672
501851097367994369
505132640404385792
497870556822126592
497380837261066240
502212018682593280
497656318971613184
499655000793284608
498262222510903296
497890188132368384
497409392736620545
499823480976588801
504365038812299264
498685687030243328
502589237611749377
496707231828967425
497858382637039616
498669349558038529
498829636512387072
499087794254647296
505172067718025216
498404614778400768
499556254520717312
497864031521497088
501593730105630722
504281154292154369
502482606408339456
502014206942937088
502172490991693824
499238140867907584
497685490469183489
498874492366487553
499303820921278464
498507062549430273
497465226258698241
499696440881319936
499080514079174660
498876065478356993
498464413511188481
498666584488292353
505463070462709760
495709533377802240
497553947130081280
497413490890391552
497691577850949632
504187070970335232
497344219158441984
502710792509464577
504565122413891585
499533841825267712
496355502235070464
498170015066361856
499888901159682048
496562635249156096
497497670986899456
499026336246419457
497716410898862081
495772329532596224
502518158692208640
504622842864865285
502912136134537218
502160877383331840
504240242820280320
499164179941822464
499664916358238208
498883785480355841
497830788378148864
501824625706143744
497451397349384192
496923026039275520
497431839695732736
497714781789650945
504149186204663808
504113781681573888
501235944100745216
505349126469738496
500764692764454912
502996408354742272
498891628179116032
497102958169829376
495703045703876609
505955635351924736
497799823727550465
502115681203396610
503764151462682624
500995614709403651
495109694743396352
502117230793199616
501911172782620672
499942459754184705
498929673297199104
498352880609271808
496097836706975744
497427417426694146
495700684671827968
499136787911307264
502401812834824193
497599082316066816
497583057746935809
504245123677716481
504245937167155200
499267057410932737
501305662429986816
497243852051214337
497854294452731905
499327765204578304
498667054351011840
498334893647360001
502162144490958848
498776348740288512
502111433581424640
502221834658385920
498804552552808450
502489843973500930
495843801488191488
497181388215685121
498425445692350466
502526795317792768
502056228269621248
499693141336027136
499436272511762432
499221281087422465
498247597413253120
497497315691618304
496276011714351104
502401320356024320
502147244746080256
499446505221406720
495708493736062976
499584888975417345
502509379166695424
500304530999738368
499586958771761152
498842199535013888
506166966235582464
498850567205453824
497786411199000576
505330635855388672
499143441440186368
501456828367372288
502006603822792704
497273195691397121
497720590946795520
495085460071260160
499551042598486017
497417936894980096
503945390346235904
497870542632800256
497434239785529344
498299671182188544
497856809785257984
497377508724314112
500423041386430464
502529076037689344
497625659779604480
503938660560273409
495658834157764608
504597481091383296
499924421084450817
497399088963276801
502033943541989377
497678915742498816
497492152893456384
497726562838794241
497282968147070977
499121629847621632
498704985480499200
497883212409217024
495847496623853568
497817688635613184
497552991558189056
504029942506483712
500469511783727104
500217681291653121
499923960025600001
501342814727180288
498872244550922240
497460787581960192
499160702721208321
500325999968784385
501850059248377856
497578164877815809
498112401506856960
497420685082632192
495136474837168128
500296426023575553
498893321880993792
497356476516536320
498086358918131712
497344429246513152
496304055179046912
495694963611799553
499132156422000640
498481997845512192
496375613671096320
499343741002735616
500278011023724545
500317298969051136
498080948664033280
505408052397625344
498924052778852352
497291341160660992
499582576215220224
504295562783768576
497349574806085632
497289232302764032
501319154192773121
498860882755977216
505059982598238208
497434119648075776
502512879686647809
498635542741778433
497374518126448641
496634233935642625
500072957025067008
497634935423778817
498880255084347392
501774916946235392
497894286948831232
499365541182976001
498941709816832000
502644221845962754
497549233130860546
503582259468054528
500302152104173568
500273036676046848
498122517228175363
500206336928260097
499558651141816320
497491287151742976
499023712717639680
502515711000866816
497040081988120576
502040234075627520
502425238987350017
497212415256576001
497180367476895744
498128303748706304
495724950825619456
495176339184705537
497201308961882113
497272531326599168
501723645572829184
500315210599890945
504728840430551040
504476814220095488
497350289058717696
501348319373709313
498513156940263424
495122215932014592
504068304362037248
497787078697295873
501369358334308352
499904665484787713
502252051745611776
497896014917799936
503779957391491072
499317988789481472
499164408615284736
498883576427847680
497551619282993152
497776158487117824
502069580341456896
502033699097939968
505749250383564800
501738706001489920
497220115201814529
504181457045454848
498875409413328896
497440096677683200
496285521157836801
497952331288170496
497776478847647744
502773487841595393
501156736087375872
502277437862866946
496236722800570368
499143846929121282
497969339597746176
497434474871664640
500207600810852352
499437046772281344
497701119653859328
503945392208478208
502283892679016448
498123546061967360
498475596872036352
498343003543445504
497559872859152384
499541879831023616
497542093875601408
497365003146911745
496823575941509120
501858203219394560
498632777617899520
499123418550128640
497449642830102528
498546799008043010
500325448279400450
497470739680100352
498116911603781632
500208999351201792
499146167951699968
499378803777343488
497808981981536256
495921125206290433
496247234162606080
506113416013299713
495836390580436992
502014188131069953
504261890642423811
497426248042151936
505250016920088576
496707369749852160
497168089017225218
497413452231491584
497436638629617664
502818916549140481
495535531409674240
499098295935836160
500374007468662784
503241579671191552
496638916510756865
504242195281752064
500189617497600000
499287901788987392
499114888690548739
504551155691958272
498225998429577216
498173209049440256
497502443945488384
496246971112230913
497531516030025728
498915385295388672
497768967260209152
500216377765265408
495222153017851904
498100351174594560
504516136549896192
504713430620594176
502255443863822336
500265792462921729
501712516703985664
504296655760674816
499831981832564737
498667304880570368
495799548636180480
502165056835305472
498104367464341504
499200966965870593
496991727748521984
504262227113680896
504773230117519360
505922003878952960
497705174023278592
497366464794349568
498299640739930113
502527332234825729
501386559271096321
497387938791976963
497880627015081984
502964478191755264
497854295128043520
497562388502020096
504307357459820544
498232973158674432
498932912645865472
497987462472278016
499210297052106752
498007803303591936
495928772928241664
499976071434219520
496107902751768576
497664105696989184
497922066944106497
497804951134150656
501860472241795072
497273262641274880
498990183908638721
497678325889138688
498965104151388160
497469743117651968
497295046505680896
506176313213091840
501814752671449088
499167180437471234
497339297989533696
497042877130629120
504031525516869633
497715443419709440
497793340835123200
500370175963578368
497462785320550400
497278370875707392
496709054597591041
500212729706455040
501332959983443968
497707138211651584
502130732622708739
496908624736702465
498100300733890560
499459765613760512
497328824435343360
500274451398033408
498731820817866753
497870550945918977
497038195066810371
495738247327518721
502012245602074625
502317630292627456
502276961981321216
499928103389364224
497820815459885056
499143626807844864
499242810009083904
500360089656885248
501305238872424448
502250790338060288
497692404481130496
498143849701572608
498676423281094656
500698655498960896
497900872500641792
500328604799361025
496192497107079168
496555024546549760
498092041998303232
499146638846619648
502470927163342848
499884146496651266
505351732931870720
503089512155992064
497578929029664768
497888744758714368
497887129989435392
498033449714720768
502018873043222528
498449996748820480
500653501563674625
498930725618331649
496418694633766912
500625891957829632
499318837113016320
496340140089155585
498092123678199809
499245402382536704
495713372038381568
499266297008750592
500437267077275648
504428045017427968
496374308533309440
503551438929530881
497457317592719361
499695073324318720
497324555610779648
499818713814540288
497339311713292291
497764233698758656
503956505759334400
497880687815311360
497350088155734016
499186264000974848
498937862880915457
497481022523846657
496291314724777985
501745948654309376
504043140777791489
501278472875278336
499082147358330880
497364814994210817
496674978918838272
504253010433040386
504833825567170560
498643894629052416
497646574840070145
497235673074921472
504242774242500608
498282359062396928
498017900242821120
498894102881394688
497391989982523392
499144131604930560
500467018017955840
505638082289213440
499175603946655744
504212064051920896
498995256009195522
497704348592664576
496190015257329665
498933204016181248
502212247683629059
504236944734552064
501762307811065857
497678707654656000
503113691366428672
500659062225108992
497286421414023169
502239548357627905
497854538187948033
498131758052024321
504178433316773888
498893012923994112
496180193652776962
502920155727282176
497403308513181697
498204654002765824
498907088614330368
497359722765643776
496299655546695680
498282671697448960
499101542037729281
496914654304546818
499587424222060544
495562730619682816
504608435103870976
498508096688619522
499209386603319296
497852893186101251
502349721588224000
499222602561626112
502150621316005888
501358752641998850
497925597776330752
498880803187605504
497279965759811584
497117129380855808
499403429756686336
497665821716799488
502134314071781377
501968119326191617
497887329235640320
498158788348637184
497774299923906560
497552004495863808
501743725106966528
499289192137236480
499264646813999105
503974533297344512
497870560177553409
496889137085939713
499025063979794432
502158698056548352
499649984904445955
500250179438526464
497297529302577152
497426713803259904
499931597995786240
497707287457177600
501765269745070080
502134629751857153
495751910981267456
499272424961998850
495080010126860288
497882954467926016
497881013310472192
495838108437319681
504221870003347456
499927862385065985
495765353457123329
502005313826861056
505803445266575360
504648917540433920
498914073619087360
502647064744833024
501913583522185217
504599891696709632
504268426140217344
501398705103073282
498515270265491456
499188017010339841
497686245028675584
505934647025336321
497452948348076032
501910090782633984
499543732799410177
496379976250191872
504322245016436736
502419674630348802
495718426434736128
504811020246720513
502283050647293952
502011226247802880
503912252584767488
495743160069656577
502126868385243136
497299887109976064
501911357541728256
499382339089473536
504212064102256640
501450854658891777
500466805001838593
497306563607281664
496107138666995712
499886671844741121
502011077492629504
498280752530726912
499512014461747200
501249647319724032
497393174286196736
495693526231838720
499187210600452097
497559197521674242
496161193568907264
499143878142726144
504240346357039104
495073123947909121
504488519075508224
499531145831530496
497769228058255360
497349924745261056
505837238190497793
497727791769845760
500276070235774977
499590221856391169
501422280761937920
496889558370226177
503952107184324609
499080358923870208
499675277769707523
499100785762762752
499898834836029440
498572656258846720
497420296585216001
504986218799849472
505731189207203842
505921374364262400
501462998322409472
497261479221940225
498322591757500416
500249296386527233
503964871986147328
497462719977512963
497561600329396225
497341294411141123
496801945370124288
501858517897474048
497870556901822465
501479363079315456
499323996564107264
499588071269343234
497040902481670144
496204193930412032
498894764670853120
497459659767562240
497428385220788226
500273281266884608
499686310362501120
499326420250664960
499698637299916801
502899526374797312
502677249863467008
497797839414894593
502013947424555008
502012593587122176
497684501204463616
496274922709454849
496292742818197504
500597762761949184
498134848750764033
496287236233920512
501572384814399488
499924372568539137
502119391816056832
503877144557023233
499371315766116353
502113104810217472
497413490739396608
499884778401718272
498571889691099136
500724129725575168
497883232458010624
496291273759006721
502026445351157760
498640859819040768
502291253656961024
497411553097154560
498943170982322178
499531201439232001
498940497193230337
497377384950005761
497497957034622976
502006101940785153
499143498797707264
495412272840601600
502997602132975616
496773440993382400
499153109227012096
496628983237062658
495155787937746944
495721478852055041
505326123929309184
504828690753024000
502810143328051200
497286227608207360
496643188799832064
499144587198619648
500273830682951681
501492576093220865
498693518307495936
495835873007529984
496214543744266240
496375835641663488
498668182740422656
498030588386111488
502115690267287552
502166431229050880
497861501638545408
497768303087992832
501453603224420352
500817450649518080
495366490678239232
502111490049318912
496206991702769665
497554521153748992
497277763946954752
504714903002030080
501825445281943552
495170652736086017
503932386686820352
496281536501927936
503253491759206400
504838461614874625
498095333126049792
502474151488413696
497371684769656832
505624710663905280
497914498217689088
498988321893527552
498147999667990528
498024615554596865
497291227679981568
497435790813982720
500251086578393088
497763084292087808
497357858506567681
497277989273350144
497374136583213056
495767114620215296
499514877824995328
499246127481647105
497949502557667328
504255378142814209
502418160105312256
496364998491271168
501277151035813889
497352111907418112
502291818155765761
500712851023986690
499143613373513728
497736470153940992
498084422336278529
497556159151501312
497925033839181824
497711440787021824
499204964174925825
499151721311256577
501293944056315904
504249758530408449
502245509986140160
496298439651512323
502132830965493760
504283935648776193
502120530758361089
497372259003408385
497299596461101058
499437234475778048
496581167076745216
499844619874488320
504673589032136705
498939101110734848
495147999236849665
497355482458497024
498410253835567106
500252344718614528
502512807301357568
502884141067948033
500200922539376641
500609783800811520
496914865400061952
496094387634712576
499144035357818880
504367332039618560
500200649536331777
504046431812874240
502308564669448192
504660397102993408
497164515386355712
500277854186536961
504200196398395392
497739665127264256
502631219973345280
499003884124131328
499071581767757827
502118451398606848
497889983349288960
504702429196484608
496810545857986560
498782045943128064
504281150676688897
500892216576192512
500469972309913600
498654590536269824
504086182938955776
496488385369100288
495729508175994880
501627213360279552
499050656267632640
500176338394050561
500103551629008897
497371500601937920
499177176844210176
500282562615717888
496421396814516225
497267668290768896
498122025740017664
499167753602080769
499197166884507648
502521203253592064
498077550862532610
495705833284448256
497379706451550208
498126081602633729
497716770845634561
496330194144468992
499318449731289088
501019160952832000
497717410246324225
497453055126683648
497789469513515010
496589744474951680
497460314389377024
500481498156240898
495084201796853761
498735009553870850
501063276965273600
497470938100011008
502680626135179265
501727621529755648
502043800760369152
498253530289815552
504240044706922497
497374234398973952
497666228228722688
498505330972975104
498106959670030336
500470308818944000
499558995300851713
504264013673672705
502323197925007361
497342459626942464
499146305013157888
496104553373499392
501952787941302272
496672160413274113
500553057118453760
502260244723277824
497830925120843776
496099221758816256
499597806714503168
501795115003027456
501343803622453249
504067433754537985
498972545517768705
497871924702486528
497427838803640320
499512084208844800
502029555230449665
499929755983302656
497275508837478400
505382145297485825
497381476892442624
499106532530061312
497572821535821825
499794510407565312
501279713390653440
497634246870441984
504679547913003008
497853213702230016
500810783341563906
500428937605181440
497360602202112000
503946199842701312
498115249824747520
497678119809990656
504451077358362625
498289039699894272
502535117395722240
497736563749421056
496788999722106880
497893237764263936
499639113541115904
497308287197806592
504070287885754368
501824651593781250
498869515506040832
497906056496836609
501657933755994112
495190157688336384
497635839715708928
500510966409207808
497339307573534720
498934859809574912
501342108964249600
496286073061126144
497435718084341760
498660151767728128
497392494980501506
499143694956904448
498080610154332160
496202303431393280
497318839571709952
498893397055123456
499594958899523584
500110037483024384
497781278209769473
497375349920260097
505921893417754624
498503147900653568
497860531672190978
497305471657979905
497298949406220289
504037655126888451
496527014761750528
497776460229132288
500596472971550720
501866018302869504
498312326487891970
501957965788618752
499898835167350784
498211070646165504
502075063555072000
500178228892696576
497272338711584768
495981520478158848
498089461876396032
502571406182592513
503014009432735745
499105159654670336
497621032837345280
499582625351094272
502573467750129664
499930259228487680
499693798926995456
497280207141609472
497532521551126528
499551883930124288
499928597491355648
498071207493640192
499145308178493440
501481255964532737
505399087076634624
500219029060354048
496812912862695424
498972095066279937
500176912962973697
497912017093541888
497303992406646784
497954608321269761
500388004037271554
498083324896608258
498443947849420800
499678458239143936
497274075652567040
500356748050718721
501273067729850368
502040056795004928
497404565474795522
499404356920549376
498635272976744448
504239757199949824
503842019534725120
502533645127528448
500274452278808577
502809682910535682
496276011689197568
505853270100017152
495285458700877824
497396123133173760
499586761895735296
497488000729612288
498506457680453632
500324849102110721
496760936267411456
501863807208419329
502334006738685952
497946575113441280
499587115152183296
495720887451021313
497481225192235009
498891799285755905
502783343050907649
497861751686180864
504245613358485504
500205091220361216
499205841363689475
504390713761492992
497689252767883264
504269544630652928
501724664734179328
498891664505573376
498107123298213888
499189049370763264
497904254648975360
497526610686251010
499539514067390465
501824421875953666
502147417744343040
499144405500960768
497533135790559233
497341217655382017
499056554675408896
495729398390464512
504265377095098368
503879793671421953
500944746987397120
498437428755976192
498080405971423234
498316099222388737
502035016646287360
498692087546925056
498884738858246146
503178046438768641
500080697923866624
499147571831779328
497066682712879104
497336404264120320
502088095647289344
499534788681007104
498918928975163393
497287951278436352
496610595056001024
504215086878437377
499818892806860800
496172246290165760
497580303745957889
496042732645675008
499125553648381952
500689602236006401
497882294540324865
500654766729740288
499326391708438528
498537954168807424
496077548032622592
498466293683470337
497848974418915328
497434863910518784
497355770879811584
501712106392420352
501520719004459008
500217575134232576
498169852562255872
504292629862178816
499364941782978560
500654789131526145
504251209960914944
499592185646706688
495175181284147201
498855309474283520
495804604097888256
495128910800384000
505213507869360129
499146052399034368
497352861878345728
500005766430879744
504423849132179456
501964882242043904
497870555266027521
502803687635714048
503087067077693440
497434147674394624
497775449033146368
498884307209818113
497918801451966464
498592573632835585
499333050648371200
499584460363673600
498301520916774912
496756553395871744
498299485882437633
496375267313848320
500210380119896066
502210821494026240
499161432509136896
498319794647474178
498988726823825408
497775246750273536
499115484868907010
501953202862821376
495701268921614336
498119250028929024
502515098024689664
498546137096552448
504567136870989824
503009329222778880
505774371890143232
499638912692662272
497678209035829248
497426838961270785
497300828214939648
502512453176266753
504278194292137984
497406413619363840
501724667426897920
495929506843336704
499116364251267072
502188120142381056
497340974935576576
498011227998945280
496872609879838721
497736889831788544
495890259310555136
505456819955724289
505048282721423360
496409463918587907
502256894392958976
498904350261903361
499145532716363776
499112847692271616
496423220799488000
497910786573209601
495121518851276800
496325217732804608
496305327789182976
497854854329409536
497183998804631552
504744086793105408
500547662525902849
497426882368122881
502266571637944320
502183883459530752
498374515970564097
499150349152706560
499925153183465472
505367368403783680
498854290983632896
499155530443931648
499169400646549505
497882182551998464
498029278593028096
497397866831544320
497189601254322176
499194420840128513
499082351688024064
500249876471742464
497428587125800960
497379480240160768
497442692444340224
502161649114308609
500073703179575299
497724925680312320
498444352067084288
497681648868397056
497776125251428352
497870864290181121
495073092348030976
501658765699981312
497705276363927553
497555506634833921
497334639280025600
504859956328136705
497347765476007936
499790545364221952
496414805301817345
504682155344396288
503499274026778625
498431966522638339
497463147876589568
505460764770312192
497919860744400896
496286676960825344
502825232710004737
502320984540450816
497353140547903488
498976500050190337
499172985421697024
498774221620006913
500698927944183808
499085541803950080
496375413120462848
497360032955371520
504274371335450624
502308499443826689
501202897443373056
497870495417528320
502140166371573760
501840888306229249
497727536072523777
497410862580506625
499807746938900482
502462851617796096
504294624085954562
502486005707210753
499733921899507713
499076060739559425
496222322785677313
502515586065502208
497472575019417600
499697968665333760
502571126820966400
497508463996461058
498628590334775296
499288497832722432
499243483761082369
495119508734873600
497569159069577216
497611753295867904
497798735070765057
499708975131009025
498514229327331329
497718769079169024
500420884478169089
502524089303842817
501282381748502528
496944400732151808
497497475138064384
504738638912311296
498643214073491456
498564704558530560
504739149434204160
497543720598642688
502479706940506113
499145928239243264
503945476312662016
497703759032492033
502039897721421824
497728991542136832
497664302506319872
500467034984312833
500308535323160576
497309902780395520
497181952810950656
499165636539727872
497061782750363649
499223843966574592
502876352681631744
497866273112719361
497870560425021442
499685908539768832
498916272252657664
504691728952336384
498110721159208961
497446819513643008
497554196892508161
496580994527682560
497480179636518912
497288015900073984
499941348389437441
504105975708528640
501764278966161409
498299800635207680
499198992354672641
497140317695393792
498467281593069568
497744229855408128
497277284965826561
498481890307739648
496209599801085952
502886889838235648
497666333950345216
499154133740298241
497553224308883456
496772668956614656
498896257512128512
497599867514920961
497344432174166016
496291100962082818
502199890592542720
497039967454232577
501850790068105216
501174857321943043
498139397012086784
495189235230838784
499916427340824576
500441319928373251
498299651099856898
497583611290206210
498933206297890816
498245793430515714
501709778083905536
501172836565016576
495362929869344769
505487784841203713
500198953011650560
500580692104081408
497387489993031680
498965545190817792
504567086367395840
502131657374441472
497628103557263360
502046386758889472
497435203842097152
496214848997695488
500310718168965120
498696136945700865
497342741609979905
497870444209254400
498207603147952128
501251951255113729
500698623362211842
497640329655615489
497533599663398912
500216679956508672
497915025479065601
497776927764410368
497492267783831552
498962167530786816
498666899954495488
502033810813620224
495445445909311488
497281483766525952
495094088392126464
498630244681515009
502954675000578048
505344654686961664
498391334097788928
497541471218962433
504859308505718784
504693245696540672
502018468632596480
498462987104292864
497053023898984450
502117560922697728
497118901071667200
501793748687523840
501367986113228801
499915913748283392
499171719525855232
499165555258318848
498553692254003200
498130353698385920
502037670042693633
497367245409243136
501383890159038464
496713516523732992
498666365553614848
501671920643747842
498493952836648960
505325049356627968
504062443132170240
497252612719144960
504361875296231426
498505658602618881
497421453424623617
504431192842567680
500257473370914818
498306321369006080
497492896640008193
502432540058087425
497746261081350145
498135983276437504
497407200256860160
504277268710322176
497709505699143680
496281521607950336
499327611018182656
497499504921174017
496671343757516800
504797390927564800
499167767501619200
497723932150353921
497742160201265152
499903527612076032
499378195133521920
501919936197836800
497300903545016320
500470209590079488
498667304453169153
498607028428742656
499150023813529600
503577800033697792
497431845425143808
501384193339715584
501281507315421184
500339545594810368
497152611242741760
498121941773848577
497680275392827393
504492342124871681
505346790129156096
497020189809332224
502515492075368448
498927042118037504
499347342995513344
502308826444341248
502515836725497856
503783847067394048
504064594982092800
495446694210048000
496714787917930497
497366508108922881
498202843128397824
502514742884585472
497284565858529281
497703294391693312
502075396595392512
499744855287803905
496965646459338752
495638984266375168
502310121754480640
499896778578489344
497372890270949376
497903764158685184
503696086112796672
499999763077410816
501859066659217408
503913078694506496
498931524742680576
500317310075559936
496656921806778368
502114872243802112
498209518107385856
496624796982312960
497446576546013184
498656320510513152
499128571827195905
501272694373892096
496990448594870272
502245922927951873
499340652585680896
501279035595300864
499531379496189954
496419500649373698
500719348823359489
498120349146296322
498322636397903872
496114228475203586
499310650796302336
504103968880869376
497777854114177024
497349898938122240
497339289588359170
499659585884815360
505661640172634112
496295368574132224
495716191839608832
496973274111164418
496110597625643009
499921748964691968
498299825977171969
500650730517049345
495370940331487232
498800001850408960
497288847550865409
502067026677215232
497776841017393152
497653758252560384
502136764882907136
502042809113653248
497431191587659776
502072535639666688
501377164894539776
498073953160552448
502027373772955648
497727723180417024
497676746280673280
497776447923032064
499392760709775361
500178539346661376
496384932227584000
501258013001654273
499368390570430464
502124541716336641
497740300131909632
504367465631989760
501281694733709313
499182744220762112
497870496092811264
495774242550448128
497777472256348160
501666906693042176
503187388382715905
497709173485084672
502007250076966912
497381622543839232
497275399676907520
504654608250445824
502257255681507328
503905131231199232
497671068732362752
498772046067683328
496341027813220352
499423642573631488
496613244451057664
497273170525962240
499674758724583424
502047363037282305
498279474262056960
497640151510974464
495090253758468096
502818814036557824
504320919503114241
505378148662652928
502048057060360192
497420602354184192
498876701120540673
495901539366477824
497394789281574913
505463284934660096
499048688610988032
502046682507657216
497870502216466432
500682683144355841
498640539114156033
499146486278807552
499584311407161345
498094199984504834
497164361283031040
499543026444664833
497130295548981248
497870510470856704
500325085824417792
496987271669620736
498464134933934080
499210950172741633
503876968408821761
498006466398126080
501861997328498689
500596351940710400
500028077032747008
495740470639607808
500324929192353792
500146165468643329
498505452909776896
497832985752637440
495702889902661632
502662971110457344
498445278546907137
497347700254580736
500343206463418368
498842427894280192
496951246243115008
497915329495171072
497472181161697281
495750969637224449
504527547464286208
500698530076712960
502822881437696000
497423179930165248
497283605660315648
497306648965160960
496634592221483009
499339266561155073
504235050477846528
496324367899320320
497570332220223488
496674499476353025
499243717744947200
498089538422861824
504654946340331522
497785633864445952
499050190230138880
504537581380718592
497357857398857730
499587865706508288
495777192958119936
500762791666794496
500313178199576577
500272734912663552
500304792154304512
498437549237350402
499131109360148480
504900697817907200
500212186867040256
498140602064572416
497369533699477504
502516785800032256
497749947601924096
502210629072351232
497378965758410754
498640927804510209
501673707233095680
505098120846651392
502761793484107776
500178864447160320
498776457620246528
500470254532034560
499103207923015681
500717379500777472
501725111792046081
499147157933654016
504061600454967296
497725979612438530
499202613024268288
497344427354898433
498505439454453760
497280852175626240
498129669837688833
497467191181443073
495166252193546240
497671817545646081
497541900635602945
501187789900095488
499179389268283392
502882196928348160
501941847439052801
496915372826980352
495753012304809984
499143488911728640
502829967298686976
497943672181112832
499083077428076545
497353860197781505
499366006284759040
497308481045549057
498998808261709824
502026691246444544
502115659300741120
504271536132349952
504355400506814464
499145342085263360
497300497356042240
496441664915767296
504253088988160002
497783292264210432
497787100809670656
504312510141718528
498796035448532992
502688103505469440
500335125188853761
504713433527230464
497745334601142273
504682332205613059
497776408844718080
504258178725322753
499325024101470210
497429634825195521
503918255128715265
498393523620958208
496701338302955520
496095649663045632
496658251732516864
500276071078846464
499928120716439553
495094776065425408
504726281549008896
497186067867779072
502308813890801665
497412944410726400
499380463195009025
498081080960745473
504253691256250368
498860953099055104
497470495923527681
505157548497199104
497401684608684033
498230927550840832
496808595359805440
497541865063718912
497915721548980226
497481815779979264
500022266478878720
499285945007353856
497819371230601216
495206475157864448
499567340796002304
502531531668475904
500424563398688768
495840242436669440
498303513173041153
497357015874682880
497392469365882881
498034157763952640
498957938162028544
504220352030212097
497275912891539456
505356591755829248
495740791319306240
499051155994214400
497720163211677696
496452479408558081
499743407942545408
501288704947027968
502259820695912448
502914269839884289
499299584653680640
502515608118784002
501618821095247872
495828042883686401
497781951412322306
497697512954658816
504821614173630464
499768091254226944
498083339077570562
496068022172270593
497747945928675328
502034138178662400
497678483112611840
496251334786437120
499692951334043648
502147772951195648
498025762612473856
495809597517484032
496293568592752641
502780467134070784
502075714590359553
496765875559878656
501737570561425408
503979828027338752
503963760269479937
503501614288609280
497428122514386944
497427747955040256
499403288266022912
497710306249162752
498974687029112833
502348214121410562
497521378174976000
503136290498695168
501865100693618688
504496736250114048
496756001593643008
500183925671464961
504237027639193600
504037082176569345
504422816028954624
505961578521325568
499144425298460672
497428498030796800
502282626259238912
498165833764331520
497698019664355328
498299668023881728
498299650596544513
499182776436785152
499232403487870976
503968956181643264
498606250796793856
501234811026296834
504214331186094080
497733859723993088
502250985129910272
498511399837270018
503947638325006336
502148763302256640
501459458607026176
496413620155072514
499145855174066176
500347588311543808
497431258516189185
497270843853262848
497736308086026240
496237544128778240
497417312677662720
497482443754979328
497475656507469824
496669843740184576
497654527559208962
502215783531835392
499129564484739072
496380444825616384
498688421611589633
498984724950294530
497294069756747778
497039740970217474
499674988132040706
502514876074692608
500466771757768704
495647960030404608
499328248506232832
497437210946576384
495169358675857408
497490699562921984
497299402651074560
502046243107794944
504748646663847936
502138794624450560
499280460254806019
496961787263451136
497372499860922368
505331386249936897
500330871229259777
498888176329424898
497412658518183936
495757848144379904
497795984919756800
503877192372076545
504481465061474304
498125844251148288
496636131866189825
498893402675478529
503163352580120576
498571499583053824
502215538664161280
504383255089397761
498175733983088640
497204265459671040
495930137859616768
499144334608834560
498930363435995136
495711981689524225
497422530354118656
497603428386762752
496049461726941184
501450146215772160
499391663244980224
498932843997712386
500234749592342529
500448344666157056
497538425583456256
499618600119201792
496540993857277952
502035330132766720
497473212725596160
501904037147467776
497447042315485184
502156350705512448
498631127200854017
497387127207133184
505038052863901696
498518789085208576
504535470521729024
502127610378608640
505856903566884865
497124608823529473
500071694128533504
497279756685955072
498774907208355840
497304663293956099
496710586257129472
495077379468189696
496937869316202496
504499763220201472
501958926858846210
497439310782529537
498450016394952704
506141505933680640
504477241061818368
499927472067346432
495731423806906369
498439077247451137
497412163246784512
503912693355786240
496107935232057344
502015971045822464
497880347908915200
499928822738083840
498214595794706432
498819950950092801
497623524526141441
495728651082924032
497870470188785664
497500131147927552
504550656339091456
501261136696590337
500623049981706241
502489660091023360
497671520458518528
502107845798531074
501304507503239168
498076316298903552
502896467607289856
496329409000120320
502528133397241856
502513010284707840
499177549336182786
498507462605930498
499248339477868544
505091137036906496
501939782952288257
502256588380319745
502026792061108224
499096193075380224
498081638908047361
497291483675111424
499323612537815041
499786056653225985
497255877561581568
500762718803341312
498882917901537280
496205525806092289
497340775244365825
497873501991075840
502215707950448640
499893167848976384
499889754838953984
497870555287019520
501859023399190529
500254151155003393
501380834830868480
502814214822842368
502110197222236160
495737541157728256
498247529301938177
497398476033261568
504040768567529473
498305045797285889
504307942305198082
495694293013893120
499149076529569794
501643369546645504
502042499842461696
497847057651335169
497467268230836224
502124768087138304
497380774224465920
499320806451970049
504042873738649600
497430180802363392
495875154262900736
498668363980107776
499930049907527680
504482446222852096
497625042327719936
495362851205165056
502816750107623424
497181346339770368
500121557943865344
505458164347588608
499153295781289986
502120599196794880
502114354553421824
502521356169515008
506220195170775040
495941039111151616
498875399770619905
502981851041243137
499175866648117249
502705814692302849
504664756956176385
497285737197604866
499185224132333568
497678057113518080
497367529489453056
497560195912847361
499151288681000960
497273456309071873
501341591777185792
497477896374845442
496298665787809792
499147911473950720
500201548249853952
501280667120828416
496418012090478593
498480946837196801
501361234894413824
498595608664752128
497887225049513984
497775730886180864
502267457734602752
498248181084205056
505757633241174016
505656255847731200
504525256875184130
497291484140679168
497274373506867200
502092668735082496
504593169846374400
502244569023406080
498702464380444672
497359501239275522
505113883171106816
500207147196887040
499151023177728000
496205170867314688
497313056603774976
498114482850496512
505134405027758080
497429061019660289
501633517676003328
501249977763790848
498080820456742912
497955523535187968
502238448783470592
498744799563104256
499144513533661184
498915387388358656
498334593792356353
497016595496308737
496230161126137856
497279520723173376
497493997972377602
497722573476466689
497372020272013312
504373751064965120
501805895362564098
498697149824376832
501338022768824320
499145391133429761
498883409574637568
498030017105100800
501901670067216384
497279467400613888
501290148290904064
504320940608475136
498507487461789696
505934621054619648
502016278563782656
497304506393460736
502920113821999106
502118225786974208
506167073656299520
496938265987919873
497417317379506176
502210799973466112
497793163138850816
502432409355558913
504710206282936321
501989056004521984
495122018518728704
499147463761338368
497457862516293633
498479184704851969
495445364279758848
498018272772890624
502152153847582720
504030531433287680
496408810395688961
497753017375281152
497637090340134912
498299673497436160
502007013212037120
497781181048700930
497384341970767873
498468324770983936
498055484331798528
501738867557683201
497398362535370752
498579978129526785
497701071351857155
502743995131650048
502530794632790018
497856639664259072
496525889283170304
504415993523748864
504244032965341184
497582502446256130
502009782384218114
496430964008960001
502067078439116800
501395871469416448
497870494830305280
499917178008006657
504655168647221248
497776321960112128
497568177778225152
499205495740039170
499440260116656128
497373914407120897
497436882540584960
497342662496620544
501472045151305728
502010799443832832
502171055910572033
499361762957746178
500221929211834368
500237656543227904
498878129944133633
502045328384589825
504485147941822464
505357268918239234
503127161294053377
497776717339975680
498449972686503936
497420200242065408
504203786861432832
498993525149540354
495689447602946048
502495831816011776
498952479480885248
498134943969845249
497581877264257025
496254227686371328
502410488471633920
498553705130516480
501738865007153153
499276833624698880
499146115586220032
497695810843586560
495780505393324034
495838161717559297
499897235099095040
496659866643992576
499246488543707136
500467712158875649
496755819904782336
497429622565642240
497779930655379456
499237579645280256
496381060151001089
504775189855760384
504361425792688128
503858832687505408
504248285004333056
503762726901284864
498851265825488896
500365112776339456
502252489077309440
499147879689515009
498494392026415104
502116066399907840
499798712609415168
497870462345428992
497344562734833664
501080956510699520
497272212861509632
497472366751252480
498094436983635968
497709667976359939
498639975077117955
497359578082705408
496387649309929474
502434059394363392
501359342059520000
499146694341455872
499146498697744384
497417039267377154
502513755826421760
495099605483143168
495008017411481600
495693584054882304
495669664697954304
497709354804473857
502016050393665536
501307937848311808
502027264179990528
497831633828212737
499370966221213696
501146964172759040
499949499318816769
497301598608306176
497896571028373505
502513203301994496
495889003753648129
504468692608892929
498004809757499392
504826122035822593
497411236649500672
496154685464535041
502857060808417280
499309042175455232
497427519508078594
502132576178696192
497640294046007296
505921493549592576
497339296676720640
497402014629105666
498299819035602944
499818684547100672
495096505607270400
502858655033593856
495854968558338049
499023470596874240
504551823777472512
502968856315326464
504329926166994944
497273690803810305
502024390364520449
499854754714234881
497282055676657664
498930066739322880
504330365625196545
496965669988999168
499694183570223104
501437112164835328
496191214148804608
503028154366451712
497237476683960320
498667104393261056
502082252130373633
497277943505113089
502146400231387136
502319484875448320
499969287944425473
497865184296198144
495083637541703680
503948676864434176
504216082891419648
503253002698760192
504031474748624896
502808886500663296
502402648772210688
505887993744617472
504240213468925952
501466368529559553
497307440946241536
497870504686915584
497733779327553536
503360760618430464
497567921288540160
496934564703375361
505159316949987328
498019489133240321
504407246139166721
499948892990230528
497313756964077570
499718657229201408
495805655182086144
497860979812610048
499212755123961856
501281572020948992
504269836189728768
498874830851440641
498271206022205440
500646312740519936
499184482529083392
503870247246770176
499344834386493441
497858238441095168
497498366230540288
505048282616594432
505763581842169856
499144089846030336
504660470058721280
497027882133512193
500054053095616512
503229577075109888
504901841306808320
504660627898773504
504176738277285888
502520974391394304
497870500618452992
498917965127876608
502114051997319169
495699391848914944
502512843175256064
497301139680137216
499585416316456960
501968297814810625
495114202898771968
498443037836464129
504320944060370944
498131541831479296
502571433856598017
497381975632904192
500744019446878208
499731771303661569
495770114621329409
501104457875066880
497943410800857088
502690904285515776
499174104940171264
497586472930017280
498932748640608256
500761404878913536
497347758966050816
497365588868476929
502272946757320704
504735080859041792
504661033550888962
504580463936405504
497379533280907265
503954460310528000
497860370103431169
497552595532390400
504108202628100096
500677198257590272
498690074968850432
497349582297128960
498667653808930819
498873975465054209
495538284894752768
499733404385300481
498920333089722370
501146480154279936
498664698649530369
503105005813903360
497788487484329984
504098152161746945
497164343726051329
498299654258180097
497860819129208832
496554415810023424
501841412107694081
499176096017838080
502010462985535489
499364915597959168
496712968802172929
502512484977496064
498162497225228288
499674756027670529
503130570575323136
499162938658553857
503669581907783680
502150160957202433
500370138588143618
498906292233457664
500018614976929793
497758444167127040
498706153254035457
497282136227856384
497715683695030273
497275603549446144
499246893134667778
500196491735334913
497363372300451840
503959812221444097
497433852340862976
497390317348216832
498299632401645569
497880957412990976
498730974470221824
504298157065654272
499511862791512064
504737915294199808
497299886006865920
499140133258801152
502895885877919744
497748637187706880
499366157057818627
496727477134589953
498893514089197569
499593120557064193
497347027995328512
502622181499883520
498092780137480192
497414524396654592
499257838619750400
497465936937361408
502259519817121792
497491157308686336
504985957284974592
498596782419738625
502450825709752320
496284678379552768
498906881964777472
497057967838351361
497277644753608704
498080461403348992
497378399707742208
502042557439021056
501202269661310977
497275503548825600
497831200804052992
496415843979243520
502567273882984449
498893577360273408
504259975523627010
500218827352076288
496686277736288258
504117592098111489
500468226284072960
500644614018445312
496268085054021632
497475967213117440
504368802822230016
499729516655157248
495710104793001985
497728575793938433
497619329710837760
499332570090594305
497320727499251712
497870486701744128
503015741474750466
496635361632976896
499512835270250496
497330998678683648
497036930681688064
501959925153554432
497704712225837057
498058260260585473
497882301859000320
502048023162417152
504076603576442880
500361759018856449
504896267970158592
499913403196928001
499192469591179265
501952470365384704
496192365405536257
497709364183326721
497255875065966592
502358841414410241
503880977853448192
499618327107739650
501688421308698624
497865022069280768
498882158962814976
502816219272314880
499336917155344384
495710767757291520
495752187528880130
497507915901579264
497882200977596416
504340945312448515
497426996264464384
496626003683573760
497685201246363648
500231052531859456
497759442952146945
499328346720067586
502232401117212672
504783132126490624
499144898294341632
495698794747797504
498514522957955074
501002048666497026
497859513400442880
499166119148539906
497592836326297601
497300770619150336
499097903504171008
496192042372825088
499014723623727104
505910450156888064
497635199534919680
500946782210519040
499900355946512384
497075557616844801
498766240006299648
497595817327202304
498921532488310784
499626298034372608
499236565533483008
497281236113424384
501195045110706176
495121532918591488
497473036061519872
498671688913928192
497433399733538816
499080593296986112
499052527762305024
497554756164792321
502841478813868034
496919980441468929
499320948961464321
497205707687477248
499167088112836610
502401771629584384
495379505142185985
496104238582206464
504239697321664513
497417165264269312
502081153331773440
497707228434948097
497274506059071488
500177859299012609
505326856896528384
495529622466211840
499729064039833600
504034691679522816
504599366204948480
500277874784735232
502015064648343552
502779131608981504
498973290963410945
499150124313243648
497559088931561472
497776286748921857
499232273422901248
498468422334697472
503962036091764736
502251090466070528
499914844238528512
505048426497998848
499318861951291392
500472515698122753
497281233152671744
504643170555424769
495052231172161537
499342075423653889
497321726444072961
500309658360631296
496755555407376385
498247025196945409
499567516008845312
497906774591012864
499106568164474880
497283743892373505
497870505417125888
502134014040612865
499159037683195904
499908713499865089
498122168098508800
497778097341882368
505921278243385344
495775468121882624
497774758130647040
502829906020274176
501342938740183040
497037362174504960
502513128635379712
497037434102640640
499302224523038720
502515572446609408
502109989960683521
495760472688177152
502256880375566336
499924574361124864
501192771391471616
497881966780231680
498672727889567744
497352861794451456
502455441461612544
503149144081694720
497387416404393984
497275448301088768
499759066974281729
497379468827451392
504243032388939776
501444847107342336
497245281381928960
502150388494393345
495286147455922176
497677042339811328
497403972676636672
502043454164455424
498126138326417408
502029768804413440
505462813528039424
497744494377177088
498433102125887488
503923403057668097
500591410308202496
497775089371590658
496290285026934784
505349896313262080
501953458115579905
497093737814581249
505328471619678209
499291138646220801
497702111015362560
504533928313901056
499731307987869696
499547817091006465
497907310715359234
497435375951159296
504074998177599488
499150082949001216
500764714646142976
499367797168685056
498463036995145732
502111920405876737
504218973500481537
497587683523584001
498102328600559617
502469903648313346
499299770390028288
499103212507377664
497413181518905344
504175917833256960
502119153411821569
502062629448605696
502052346776805376
504176337868038144
498873294238785536
495364644236980224
504244033485418496
504720028365639680
501451434877911044
498926327454781442
499455539655368704
498258836936216576
503950993919205376
495209814138822656
495780001795424256
500431698647998466
499149339571548160
501922113423699968
495930329434054656
498909911191785472
499193658990944257
505242606884777984
496293641367744512
495929859948814336
499302790607298560
497339012232015872
497307267340189697
504783661707694080
497293648753852416
497340813987164161
498110959265660929
495753739932692480
499160266349621248
501414447550709760
497372061472669696
502819963481358338
502845255834947584
504055989255950336
498764793809883136
496868236579700736
502522065061040128
498875257516613633
503288136055521280
496928906327633920
498252479528980481
499544060903063553
502729431753187328
496624797057810432
495731731861749760
497777789529882624
502299893629607936
496257176537923584
504321551697993728
497719880519389184
497276103091056640
503950551684755456
496964202620542976
497345581975470080
500560099694219267
497734445861191680
497676528075816960
499930500035641344
499209417020428288
504214179843424256
504203789294112768
499970974385598464
502227605378969600
500212433667895296
500325154409697281
499930685248122880
499930808552280064
501907296088104960
498165329642528768
501916267402383363
499144922419585024
497517628936962048
498526708426108928
502314208088698881
498943170676137984
498872486025768961
497360798302220288
497312851640328192
499873502631968768
497775947350020096
505366395886911488
498096117590929408
495170652656386048
497778348589080576
497381024356380673
504406997052035073
496914847850721281
498961997854019584
505921383021289472
502353830953353216
498911109957820416
497570654947123200
497427393565720576
502841560065912833
496454445618585601
501952841418670081
501825445231591424
495770755401912320
495945571085975552
500020956270964736
505922012712157184
502401803125010433
501340647459389440
501738806702141440
498515840493686784
496363497614479360
496399932614770688
503471702173433856
499179640859004930
497340777299603457
499577486670565378
499143933788950528
504833759728779264
497975218216771585
499924710168489984
497778340514656256
497457243160182785
497434228515422208
497291080510230528
498463842158907392
501337744962883584
496413012798869505
502279084152741888
502522438375448578
497787454376919040
502026574271881216
500470315873730561
497272597369741313
502264859971440640
498796599863029761
502892042570436608
498299769303736321
499403023236362241
500356747190878208
501449751947411456
497723149694562304
502432030958030848
497340308963594241
497778555481489408
498670852175843328
496234130091548672
497336129931448320
505930851683545088
497224505740505088
497870489356742656
502210770751348737
504515703571898368
499929732402917377
499177008057036801
499247362871549953
495694080127819777
502514446234025984
502419566094712832
497780615354527745
496792017720983552
501904482515427328
499289111443013636
501954478266785792
501851638768738306
497560986170458112
502403490095067136
503163022899412993
497430478979604481
497663904445890560
497326038440230912
499923578763358208
497400552947322880
501744934945189888
498505938836656128
499646039214002177
499075308905963520
497868538531811328
499256296886251520
503761899746754560
501472643498115073
500312732261183488
498557333631287296
498492800254873600
499928944817086467
497725045163036672
497290448751566848
504627855666741248
498928946772058112
497295417198256128
497772288843206657
501261236986974208
499337078732509184
498337637129019392
499086953158311937
499976205593231361
497848373425471488
498950772336623616
498876534409535489
498175195413483522
497434689062596608
504335986340687872
499091159734431746
497244419028840448
499275464758657024
501778490006712321
498817788849684480
496684015621914624
498674193186422784
503945325317746688
498440866524962817
502109529975554048
497882784745414656
502456177410994176
499054768203894784
505926354789859328
498407244162019329
497274203804942336
497665752179421184
502319318596472836
497809040370831360
495362406822858752
497546551644803072
498028206516350976
495751776306749441
499080361734049793
497374050772344832
504043063447007232
501378087091597313
498891346187661312
497725710375874560
497504247806980097
498875163245441024
496792360555012096
500563826035916800
504283967852662784
496377272182378496
497676203638407169
501729139574202369
497857034922897409
500273280457396224
497585781439873026
499930581107757057
496421273292263424
498952334303432704
496227353912426496
497338177246756864
504284358279462913
500926630127095808
497542394665893890
501143495244263424
496978651682832384
497358006859104257
501104496378789888
495776264301465600
499146429902766080
497430610773045248
499215133671825409
498260492628926464
499020761504710656
500721463557509121
495726033123815424
497896654205648898
505161725402832896
505779539726045184
497431981962330112
499926528810299392
497701717689892864
497387951500713984
498290429591162881
504301202868535296
502197230825377792
501408400970768384
495411267385831424
503948316955377664
497452695981002752
504248386355085312
504035809507307520
503952310679384064
506206649955008512
498914161116454912
497026932240683009
501282976823377921
504239882311847937
498930012892831744
497373531030966272
502162203328249856
505007158489255936
495757186476163072
498255094819737600
504260067194331136
501747298209366016
502519622558842880
502514347370098688
499215602947751936
498111236043595778
501957654151835648
497901110133534720
499159180180480000
500425923594698753
498940683613638656
503970188866629633
497775082052546561
500152400771301376
504659377178288128
499247262061453312
496379977906941952
496983665562619904
497853197508046848
497720364374720512
502313253415161857
504177985180545024
498127564871704576
498909794208477184
498604466220699648
496750500855828481
497775371845398528
501313932527554561
497680820396498944
497860133741805568
495806466499309569
497707889813774337
495255755407110144
497421590892908544
504663887648948225
497775826273071104
498977025059594241
496375506703364096
500480940699680768
503918252863815680
496900205392842752
502025287282868226
497569513693782016
497380634604879872
500153588967288834
505898220074332160
497759170318565376
497309645594427392
504660561943363584
497356379129008128
497305018169454592
499313107723104257
497281949955026944
498884145188462592
497341425470541824
495516183781965826
499632592174743552
497586613199699968
501340668078620672
496893826015821824
503505363820224512
495934265012781056
495206837474435074
498641641788669952
504335480255553536
502514160446767105
498785483564933120
505379010357239808
497680631925465088
495905655325483008
502255365954994176
502809165962555392
497672075839275009
499176312284520448
499156491283492864
502256179427672066
494996824348819456
502008039335944192
495709560729239552
497381623231692800
495952356068954112
495840376239173632
495723942879821825
497758456669949952
496715094894841856
502309047807119360
497346794473283584
499209920861208576
499124379872030721
496394271570665473
504643170614124544
498946651130957824
500315039857790976
499210560811335680
504156230479536129
498839667639189504
499840060695773184
497955026544107520
497732191208488960
497488251213860864
497349926230056960
499920555257364480
499566411199827968
504216082887237632
502429928063647744
498841988519960576
502419436117041152
497775593870864384
495729553382195201
497431573507997696
496232096059621376
499253091779088384
498081799558688768
499144658153664512
501999978928013312
497128810450812928
502995535541051392
497870431898984449
501457633031643136
497376112347852800
497378799429099522
497274296063258625
499145449157435392
497902459403370496
497734405851713536
500250493999136768
497381621491052544
502013955225972736
499150934568480768
497924133108580352
495082697937928192
495779212578398208
499204354373451776
498042982633701376
497892793726300162
500917452541542400
498518663566458880
498299674122391552
502513839213408256
497385445463166976
495382256794353664
499942915976601600
497553453837611008
501859452572934145
497365394488045568
497312104345763840
497689865467985920
496257111094222848
497831527326416896
499191149605978112
501390616387801089
499578292186644481
497164527067463681
497870553252786176
497492377406550016
497469763799764992
501342441543172096
497021861012574208
502012871732383744
496708756693340160
499218649363009536
502529529705799680
503553240865447936
497777050678087680
499213616512786432
498000513590657024
497308849175404544
497870677416747008
499928445301055489
497342185977561088
496215130351628288
497342983759745024
502079003994640384
497378091665080322
495173767102877697
499872093996331008
497375408833433601
502516598000070658
499924009707114496
504010540516384768
497272336027250688
498878237204705280
497492135411994624
498245444799979520
496914754078642177
499189326052618240
498954299435921408
496542230518063104
497014404328595456
498915488840560640
502871699512385537
502110556112039936
496672289715658752
495247957055537152
499144236131168258
497685280120262656
501143495286202368
499562641921019904
498336259799252992
501357715281956864
497180366159884288
504242330749382657
499975451465752576
499942325142167552
497088043703353347
497391883446792192
499874260454633472
502515102952980480
504372024232251393
498592483996360705
501340032238497792
498299766392893441
498917740452007937
498166893937983489
499151361091837952
498667766279200768
499035658233856000
497501677944324097
504563461226254336
499127886436388864
497869709044244480
498157590824488960
498525829815468032
501581380820942848
501158787005575170
496635275200970752
504056385579913216
