189511087811596289
192646653642149890
195532713342668800
187211774880268288
192828655754428417
192213839415230465
187234194102030336
193896192168574976
195260961437913088
194889218231771141
193338563994202113
195880322225815553
192602050691997697
195975053131780096
187569000807546880
192630337229164544
194398607468797953
188351696123076608
186883242778034177
188695852989161473
192629565787619330
190184530836078592
188197888105529344
195870204264333312
195967387760214016
187606651849805824
190223214436298752
194509195142381569
193910153089794048
189108585257635840
187614154251702275
187538347512692736
195202504454189056
194798608942510080
193940336115073024
197043803931164672
192658774186663937
188227879434334208
187224488419659776
193313072096616448
189111402986876928
193930955210235905
195872929081344001
195235350514368513
188282456670076928
190817133343674368
194708771862360064
192851619614953473
187818896504528897
188649246407401472
186587740513636352
186860686054395905
189519561333280769
195971335753711616
195846243627450370
188475456943702017
194376304940949504
190805226306011137
191168342495739904
195874162793906178
186683593949585408
187211766923661312
188718860063617026
192664206858911745
195230732661178368
192663996002865154
195415581783113729
193965145616162816
186878755095052289
195940398110212096
195870258802868224
187088241701302272
192627050706780162
196997448382693376
188949208672382976
194358301994139648
188729381512953856
190394328563187712
197111602619752448
193039247417151488
195547870332600321
192627934098493441
195885200218136576
195887105107435520
195870205044457472
193951572215087105
189776511421784064
195237761089941504
194412777153110019
194429339352317952
192639469445328896
188284586189520896
194103078318903296
191882504851034112
187122780821667842
189367883393015809
192389813167591426
192678895370248192
196363369794637826
193376758714740737
192812707710386178
192665112627261440
188906438003933186
188937255539322880
196230070686334976
191882623814078464
192623771046252545
187570682295623680
192660434434801664
190817350952558592
194428988045791232
197064703560790016
193538521963823105
194031343758344194
190536043085307908
194070758794858496
192686689209167872
193933714512805888
192906932393230336
192641035120287744
195972417179496448
193904125728133120
191904273183948801
187217626097913856
194855903814631425
188665129318100993
196579120480665601
195605627622539266
192660956571111424
189801057797410816
189823414717001728
192695952367288320
190451371135344641
187538449937612801
188718082812944384
192646444392529920
194798075150221312
187209477848702979
187214614134652928
191866312996302849
187212555851284480
197110535991476224
196293628434452480
196127279871574016
187421250723909632
190993991498612736
189098994826350595
192626363172265985
195872594266832897
194116950446710785
195550315691524096
192612741603799040
186878533396725760
192290773142736896
195202332798103552
193346783613693952
189405641503285248
188792533852233729
193401645965647873
195882781203644418
188291506413649921
188973478609825792
192638952832901120
188713790668419072
186553296025174017
195870997432381440
196978574148898816
195696152832770048
192613563767070720
190452515127558144
193272965096419329
192629404713750529
194798185061953536
189208298040475648
196337625181851648
187367856399331328
192833181093867521
193928145714425856
190034397502771200
187793673654771714
193975721172013056
195537710348374017
195483707212177412
196398638870704128
186906766519447553
186887068121694208
187800433803264000
196398637444632576
194429098976743424
191875508823261185
192984445752578048
186889068611768320
189529733325787137
188642967341367297
187596151804018689
196870664085450754
190818591472500736
187161322411139072
190016436184424448
195362548260937728
195850805151141888
186786904820293632
187896215671816192
192687404929384448
187227252751220737
189334145653153792
186543936544845826
193940017297620992
187306970309599232
189021091761623040
194020776607891457
194095838954401795
187900276739547137
195959688838381569
196842761608110081
188926442292264960
188825837880086529
194443697553809409
187209754865709056
194518272228601856
187209758275674112
193931344701702144
195870257389379584
194977793665277954
192654838386012160
194797952781385728
192947441279041537
194835000963772416
187218012519153665
191119840243744768
195591538926039041
192828797874216960
192787664204869632
186833219591749632
190282220928376832
192600422018596865
195153102737903616
187228297124519936
193081639314784257
192662935624101888
192778199808212992
194795956657590273
195989155531063297
187212560506945537
194759659691847683
192991968631078913
190102958443204608
186981922419908608
186674634022854656
193923399301599232
195867388061810688
196739883228868608
189328077812273153
191937706094379008
195165801488191489
194978581661745152
193947859350069248
195904830475210753
187538255783268352
187214953265106946
194852348449918977
191752601132470272
193649607488708608
188662016762847233
192789602996723712
187528997792530432
195855974765051904
192737645565186048
188018618032865280
187532293697572865
186920577884356608
195866935353806848
190153275922857984
196256523662540801
191865055195836417
187971543115116544
189182854440292353
187412670767566848
194508893945200642
195975114356047874
195870777147531264
186936367933173760
194853793316352000
192657515232772098
195476981666680832
197005976166072321
188650996455583744
192665094897934338
191993752628367360
187234589557788672
187217531973545984
194876053678866432
192673185718738944
193928450162180097
197062781328048128
195870787700408320
196236099318849539
195548374559227904
186619318681874434
187711492559347712
189466316493701120
195723379507081216
187257884009168897
187415824976445440
187212572456534016
194050996299763712
192702351931486209
193832269604077568
190020802844962816
194180573567270915
186898672951361536
187218609607684096
195141078909845504
188662180462338048
193423541797011457
187224360124301313
193068744459829248
192715322497830913
186878902248030208
187212584523530240
188647984723009537
195869649731207168
192671517354627074
190145203531812864
188655778343829504
189749942867337216
192640986994843650
195213338937012226
188348987768705024
187212558351073280
189329229324886017
196870289123065858
195851536247689216
187211069146669056
194834713591033856
189618763925159936
186893009391071233
195968689319854081
189529644985368577
191879377049485312
194799039261319168
192982050616246272
194528643807059968
196379630343684097
187992286548852736
193950758268448769
194111909614723072
193424506012962817
190477689302425600
188754806020648960
187966704415031297
194446402691137536
195199952027258882
193376724828954624
195503638188277760
195233412456525824
192781464209858562
194441951867707392
193928831692845057
192895340268101632
195886018434568194
194556023678308352
196348015647264768
193037243823308800
193963209974218752
196741930590285824
188346595891355650
195838192669306880
188892018188107776
195870769107058688
195188482270965760
194825690997202944
187632349536722945
195150698160201728
197041159921598464
190488409008119809
195817780132593664
192657185677901824
194812572996874240
189780189998350337
187854929942151169
195182436798300160
187310825822883843
189481894251986944
187628784504156160
192657899422621697
195958207888367618
195867820658135040
197050509201383424
190031869981630464
188029836982353921
195592004158234625
193002980700725248
192640998340435968
195589163607785472
187252418793320448
193896776732917760
195617357056573440
193045893862264832
193376535833620484
188666160252858368
193934395785228288
187220688397017088
187210273030025217
195143398817153025
190451173277433858
187850962994597888
196355116297752577
195902723789570048
193933441669144577
192659893516369922
192683849631805440
190921816850702336
192611832182218753
187398333952835584
194078127889199104
195244629703139328
195870792519647232
195795002134249472
187216067624579073
190443333712228352
187694901121658880
195199442784239616
192599841799548929
193355528758509568
192252007871021056
193930961459744769
188474921737924608
187209753129267200
195134520658362371
195600066759757824
195478865391517696
187632962102235136
192761210041667584
190123403137646592
187637975906127872
194797702456950784
188652015272988674
195883561713278976
197027110148259842
187229059229556736
187687334391726082
188644810419216385
193933571973582850
192699448403558401
187244461938573312
193293878168780800
196268726516068352
195312067463483392
194811986754813952
193993477086908416
192640975229812737
192647218354855936
195870780368748544
187468670627356672
189199986985144320
192720126775271424
190131011772874753
187229637053644801
191518376949071872
194814807306805249
187212751897235457
193656270446804993
189344932492873729
187289325820592128
195235639048941568
189529468317085696
195880320774569984
196715561160421376
193927017647980544
196587864283291648
192681924836343808
195268488821096448
196553249787088896
190283110091472897
192697670425526275
196977257405890560
186543705967169536
195977402608918528
187212553414381568
192638373461106688
194035994423599104
191904274660327424
187580466428260354
194797706324090880
186434360835182592
194728189052977154
193896189123502081
192611576593915904
192612693599993857
195966294540038145
193779273855799296
194859212709445632
191789913170116608
190156804146212864
189203864887635968
188827534094376960
189327752845983744
196378125926547457
193935616092811265
188650147352281089
192640969118711809
191629412398141440
192627752090861568
197067717772181505
187242712263696384
195571088640585728
187429862821212160
195364766057902083
187211177129021440
192611575495008257
188026282230030336
190850857808564225
188069502477549569
187217530786562049
193039366350843905
187226517489729536
192724391094779905
189799727905255424
189723662587412481
192640979537375233
191922813207187456
192697992728420352
187023586035384321
186579018932420608
191522307141931009
194163274605019137
192651338709078016
189028396041371649
193928133064400898
193923571981090816
192946571703365632
188037157817032704
187023491026006017
195791690378903553
197094566791348224
196983353197608960
192595992179253248
188034395272261633
194931838144360449
197068122983903233
194799521866321920
193928132921786368
189044245347315712
192673580591497216
186860829478629376
192682430791024640
193600966430425088
186964350249082881
192302680633376768
196385408316223488
192267745985970177
187212501736374272
192895252569395200
195980603378774016
192643788466954240
188727838197817345
192643789372915714
189367128443461632
197063041018363906
192603787112882176
186860077897089024
194805954536153088
193929935663017984
189073464429260800
195572850239881216
194134850125570049
193376681510187009
189024096879779840
192640981475131392
192664208662466560
195596935321751552
192625308770373632
186572635029766145
195816145922703361
187214966242291712
189181146117054464
194376802104385536
188665127271284736
197091938309115906
187227514031181826
195477390007353346
192924269158731777
187984819043565568
186924776449777664
186785451917574144
196583978759761920
194799660974616577
192586790111154176
194797761672126464
189116577948508160
194828691203833856
187218528691171328
193928257933033472
195870774404464640
187210285113819137
187208884031729664
194980203926269952
196398638308655104
187853738042593280
194284591434043392
192644201744314368
187810923984072705
195869383040569346
194903532363718656
187535686407168001
193920774099320833
192633543040573440
196209685102202881
188567136057294849
193564830303649792
195680598466105345
193074662534692866
192640735550509057
195202365249425408
194821119558156289
189962776679153664
193948070050934785
195870783522877441
187431672571109376
195192217005080576
195432014529310720
191647363000049664
187503541424885760
186867065246846976
188738608906244097
195164098487533569
192613139622264832
194121946571620352
195241019896365056
194041149403561984
190293013757558784
187219169970892802
195869693712666624
191876359893684224
194357375283634176
189327686622126080
188698140289941504
192673210804879363
195269113810124800
186897830957424640
195597151642992640
190939149879091201
188991290355093504
187168686371635202
190066770244149249
193932471379836928
187979269442514945
195792439368364033
193974447445778432
195233260551417856
194502514643697665
191894916295688193
195007694996910081
187558022606888961
195176672092372994
189416074100486145
194978898914717697
187212582682243072
192656016607936513
194336658676658176
187232299350368256
191353850437959680
193933541158043648
186931027678199810
191874259356893186
195885200524312576
187619498600316928
195218201527861248
187645960317435905
186819657431392256
192831464927268864
187550369730138112
190577542443438080
193927340097683457
192640970901303297
194442633437908993
194879100899426304
194814346122104834
189343377995743232
195873233088675840
187212154544467968
193347344136290305
187209757067714561
192638904422252545
190826644066418688
193411837323255809
195592781358563328
192611069586440192
187217536541130753
197083695620960256
195892424286023683
191554090021560320
187208953539735552
190160770162626561
195883526334328833
188434445995491328
194026778673680384
194925690590732290
194468581566722048
195129898241757184
194888296944508928
189806771446095872
194798608967667712
194374085986353152
192833146885128194
193186921722298370
195169657009864705
192680583514701824
188352288488833024
187023595476754433
190316510282129409
194425160009396224
195164554420948993
189031383375683585
190131108346736641
187212864354914304
194410330955333632
195136994135908353
189434509215801345
195548050184339456
186805280422625282
192991002485723137
190311562299453440
189855428681801728
186544099560656896
187951098940768256
192697438400811009
190310720682991616
191789537847025664
195959583133548544
187773920512970752
195870781966790658
197044031769939968
189097317356417024
189081140995424257
191901026838777859
191581942322434048
189767626636005376
195971337683083265
187279579965161472
195257226368270336
193951066935672832
188825650247892992
196921264290533377
195882181996978178
195234941653630977
194954367013621761
195592938330402816
186709047100178432
187033122636959746
195928412542607362
192681717713215488
187896016983425025
187999705786097665
194866579773730816
187222143384301568
189321281831845888
195885200369135617
188148925209903104
192604437653635073
194181953770102786
187599263277133824
186965472728723456
192605568752566272
192672168042172416
192633132950896640
186896889956929538
191014629651132416
188701444893974528
192687487670427649
187211308658208769
193051138793283584
192657293781901314
187211216614211585
190018606443143168
193950748852236289
191871661203660801
193745972315176962
192604835147821056
192697521271877632
189328963758333952
194442505725558784
186612598987423744
194446580466720768
194580784349331457
187228366846431234
192650067457486848
189618963863437312
186687429875474432
190110737765646336
186545849659162624
192712274761355265
194948196768825344
193947259287781378
196984759828742145
192640985644281856
194954367156224000
187610555836665857
193544264003760128
189374172319858688
193967676111073280
196300504706457601
192761460928155648
193927130235666434
190148044598149120
186896892926500864
194394901918662656
187211217406930945
187208311110770688
190130114334433280
189214863732637696
189367460653305857
187210106184810496
192300093251125251
187283411742900226
195872799280218112
187306116923928578
