513889784247640066
513049241837510656
508016147368005632
507358576113774592
514474463514361856
513827864743923713
516661211002572800
514487016290279424
511508427429142528
513886292552478722
512932913823105024
515876840645218305
507083117694578688
513825961536520193
514659262803345408
515580499532980224
514421456735055873
514036431342170112
508901963510337536
507807512679444480
514164545729101824
508953512047575040
514473371745411072
512423042493202432
514066821314781184
512493166701076480
510284219634155521
510230626877054977
514112910843723776
510127467235770368
511511700013461504
507273971109068800
507503303492526082
512264489891549184
513800218710904832
516128843074400257
515909218063626240
515391478508830720
513306170191138816
514475547091828736
514238290640535552
512021720161865728
514398785209114624
507469485461086209
512290314808066048
513780271393406976
516284826521853953
516248779435937792
515556841921581056
517004143815565312
513782010301939712
511839597916340224
509171135918141440
513091878548672512
514520314277945344
512714771506806785
515446279871016960
514414813624418305
508340009733488641
513001305556934656
513713981660598272
510411109220634624
514625282423410688
512259918704177152
514605794021478400
514521380050972673
509615019571834880
507825791493607424
512840671695093760
514523384042897408
514487608442122242
508149319187185664
512258839283236864
511524133730258945
511513479920898048
515230537372684288
514851660645269504
511827570405675008
513341839446134785
512230813396893696
511577835752796161
510066005272719360
514679680784281600
511742252192788480
514627775995465728
510219808630378496
514604441191084032
511605457178218496
512596018610049024
512231518555869184
513289058760785921
514610980488486912
515468827287887872
506815169805045760
512244038670766081
512749625254481920
512369050589331457
512197440267878400
511606717734748160
512442893924311041
514790592849907713
512633447719124993
515566676385857536
512065357973323776
508933859535495169
513056913098305536
516017211178102784
506298128753246209
512194170388484096
514154830189690880
512939343967948800
512403555949752321
512233567813115904
514056920819568640
516411058307612672
512312807707381760
510385404965437440
513779575051276289
513793704050851842
509816777396989953
506557703075160064
513387573864312832
506454007993618433
514893413519720448
507767616480747521
516335290886402049
516084719314690049
516689399267213313
509381963611136001
515521507351461889
510426196593897473
514738548852129793
512797939593256960
513443434263113728
514551096174714880
506756139946504192
514459566848094208
512259107857121280
509375438339076096
516395084510949376
512661690589016065
514349654184849408
510223713682620416
512777753402146816
514362956243804160
516361115300016128
512411010498441216
515120842028908544
511998356566982656
517032401797906432
514355765008941056
512569543701831680
509746573828317186
514592621059399680
516676791667134466
513783765265436673
516350611261239296
512206548534587393
512534919193452544
511504963030118401
514394275447324673
516282385164677121
515390781394132992
513723150207811584
514015488087568386
506882208414830592
506494264503959553
512146370531438592
514401754113671168
510416857455534080
512247674327015425
511506951981654016
514340242082783233
513803302036045825
516052586433351680
512278125728645120
513123018785427456
511539673324601344
511835979745742850
514958853780148224
512483746998538240
513286798643310592
511514639536881666
514273852445032448
507988701197004800
514158230487191552
514323290350174209
513773658523709440
513704461647499264
513351627223220224
516072199791607808
515392490804117504
512614817752813568
515119541597507584
514396401095417857
507355975515258880
511800022506418176
514446207301984257
506356879472082946
516072158507053056
513015524788547584
514571146931732480
511523604853305344
509379206388912128
514390750986252288
510920267690811392
511509650345578496
513847203883122688
512957897785892865
511978360428175360
515516794975842305
514016267892555776
516941728998506496
514359793403068417
512676612551495680
512228592391303168
514056006201249793
507076645966970880
512950370973523968
513727932234493952
510788547851198464
513179297469980672
512626664002842624
514379804921966592
512745830902554626
512231967060815872
507952075775287296
510660270729863168
516009704607076352
512452524637716480
512232597444116480
512014827162959874
514378580340391936
511579814911029249
515296302645923840
515820363952189442
516200387724857345
512341496398610433
514556812440657920
512639818937815041
513805372268630016
514364656803381248
516192215329021952
511947628251463680
511496265490653184
514056687385186304
514321537860894722
514026849404731392
515450049397288960
511643879230038016
516390917134368768
514152525587431424
516227555616391168
506396500960608256
515446987471486976
507104508410101760
510567015829241857
510227953389559808
510209209195954177
516753001482964993
512863005004935168
511867766522249216
514560656553414658
512713190073827328
516724078640517120
511511704190980096
514498562089316352
512236614395756544
513900469429628929
510616283474579456
514726249768312833
514137372666372097
513722217080061952
510792924095725569
506282500877189120
514372406212063233
514681448217858048
514413750846107648
512262283330744320
507490627496722432
510137701400866816
512002529580679169
516656193734189056
515542444742414336
515460379137167362
515747976074264576
507371244342091776
513887756607434752
516703740376924161
512743890084843520
511791377286696960
506571824860127233
513900709591273473
513052066470588417
512695496071061504
511965478198460417
512234749113679872
514556633951641600
515404383412969472
511536253742108672
514012829142495232
512254214160932864
511502749511335936
514796395774369792
509476951699226624
517073677528334337
512251348625420288
513573745223823361
516210571176181760
513743834560614400
514009618712772608
506480140109754368
514498647158190080
514022531842727936
512249957739692032
514607487366864897
514089772914978818
512765967126892545
515267115452874752
517016967832956928
512799008545177600
507323870810865664
507075212853391360
514026845038460928
512526715596599296
515778921728864256
514010843173093376
513174052412727296
512407048626008064
512389147047522304
513262611228815360
506277268985884672
514955023055613953
514016146685968384
506802806314262528
511953801259909121
511532365836222464
515522642808303616
514937123170820096
506282335549919232
512652929203855360
512367716305358848
514512986552401920
511783177883754497
512229228319096833
516051617071005696
514707501711781888
514582077224652801
515397337498136577
509356905115160576
515868999649722369
511766119557103616
514081645570568192
513914920065191936
515877352057106432
515571544240947200
508643994100707328
507548808201650176
509944475825631233
512255590110736384
508020957945298944
514617802947186688
512272337841180672
512230764461572096
511913285524783104
514600535777759232
506894348852555777
509311645500575744
513947836577505280
509169295280967681
514052815443202048
513676474176778241
512619102175625216
511613049996726272
516120012311257088
514016060937220097
512304152236814336
513064503010136064
510873988805828609
514162743927394305
507100415284891649
512450130222407681
510215495660748801
507075565279408128
513779507879489536
506848345735065600
514883179501875200
506362397318459392
516081055296540673
515619623749046272
512252701099708416
512718237948071936
515144399219875840
513840413560418304
511682350112337920
516045693090533376
514918881844948992
512231122013810688
512591537101082624
512469520896622592
513788843711942656
514023665113911298
513883095565467649
512863975135268864
516055933932535808
513069172734320640
510242111065571328
513698928173522944
514729558747410432
514549783294672896
511971852470599680
512515957525590016
512381449241370624
516607330167697408
514789605032202240
513722073223811072
516073575896190978
511665976970973184
514198466596048896
510207795887894528
516588264912736256
511814306883989504
510148706428280832
514061265254092802
515847203953577984
512368866622984192
514338221598052352
507483066517168128
513951214950572034
513228636594257920
513725247657627648
513780179177857025
510206719461703680
514503153354825730
509004342389932032
514334782549811200
514853647134773249
515330123495907328
512931589227966464
506301213277573120
513885362796920833
516225412624834561
512721607828074497
515771955564539905
512262826485096448
515571545004326912
510214930373824513
516020909707366400
513779730588237825
512624350948646912
514029511147798528
512383455808983040
515557678194503680
514467544871473152
511885561762967552
507115373225717760
513786565374799872
511860014722453504
509797882686611456
512962474669527040
513705603500621824
511511811288342528
511483634323165184
511966232275206144
515161980240281600
516192338511532033
514449490653483009
516130703587962880
512359261834182656
510484927683784704
512257458400538626
512154436664561664
514596050506510337
514074201700188160
510755727833833472
513812535490150400
514027743848439808
512799543469948928
516537490534985728
509952380520366080
514854056792432640
512798796195983362
512610098095484928
507488931563044864
513720386018889728
514336546162745345
513253229153779712
508178676089749504
512230937698922498
516380880575533056
514676388587008000
512280692168732673
514628193786294272
516325749893394432
514393740371562496
513051576811130880
516564984898539521
515434585807544320
514015616068771840
511977459320123393
506355213188362240
511521729982636032
513064597234798592
507651117312778240
508768939283730432
516590743021187072
512233241823436800
512250313949339648
514182363308244992
506290881167917056
510550667904442368
511736664876535808
512264037996847105
514365186325884928
513864233495588864
508565900782350336
512312545160359936
513838929519210497
512508646627233792
514227039272849408
514398788195459073
513963045065080832
516893294341947393
512253413963612160
508203791787626496
516514101179076608
511952174599766017
511520579451506688
514605998024060928
514028825936543744
512460644566568960
516008044895801345
513849118805225473
513460942399885312
512372601826869248
511964358708957184
512344504657907713
510057442932441088
513827723240693761
514013798055686144
514489074766610433
506810092667555840
514013251143598080
514593211726049280
514627943348183041
516943543949344768
513001919959535616
512257660205281280
514481979119894528
514736470859714560
512153536323272704
513879727321272320
511601016949985280
512290569549119488
509710520602333184
514986449305739265
516953939418152960
514482884187811840
510204942108209153
516137910035156992
508467944997675008
514069518378102787
512670850760183809
513676433101979648
511957709671780353
511628188934742016
514032750345867265
512261711471321088
516151480647442432
514192593937502209
507393936009076736
514739842102874112
510082050443837441
514347567468257280
509948291258548224
510057853583757312
507996154571681792
512713490297921536
507073849788096512
512722845932089345
516280119431004160
515567895821443074
511790835738767361
513793084694724609
510210248888442880
516246783362883584
514162136969261056
514474937021890562
513101979070246912
512643002649436160
513886593652764673
509745569049239552
513067034763333633
515091406721789952
514385737748209664
512280003472809984
511930716297641986
514553693681627136
513882029696360449
507074924519780352
516131888382353408
514487197886865409
514338708280324098
510535872799047680
514659861364502528
514070272329404416
512372096765530112
512258327355867136
513844772482859009
512322217791614976
514414571529183233
512712048417837056
514682906774478848
513172085808852993
512232187547385856
512602891014524929
511700576875188225
511507398939643904
510098137844047872
513790667307638784
516459226802442241
513829934775562241
514011290847965184
512484445908393984
514026476082302978
511335200777719808
507844933265281027
512986725665083392
515566535289864192
513048594526797824
509172605190815744
512840503134408704
512715639891320832
513781382167146498
512231855702429696
509387071098994688
511696250303815680
511587322471936000
513780237201846272
514172986006732800
512234639218704384
511511466365972480
515126117619875840
512600100825075712
514019661071925248
516248379454922752
511516857984352256
513265792549666817
515361379927093248
513804112153280513
515445423386136576
512750779292078080
513283184965210112
512712180207083520
512466797841612801
516209593123602432
514346366576107521
512230983525859328
514857577125920768
514025559580372992
511673470610964480
512450821020450816
510895848222638081
517070931554889728
512593639537520640
514146877680660480
516281072674697216
511714630402469888
515346842247122944
511511910563336192
512931657285120000
513773958114840577
513933679354454016
512714063197896704
514014018965889024
514200485528891392
514020685497520128
512344707611889664
512220357970120704
515850805015248897
516010939192442880
516149905740419072
512930262846812160
512245816556535808
507643018036252674
511214340142542849
514475686116229122
516050141078642688
511053345331884032
506388562766729216
512740457567092737
513886608895258624
507701699662716929
512407340109541376
512765584430227457
513028993608843264
512931322621616128
512478563283779584
507826240368021504
512350635744718849
512241023435554816
513785985415401472
511881155441078272
512804439527141376
513827123820503040
508070192883052545
512817370713182211
512256574182526976
512792776056897537
509012051147366400
514821806017216512
507666979541749761
512711875256000513
514018970676891651
512503021751001088
515589040490307584
512639076793479168
514216146917011457
514033001261330433
511541132283478016
514788157234364416
512332573742481408
512892121704308736
516901997870469120
512707011809533953
517023675451965440
511849236883705856
514450626336419840
509328548403101697
514473002130735104
514467932563181568
513784337096273920
512121015405539328
510215854743904257
507363543180517377
511306952891445248
512231488285179904
508469129657872384
511591634287349761
512262747313438720
515609809908154368
511644235536146432
507364921915367424
512816313396260864
511570858247061504
516019970418180096
513911744578609152
512248916520472577
515889045701165056
512466238430121984
514602302565777409
512886934293975040
512228169102151680
514421443913084928
514477661305839616
511511794204954624
514253047099568128
514514988069707776
513829941310287872
515165397650141184
515581714677391360
512917363365511168
514085280606076928
512799484502228992
508975109739413505
515982891445415936
514421459801096192
514058438297796608
515576823883649026
515466134699913216
514398788212260864
512766454203031552
514610774426550272
509694563737288704
512615494273478657
512300707320311808
512968076388990977
511601516856504320
516692117285244928
514625280405946368
513191377740374016
517030136911519745
513729282137653248
516654895479681024
514529310250913792
513951721807024128
516642428111953921
514729611268456448
514246655609430018
516124438740619264
514475403747278848
511507461920915457
513409434408984577
506801805733658624
512600891484950528
511578558263984128
512814431961493505
511632860738899968
514414493854863361
510210860128550913
508755927638355968
514040563541098496
508298857256857600
516037271254876160
512591703832666112
514723713216806913
515513075341209602
516681873217421313
516030528105897984
512373347565318144
506422187419787264
512534619225206784
514019032346132480
507358609122918400
514146722713731073
513047545749065728
512712157029339137
514168742151192577
514588332899061760
514422342425280513
507930600393555970
511783018948591616
516998469220069376
515327855152992256
514627352500776960
514324376045768704
512367675323191297
514027757253427201
512375108262830080
517011324883062784
512720459238895619
512720159375515648
513846170901549056
507426218925645824
516111483844169728
514429090477391874
511522575303057408
515430502346395649
515843336264249345
514336692200042496
511818672810512384
513726782785486848
512374781837324288
512247580424962049
514727560878374912
511594260349853696
507243248910225408
513791690600370176
516210054945853440
509691673161760769
514610308913303553
515049124648194048
512368073341665281
512141205442801664
512234354542927872
516974796492386304
511549311008919553
508776096129896448
512368259098615808
511508821475594240
512431629126889472
514044979631898624
511524398184947713
513722809215090688
513309880661590016
512822026185101317
514463685549764608
514217955979444224
512259184684191744
516023748898459648
515095413754712064
514015219119820800
511552922577281026
507076111646203905
507075669314895873
514323291377373184
514022912521957376
514210764652298240
512284403972571136
511696776256970752
513800705661218816
510554452060016640
513060343187111937
506939571771158528
510221143215972352
514017922931388416
512279348980613120
512355068897542144
510200876976582656
510210350554181632
514495282059685888
514515093283827712
515580074142474240
508751020097171456
512249022292455425
515167073043890176
508096719293128704
511346205537087488
512548315649822721
515443398619045888
516050008185913344
512247547428356098
516284600666955776
511505453021687808
510218269983535105
515511004629700608
513187941418426368
513862666985566209
510742737810128896
510503120024002560
516134677183086592
509545473880129537
514986685747048448
509176543797452800
512714040003416065
514846020329422848
509375938178846720
515601169537040385
517032771924279298
514007144526774274
512384192861458433
511702093468426240
512554725447716865
510192345938399234
512244881670950912
512801127897649153
509379772259258368
507512608824365057
511096844680589312
515753980086198272
510507363158069248
515828540835504128
511508277474394112
509321767706324992
514602148748087296
514935274871070720
513849230860242944
516360338359320577
513063812891951104
512096951161323520
506619225465561088
517032455053000704
509731253357383682
517068907325046784
512313300085133312
513748927167098880
512976809110294528
512713941546307585
507508720457089024
509695202198822912
514040806458793984
513265534155386880
511521385278365696
507663540065292288
512261944825245696
510159608787521537
511163871063965696
512923019006992384
514509895173828609
509375979593412608
514242480993079296
506479650479292416
509316646750941184
514549784661995520
507065711853056000
511870402780745728
513727934482636800
512955044501532672
514474493126127618
509847917138411520
514122830783741952
514113311089393664
513827865071071232
515748411296206848
511741266971746304
509581896825597954
514452392751144961
514736654372700160
507490629069180930
514475602108514304
512674246468702208
509909691242008576
509072702070853632
508018168699584512
512074391220649984
516037089910337536
515962618461564928
514025627494531072
511558777699442688
514516022620340224
512820986069004288
517008543745310720
513505614031360001
514398788216426496
513909137042718720
511838985501810688
512157007671865344
511766109091946496
507422222474956801
516660876708184064
511468090731683840
512272618473668608
515461760221188096
514227288892657666
517011668849917953
514380373644439552
513951070645538816
507375460099977216
508727492337606656
506811029482119168
514529846832029696
511595407190016000
513718828266958848
512266998672547841
516358835905122305
514369919530455040
512245523734990849
507181488312713218
514342409057361920
512975695979749376
514625281190268928
516681081199022081
514171821269078016
508051691107651584
514390492021542913
514019458562920449
511855661424992257
513962563160526848
513790013205917696
513780186828247040
512659846077091840
514102536932847616
511673674819440640
515265656111910912
516046338878763008
514155829738876929
511507467939745792
511866167880077312
508034750569656320
508940632946380800
516162452032339968
512150282403184640
507214685423165440
514171567303954432
512233313860587520
515613911140151297
514127507864694785
512522760225304576
507406487182790656
514196719090036736
512876239322087424
513878178344235009
516725941121187840
511372714456518658
512949777353297920
509072973798449152
512245143261683712
509504940214321152
514017820775305216
512372536311836673
514291370673324032
512610118140055552
508163141436710912
509178249382223873
514421438259142656
514450683580645376
512114184733995008
509955281703288832
514180153124335616
514681983981846528
514332904705384449
512234496419446784
511927886979162112
514592116811370496
514725917193936896
513815459796619264
512370001014431744
513788191376437251
510477812201836545
515473418045915136
512955934919110656
514067604978565120
509313861045223425
514298950023929856
507690978187444224
514032013079511040
511530565108269056
514397084221718528
512555672945557504
512797829618597888
516668170111680513
510211228241629184
508954562523574272
512886027581521921
514022253005377536
515755846790574080
512453372461731840
511998698801618945
516164268874825728
514742752190668800
514346553826615296
510396312488275968
514187624504778752
512988305298706432
513935282346139648
516970988882640897
512603792882151424
512277488383578112
514066340248698880
514200059747917825
511543217829863424
512521142524186624
512231240754552832
513832944578727937
514503353729298432
513933867821309952
516659501970124800
516329300640157696
512637893756452864
516073578958041088
512381159721156608
514627422516289536
512373834297905152
510477983099142144
513921947244036096
516669692870524928
512552492324769792
510488932086448128
511577066635268096
508264195150729217
507545033940426752
514627893754740736
510540929275817985
513723130200985601
511928653291462656
512605148687138816
514930725368233984
514600049867624449
511491555392118786
513827350035709952
507927640570101760
516357748444114944
514731406942306304
512826340651704320
511756707018862592
512149076549595136
515742543083237376
507214680012517376
512370741216419840
515581662345048064
509376344036507649
507071913651634176
507668537343606784
515463096698437632
509816248209637376
507075052819345408
510211269299687424
514736301325967362
513989862845067264
516371330443538432
516222426410000385
512403238654455808
514489067808260096
511573425140547584
511592072193646592
509725738996871168
514474286506336257
514087262054023169
513878859196809216
514016180588539904
516495272311283712
512590767358246913
515419419657261057
516252073105821696
512613490284953600
509170967185063936
508341837405237248
514737180762054656
510944025848053761
511626208983781376
512478639619719168
511939038652420096
514376403790626816
512537206414901248
513868284790579200
513047450970386432
512799728140947456
509438098950733824
512307055672451072
510074679953227776
514386132054716416
514611341567721472
514357259208761344
512529149425373184
513840427683045378
507673424752553984
510219668876177409
509598020707819520
516254900750004225
514421784230518784
510205508675194880
514398785926332416
512986263448584192
508470984060325888
509386088348401665
511523648285736961
513780492416872448
514151191320616960
513888397023543297
510754026275627008
512354501001355265
516033460427685890
512338496267100160
511773029156667392
510248764557099008
513051791538155520
514789405698318336
512353637448708097
512593635037036544
516207657426763776
512277456107995136
514510451523469312
514324013452361728
514337741631279105
512279017378963456
511999649939333120
507177302724071425
506784303192485888
509218134541082624
513879495229837312
511785056986468352
514472124849745920
513886615501283328
515334589225504769
512627843608879104
514500359575068675
513403781451485184
514315755140415488
514531966255759360
512712026460651520
508038555567144960
515169594038710272
512242159378907136
514062530302341120
514069089204314112
514164497255530496
512812955159629825
512604448154058752
516606281210011648
507606727496196096
512613535029809152
511544929042976768
513690371617193985
516681342004637697
514026032132018176
514067149485506561
514397493996830721
512319814992683009
515665547610976256
514616372824141825
515554208230424576
515383623462047744
514620791866929152
515577559841394689
512229013171888129
509032334692470785
512639086754951168
517026276368859137
512802510755467264
514015716681740288
515002815698046976
513049953678409728
507473278227582976
513052108124598272
512713130258857984
511485077918740480
512645777391239168
514403806126542848
506455564420124673
515296281561153536
514370065714528257
514147586715164672
512228270964617216
511167156156108800
516117080253693952
515599857097007104
511823060521873408
507114911365738496
506811207299248128
513907178885771265
507644463913500673
513866235466244096
512401135630417920
514457787305566208
511911243553456128
512463340938203137
512376272500953089
514138916882874368
512404548644646912
512397318746689536
512270425477644288
513784976580825090
513826707217088513
514138207974621184
514580718727737344
515438708175417345
514547015909654528
512020357847715841
511555927842230272
515423593375621120
514884903456866304
512338667978129409
514787282097037312
513798079976202240
517073927395635200
509116671596822528
512799072499924992
516073604258091008
508911541903966209
510211193404149761
514165465522790400
514338349512130560
517090411811065857
515588497848406016
511332987145687040
511597987844608001
514749514998370304
513047642138365952
512229084332838912
517010078663475200
515691116650180609
516145309160722434
515422920651177984
514543816930381824
514336376964542464
513730471453532161
516190579441430528
511515511125835776
510534648141975552
511645012077977600
516565150770671616
514359088348925952
514480905709051904
513247488984481792
512674281822908416
509173951650856960
506636885067071489
513780274438500352
513779194447556608
509322847412817920
507137393364049920
514145485029142528
511542031148388352
516373340777644032
513912299787407360
515728886496522241
513827185090519041
516144623811432448
507670618561462272
514602218276663296
514173414110937088
516710464450199553
513790274808852480
514917484970127360
514645830393819136
512802857754451968
514125337899585536
510002341094129664
511613268235132929
516109690371977217
512230686561144832
511887128091848704
511510927515348992
506306388985794560
514549783693099009
512467894328758272
509381436450037760
514023970019241984
507982186268467200
516086748934180864
514729556583137280
514612471676821504
514341387287138304
513354318393901056
515778676084858880
514390797584961537
511749190155005952
516760299375194112
511530267584905216
513092924465115136
507239596271607808
511876789518737408
508344916867821568
510205432712138752
508625855728209921
511516294634434560
514796009722249216
513853519896801282
516211111201226753
517007079576719360
512366241265516545
512496486484299776
512012546572685312
513997207285297154
511131149708853248
514278789128683521
515422289026760704
514505974145507328
516369564334948352
514400495189123072
513797699775127553
515870420676145153
512271212878503936
511634303034613760
514421458861563904
513402240166805505
513817316191375360
512380809014427649
512242883639119872
512092326655557632
510208116366258176
507805099415306240
512333087574085632
512371006002851840
514225879825022976
507728212110344192
514502693998845952
514259133097205760
511508615904391168
516215441199726592
514723395523448832
512463913720356864
514311030814834688
510160501960376320
514984058904793088
514549784313856000
512737584967979008
512149190164897792
514056252494979072
511544042698846208
509169231204597760
508896453280792576
515831341376864257
512214555049852928
513855263640911874
514217666744418305
515743972988170240
513372196044308481
507463459697479681
514024879302389760
509376495509577728
512645553063096321
512236634533027840
509840916102660096
510205480502046720
515469442000510978
517032795676635137
512726619031474178
511675958470782976
515820077464027136
513007467392155648
516308815747100672
514488101465784321
514476705394987008
514096156859568129
514036746837688320
516487937672740864
514106946383646720
512643610060148736
513680352389242880
514181161871220736
514450179786043392
512947082278080512
512246701831495680
510343619056652288
509012268059992064
514337150473875456
510586497594970112
516237162787115009
511545015709876224
514117086583738369
515173366211563522
514396186560966656
513051771414253568
506772455441317888
510206551965974530
514223939946414080
514031657142452224
512712459728060418
507584662680518656
514167218842923008
514488168662712320
511593121055244289
511530063775690752
507769186139906048
513681111193366528
510170966417502209
512597457851531264
509378043153227776
510123087954575360
517032324853022721
510287062206255104
516220793806524416
514625280443682816
510212766477479936
514599627195039745
512238411730927616
512228546693963776
512242854911954944
514984142987984897
514476785379975168
511619510453821440
510396203717365760
509798838539153408
514023935076499457
512652114183483392
516714537454563328
517093830344970240
516075031273549824
515346627817906176
515411360243798016
514523585353089024
514619021023789057
514599479672991744
514113515159048193
514395592764948480
514016039865430017
508019875491491841
507182531209228288
507364618084175872
514406842471313408
511490640274681859
515336130729103360
506715039278309376
509195612420857856
514729097680150528
514019965524279296
515905464068866048
514129038403596288
507198543279697920
514338365274345472
514468580310937600
515843334175477761
514041743969234944
508939010014588928
511544451861196800
513950977112952832
511695657795477504
511471694876516352
509801018423402496
516228276776214528
507427913029791744
514299281285455872
507079971157069825
507214683267297280
515390089640165376
514453517416009729
516552052965519360
513855077963288577
513784545137528832
514165625019990016
513092561020284929
512385414120747008
512288910425067521
514116204186058752
516354291351969793
512613308713537536
512251370104033280
514604830464016384
511523823595028480
512263506083971073
512622129670791168
510939146395742208
516682184053125120
514632848943628288
512807297299406848
512615981705740289
513064287578124288
514353422548885504
511517274730012672
514034890778890240
509509210384900096
512229503397945344
515740510796124160
516500781625663488
514090439549272065
507647502099566592
509798529506627584
514169378397360130
515462658926338048
514717056743514112
509815490202443776
507371666612420608
512479068324122624
511658462649257985
514600468505321473
514123231469785089
514323289733619712
506626165503971328
508995097288278016
509799888075653121
510221658297499648
509416061289369600
514024127154622464
514820425550168064
512610089358745601
516170150853484544
515120201046962176
513840426525007877
513837979068952577
512932913772761088
512269384350695425
512464705383071744
506784601965359104
507238228886585344
515170154867867648
513828723561222144
514539625952473088
514108178322423808
513798936193421312
507903075525218304
516154691369979905
512228605183545344
514602612218671106
512802719656968192
513738560025804802
514530322843987968
507183984082976768
507488114709766144
512918953543204864
512308958066130944
512228516566671360
516069854621622274
514158631886274560
507548836470865920
516036194165989376
514918696112758784
514407104967639040
512708242321842176
509696015746596864
513741520256905217
514068925349650432
511964865150210049
508869519448625152
512711772638167040
514536238880022528
515606304212385793
513788593739792384
511546293563293696
513793932317433856
512229400725962753
516687646660521984
514230663935844353
514188704186109954
514342564225617920
512720332394725376
512231538172657665
515403484921741312
509853851751432192
513779144107515904
509788216245768192
514625280431116289
506853610387668992
507606656218177538
513723357620359168
514526986471866371
513537696128835586
514347558173294592
516399873541693440
516029107918745600
510205338042126336
509409740984963073
515549646463447040
515333038973403137
514549783248506880
513061812439240704
511640633560145920
511411622544691200
507075284810473473
514601840466747392
512368867604443136
508068411214032896
509618793157754880
510282642495774720
514339107569676289
517027869999235072
511620725757980672
512058457294667776
514413804021874689
515749884390289408
516154434494029824
513739911376404480
515744796426919936
512207815201398786
511561104850710528
508419956636016640
514854689016262656
514147486395400192
511857444557828096
515994354834747394
509658541167509504
514435792186646529
513788205552779264
516396177219416064
516286696904601600
515776663515172864
514801673105973248
514655446741692417
512719653353713667
511983551860858882
516073576974127106
512833716402782209
512594939226906625
515467998476636161
514371231915589632
516356244727009281
509181490278957056
512684374542675968
511541284310249473
511582009358303232
514414790358204417
516350748104593409
512240847165734912
514031285568684032
512628181208432641
509442080855175169
515754550855491584
516092356232089600
510403057168171008
516255017863348224
514061881783242752
512922858440654848
507543677271412736
511512180442025984
516149766518882304
510493966262099969
514647111477264384
513931279306223616
512606707269525504
515631978948096000
514013309612224512
507441478327496704
512276014148231168
515091860407468032
514049757237751808
512764309479239681
513962741191565313
515276965331603456
508927118571761666
510640798522544129
511808379506163712
515873492130992129
514191862651842560
507156631742734338
509581573943877632
512803910747033600
512256713190543360
514151192658575360
511609012530343936
507118432148791296
512228385985429506
516098335439347712
514450173830131712
514604094648877056
507652111081803778
514789094384103425
513099919503421441
509804222360354816
514486030544941058
512535903571824640
510431108912410624
510401798763339776
514267407888973825
514204912054329346
514496957759631365
513441614405337088
513122874455240705
512370199303970816
513780407800987648
514675037321048064
514495437253124096
513831487016165376
511601542081019904
515402154891546624
514575282054119424
512588115295219712
509884185150898177
514530585742557186
508996051244564480
514604827507052544
506794682899116033
510210453700894720
514348782948188161
507368434573647874
512266997111865344
514049290159669249
513269262669320193
506983006830329856
511511078166351874
507372356302422016
506282650953605120
511526764518981632
513966546914656256
507381775291539456
515449022803607552
514356722799230976
511847909675896835
516678966099197952
512080313149702145
514323450924908544
513305262120529920
513257795043745792
514027535194423296
512252935125078017
506430933159800834
515740590651473920
516936309596622849
514210919858327552
514353656834306049
507369065028284416
515568237266743297
507297898305175552
512037872363646976
512251392262955008
511595505705836544
506494264420077570
516727843498500096
513108269066620930
507853244711059456
512249816358084608
516118027210067969
508756471861891072
514031875795746816
514024130984034305
516125850521964544
516109190725902336
513877347284443136
513169839490609153
512713793927802881
512871429378146304
512369585866412032
513130747763625985
515646975598133248
514907330308497408
513793350865256448
514930123074994177
508005418116075520
514742356248363008
513055315517243392
512595857850781696
511866959130935298
511511696234381313
510142525714472960
516642571935031297
517041449615908864
516354304626950144
514631661653213184
514109536551313408
514183373829324800
511540098471432192
510443628121292800
514327022211198976
515004909083561985
514692743592165376
514108710629945345
512979973318389760
507665777546108928
511975821150793728
512700343725981697
513060980709138432
510240832096833536
509359837952892928
511563096570068993
509220751774588929
510244990056816640
506299592959197184
510204935133069312
516211287320035328
515743535140585472
514342527605153792
514013261553876992
513781683179356162
507514146686910464
511595499892531200
514166403016835072
507582689482776576
515951515249688576
516036062557130752
512280919676575744
512229456971198464
517036787953594368
512291081036132353
511644641742307328
508530209814245376
515486834177376256
510309503087042560
514481725603590144
512376778200207360
510274299467689984
510226735908941827
510352311366197248
507825197605330944
514474286984462337
514421461965344768
511104357069488128
512986353005391872
511551600448765953
508778046787444736
517002462755307520
514796448022409216
512306207608950784
509990091331493888
514448007224651776
513827659713748993
512466085946208256
508021026903445504
514290411293405184
511789067785482240
507878613450907648
514262921744896001
512305793568227328
513725884851707904
511502499895717888
510339679556612096
512638393851707392
513962891259543552
512799460271730688
516280452009586689
514509146305998849
513812521875427329
515480903296876544
515825623126646784
515222649816231936
512953037556830208
512799209381056512
513722880463753216
512797688312524801
514016650627387392
512331524365373441
516547223761338369
514627516598734848
508334199909007362
513779704609120256
514069058648829952
513049332241956864
506457079671193601
515329995200151553
511511707110215681
506354580095918080
513829955151491072
513566401601499136
508405845307035648
511520970306101248
512423764068274176
515515859209428992
513828643240681472
507957423408414720
515582517983055872
511855614709211136
509843177319055361
513774411061936128
511827243996545024
510536508693307392
509232279932006401
516354732219039744
514418407404347393
509170956300873728
514021493802807296
507197297462374400
512206867523584001
515678646603096064
512993896578576384
514052675302727680
514050535750500352
513698658882453504
514955098686885890
514146896785731584
512376607794028544
512272500231647232
512334074024038401
512714452152487936
512373972479275008
506823656191062016
509710560314023937
515345090043056128
509575914636587008
514742349868453888
513889294529093632
511562698199695360
511525479224840192
511964301679411202
511358622342066176
512369940255358976
513780737825181696
513442978409742336
510150748437749760
510478536990527488
514564745504886784
513792424028962816
508487214762708992
516339715411173376
514939590440783872
511617176281690112
516274102169247747
515846155167485952
514110207514140672
512285002206547969
511506456852824065
513781759151185920
510626785214464000
507862327560253440
512249959761346560
514393673493012480
512862685466476544
514421527329374208
516352593325719553
516322272391753729
516359056156803072
508215573600559104
513779552670060544
514473354607464448
514728784604692480
513763970709475328
514021954484174848
516812410389532672
507380840943214592
514390557695954945
514192344011137024
506933470384230400
512593009524105216
514026141859201024
512107656518332416
511876789896228865
516274585197477889
512249027455250434
513786041833385984
512760007016734721
514074071634411520
514816427140730880
514746924641972224
514129008473432066
514061286586740739
511588074405781504
510152991480238080
506849752588484608
515745453950771201
514697023547658241
514691703559581697
512957895299043329
515740471709413376
512308977619587072
511543816936243200
515170716199559168
506291644778692608
514073344204087296
512659621715398656
512372325585780736
515398308014333952
514379142968524800
512247309422170112
514390935367860224
515340248876720128
512234146320482304
514110089154666496
514443375605346304
506402472672636928
515744862193582080
516395456734445569
515747484606279680
514083300965494784
511783332070584320
515598301102866432
512380540901920768
513727458965585922
512759822224080896
516038709280374785
514243277596667904
508927745796354048
506904057219268608
516214319961620480
514626145883389953
516040743115182080
506802727297769472
515553978944212993
513356534852911105
510206175129141248
506409345673068544
516161509399883777
514004898258882560
507064503867936768
514032404126654464
513723877386878976
507769166124679168
515816560565702656
506426252904136704
509008389847142400
513792668737241089
514027419330957312
510223796452986881
514496256815939584
511680149725511680
514017748830007297
515346995410923520
508087128245690369
512797576832090112
509623149127032832
509946581278523392
514547992448483328
514203571844579328
507069840633630720
511605179578187777
512368204438831105
514395910378254336
516591259058991104
514421745219297280
513095343979106305
511412530787655681
512674236218216448
514337000187777024
514041060671369216
513001308287401984
513890481252859904
513897586231476224
507105383467343873
511604881325445120
514148417078304768
514163171398270976
514112071739666432
510206752785453056
512491442057805824
514355050333110272
513530603824627712
514336851310960640
516907832835588096
514479203014541313
516528138588012544
512801553195876353
513752484138209282
508111035715563520
512371178695311361
512737523387232256
513313517722537985
513883442376093697
512285857957421056
509321781778595840
511612612011130880
513878215346360320
512834994624921601
514775185611042817
507353251159613440
515574798429483008
510918842122788865
507075208419606528
516058456294322176
516056505095688192
506771818376491008
507133563473784832
515871262955274240
507502552192385024
508485851395813378
512725656124145664
513819670114492416
509169976813420544
514402973292961792
513926689739788288
515850170840649729
510343641567485952
514916570150076417
506318743052750848
513829940853108736
516002307842924544
514494536962539520
512754621471670273
516060347569303552
516009441469423618
512946410929815552
512231016023326720
516798942629998592
511510740323549184
514177444618981376
513950659180511232
512757998599421955
513532512057163776
513949727701102593
516075296923992064
514064029585649664
514138873119526913
513737792556646400
515269375864373249
512401694093619200
507666445069598721
513790682390355968
514451242764886016
516092688664252416
510160143913213953
512864101760917504
515148344411574272
516423503541977088
514189034613387264
512248994014461952
510214148610097153
514479155186892800
511798477072773120
514449485477711872
509024332342099969
512350722180911105
513780972106424320
516207969219133440
508012772370948096
513295202392743936
514625280452071425
514903551764471808
516960841925926912
514014732748357632
506802727427792898
517000434171379713
513050436182769664
508486363755208704
516480254911975424
512853014713876480
511611827512680449
507419628725760001
512989930696364032
510209957875040256
511509118201257984
515604460664389632
512279527880278016
513053042367660032
514122883812298752
513887108293861376
511610776415518721
510362773268619264
514734809491324928
514062821483905025
509001445631614977
513779672384282624
507945110286655489
514066537809182721
516355400803680256
515287756277157890
510516722018025472
512798163728478211
516598212204167168
515817900427714560
514491845943246848
516052615348899840
511209141264605184
511841311499239424
512374962876076032
511599462440239104
512817003392798721
507652845911289857
515445459637510144
512304826701856769
513383380164288512
511978041602740225
513449603559985152
511855310160789504
514921014073892864
514628191504187392
514181518630338561
513055499689136128
514601458009120769
507219076364914688
514017763937886209
512162443435728896
516437441876877312
512715801942437888
516230431621283840
507052889169481728
511510940702216192
512683740670468097
514504141297942529
516661367437131776
509359656951898113
513785299147964416
516565286447628289
514038909517725696
513819237480427520
513676782806261760
512800287178776576
516710005966266368
515128843716149250
516033277921361920
516293310961307648
512589615119990784
508470364653903872
512885839718674432
514723927508393985
513404776386953216
510220207059922944
512903104514514944
508469199870517248
508019104717213696
513827812768100352
514170152439787520
516367273926205440
515812204562497536
515385617174110208
514940786061099008
515477202037932032
513725895815598080
513655150397751296
511514752959262722
509197514244104193
516092001532379136
508469686200053761
508470692598132736
514177960774230016
514628148072177664
514060863678861312
516003012633169920
513787600948056064
507768920997376000
512593899110821888
507668450240507904
509169501749772288
507490425058639872
514877315864461312
512286264876621825
513851445930516480
515093796736872450
514344395030925312
514074986970382336
515728485856575488
514421446215757824
516245246900850688
515611999741702144
514024412832882688
513298703831277568
511802204131315713
512381936837214208
516076662824636416
512742624168382465
511556641670434816
511720174680956930
514907252814536704
509369433748672512
506457061027512320
516364908410056705
512597156062969857
514139500167962624
515414689279266816
515017389675917312
514872517971181568
512230035676475392
512369974585745408
506743298242142208
517022997467922433
514831708764786689
514486128892985344
516687757255905280
514148679045771264
512230938407739394
512713363244056576
514226840764829696
508998753479835648
511955700965457920
517097953299673088
515641894626275329
506803101207384064
509378274775302144
514016239417827328
516283247446077440
511511166678339584
514132042872008704
511760077376978944
514144313086074880
508094583394140160
509339832221704192
514071413289127936
516511533371641856
514179790853922816
515572449476636673
516073605101154305
515589545178329089
514759031144341504
511675651514851328
514744185920815105
514452178120237056
512797695451222016
514737219601326083
514224267236372480
511681566376853504
516330647212662785
509169097238528000
516271295596883968
506456649423667200
509265598484725761
516077802206932993
514055651379527681
512906296220082176
514444894631260160
510516142322884608
512368640365060096
516387404694183937
515448474704175105
506734951031910400
514996539132235776
514001577829363713
509693141080092672
516357820443525120
514979397170782208
511561971972317184
511530992067436544
512590430462955521
512715474346323968
514602220479086592
514064507803418624
513092294933618688
512816520699736065
512820133056634880
514395310668668928
515264777208483840
508000356446777344
514094299504312320
513282822123966464
514910956691128320
514351596982247424
511564806084505600
514045501990510592
513789894444220417
512250202754154497
509770522670796800
512801697584783360
506792858436005888
514952216055386112
514164828953640961
514023957402746880
512154633553596416
514323289750380545
512284763219320832
514208036471054336
515510755488051200
512125083507499008
510247899448348673
510057381175103488
513919191641227264
512371741340233728
514666227214868481
512243176724504576
512231992277360640
514109870250131456
512249149832450048
513458982430597120
514025746965487617
515150381173972992
509367769172045824
506811668320780288
513787549345923073
511555774016135168
514781447828561920
514056735540391936
513861053440983040
512712323639672832
511570179378388992
514475745910226944
507578553769021440
510658706116063232
506301185452957696
513169839469637632
515766863771738112
511792738342146048
507730127958974464
509819981484130304
514752279552200704
514788590719873024
512416129822638080
514592617758076928
512727248160292864
512567725743669249
513049968039714817
515915812872675329
514170939891007488
516874596264312832
513109435137658880
512987306362281986
512266705070858242
516216297835991041
515316779179311104
512250014161453056
511839598625189889
515098793667072000
514176604335898624
506291741595430913
515304100267687936
514233498534559744
516119893880479744
514017798557683712
513292991457689600
514318246456344576
514366788101210112
512257320626044928
507677839228149760
512613399285362688
511928567685734400
512856461895299072
512808062512398339
516103576243142657
508538915590909952
513682468231081986
508515406710317056
514027119643742208
514017273506299904
513807329272537089
513388030363959296
513828049251745793
514982685878784000
513645740250660864
512542827046109184
514162990199758848
512719233495478273
511578693760999424
510408847505489920
510477434848673792
506868623219388417
516038494133964800
511555572844752896
508837111277969408
513780663271424000
512239988512395264
514622327816867840
513875952938811392
514025825189253120
508148270536093696
515182440776617985
516121024203862016
514022848915320832
512748432264409090
512383072743215104
512742595751997442
507085915760517120
511527863083102208
514494607791771649
509171779323981824
513989923280408576
514494735718023171
512633120949288960
514336541561192449
514445600759480320
515344789282107392
512249933236547584
515476834310696960
514609058226388992
514820711223787520
516107893012054016
511610389550084096
514502979341516801
513050298689265664
514659223838687232
515762653047062528
515577336402415616
507362155142713344
516626974983221248
507729877189943296
513309718119325696
512331458334056448
512120864083828736
508750772935217152
512538807543922688
512720257828401153
514482201912963072
510211080967053312
512298055786172416
513291587216891904
517026262980648962
514015593260150784
514019272067002369
509946963127967744
517025101716271104
511518553691160577
514346505990602752
511791375130853376
512632920096243712
511742238024806400
514631782679846914
514625280762449920
514475689056403456
513827014722064385
514263355612078080
514356252345118721
511539556760711169
514631564928753664
513779529194946561
512229226008023040
512690853983186944
512907422294224896
514991180049051648
516948090322817024
514032426168098816
514738505545551872
513722476304793601
510141034379362305
508017260015788032
513885116179812352
513111110657253376
513095190530113536
512233096419508224
509337800844795904
506375365032681472
514569142012108802
511515918023663616
513236013049593856
512803935304687617
516230983935610880
512228474543964160
514014721725706240
516040611388854272
513132811608666114
508901390073466880
511129760807014400
516652699027120128
515754434048311296
515649661181255680
512382198167900160
515455534586015744
514108169338253315
511598281634643968
510098126191865857
514584457987506176
512945738201198594
513241086983020544
512008299361734657
512368398530281474
508923962055995392
511992034769776640
514540140988207104
511594821031845888
512228786931499008
513905103984918528
510603920607956992
512350344114737152
514549784498409474
510828309710516224
508495802142953473
515766893186387969
514170221536739329
511783466208591872
512593642880376832
512800134137004035
512300348544139264
512249131998662656
512376873624813568
516280453116854272
513722298872770560
507125512267776000
512741094140821505
512369345654034432
507930670581444608
512735962044973056
514003862328340480
513723108151537664
514476013708136449
513782556157042688
516252995718483968
512800268149198848
515851570307534848
515741552476708864
512659502965874688
507076501401911296
513788162058252289
507483509095534592
514725315068043264
509988516533514240
514606756903669760
514474874178666496
516753492208140288
514256308241838081
514187383743340544
507665710135250944
514263932819996672
514323290329186305
512814955641315329
511567746094874625
515554574891905025
514483910135521280
512341064322408448
510219745648721920
514498708587962369
515987534623436800
512764820873949185
514042744676057088
506420660701499392
514481822592696320
514394958498123776
511964176403546112
513910974320214016
513907305478230016
511516196240650240
507075670879395840
511989323320012800
514342078696800256
512272094491836416
513972240317431808
512227554435284992
516069829342556161
512797837134794753
512228505460166656
506805297823092736
514897935885410304
514526188132261889
514023155086553092
516334066871066625
509691861154672641
513784216400564224
507066134030745600
516352324273709056
512370457837043712
510912824399257600
514400155315884033
514525852617277440
514246653344092160
511861201442066432
511539808217604096
513901320504635392
514850179095465986
517081926943768576
515087294458368000
514353852347592704
508124202763685888
512714441377333249
512548223928782848
515619896156516352
516237178255339520
515842282658881536
516754972004732928
513354527412477954
512987673342914560
514637733323493377
514013247553273856
513988120543772672
514017395661623296
514698022811623424
512726360721068032
512367817375903745
512215556523835392
514176706614403073
510205847570751488
507356781148774400
514445973150380033
516003607284834304
514444275707150336
514017796410208256
513714330211450880
515776236220461056
510876619511451649
507926094003970048
507353501257981952
512271730061365248
514218134660595712
513408960477401088
512860864253140992
514100945932648448
515765315972915200
514139873406906368
515679989384359938
514488150539116545
516334519419699200
509462010904317952
513379250242473985
511127446671073281
516151588927578112
516719194361303040
516150185110802432
513879999124758528
514602303265853440
516019839857475584
512980084832337920
511964738348015616
516927713936805888
515578254972190720
514602287788859392
512916012703182849
512223137191444480
514405025833943040
517023638424674304
511332413532684288
514463414803255296
508635075320487936
515329876245479424
512232833633746944
509002199410937856
513723368475222016
507491371033169921
508923962139869184
514169718731972609
514367752094892032
511631652552843265
512281686306877440
515829920506077184
512677620580745216
516018311495053312
514455953350328320
513107672636588032
514024382398988288
514698864541327360
516214165262696448
514220599670243329
510148280534040576
515042072496058368
512804144411717633
507327561215377408
511856022005092353
508813157838508033
512598386525339649
512025505311502336
513739021907136512
512431759430934528
514954481302122496
514231104719450112
514072773959122944
514338605612171264
516213256390995968
516900928210108416
512230941264478208
510389822260006912
509337877688238081
506812584155049984
513736093074993153
512618868091940864
506803823713607680
516070791931518977
514545907962875904
516376334075826177
515525817519308800
514390450979876864
516073576588263424
512498139363041280
510274812183580672
511607247328542720
512730737896726530
506855715286155265
511610834607288320
512601575291113472
513692819471749121
511620550343401472
512642010067394560
507333686094606336
514549784578109442
512798871240454144
507637775794208769
516512713166815232
514839364351057920
514853980074422272
516352782513618944
516277040082059265
506511895982268417
515679780738703360
512233885967876096
510142650209431552
512725322299498496
515196846197583872
514192817741381632
507482963165343745
512233253261279232
512253451473260544
508988223067287553
512358533132607490
516071102817136641
514763956280238080
514428017418854400
512272311370915840
514611476217475073
513660859261140992
512818181417619457
510113892920750080
512717557321564161
506255891902242816
512061343902728192
515494814008098816
512034040065445888
511515699282333697
512477798112710656
511640611875999745
515420320963244032
516012201996345344
514971219481751552
515227804741668864
516680430578569216
512764538794418176
512370920090894336
516019352311578624
511515227301888000
516362982373462016
516029662271913984
514096734427807744
513963379816275968
513843902517100544
517070922386124800
515440385083342848
506466232212934656
513791365009145856
507205907248611328
512499123426459648
514016541718110208
512370668411682816
512232565923516416
515400658254454784
513259259128446976
516939453223669760
516018304893206528
514619745241268224
514158291430408192
513849678492737536
508809165041463296
513077808005128192
514017058561220610
513805125950136320
514024836306198529
509358936123006976
511757739681652736
512230031796367360
515456342035673089
510200706838835201
515202966190448640
513091234986868737
516933039234895873
513233674788016131
513048966934835200
514351817762025472
511510081083801600
511653271107158016
512380192892141569
511803512779730944
513815502846971904
513779623998418944
511537440142532609
512516789360930816
514789971165978624
512284136870916098
512508802953125888
511513830405701632
514527301187301376
516045222871314433
514626149624729600
511596449478737920
509392988447846400
512226545268969473
516363562986385408
512632753054314496
516252720416583680
508902456428748800
510211227700973570
511801662227238912
514021200163389440
515165838429945856
511557851748499456
509673286306136064
512240808242589697
517070927763234816
516060031217717248
516154540903923712
512798160721162240
510153590195757056
509673309571923968
512803006811607040
514465511636500480
514020498234413056
510240142078910464
516695614709825536
514023517818728448
509377266191585280
514821567780749314
512800817179422720
514020965693808640
513053507889676288
511506494085267457
507805289991503872
511783012976295937
507183984166830080
514065169941794816
515336381842067457
506916559042781184
507873796494090240
516033552148746240
513701553061240832
509848867555119104
514245435989323776
514271958578364416
509173261490352128
514489894597849088
513048524733558784
509693605414723584
507275500150992896
514474234383695873
514167195199209472
513046798664224768
512932913978290176
511595350373576704
510352594490126336
507887854295744512
507645695071772672
506713366984163329
515399499749920768
517069703001280512
513876968450699264
512815945178308608
514270775281324032
514151185645723648
513823047178940416
513048509206261760
512748408155553794
514478985502547968
507311271033974784
515578805767794688
516214228219219968
515421184104882176
515546893430964225
514401029589188608
516194444539101184
509519522575810560
512717972918386688
514428458458296321
511873737390850049
514373456209539073
513942489426694144
515613827224719360
513782225738170368
514481366663045120
507468145934606336
511883999841878017
515560721917022208
514197019171491841
515773697773158401
516904450817294336
516273665630281728
516867083951702016
512425804534665216
512367966357159937
512713765804969986
513817980933652481
514769485769625600
507151623974420480
512801084759228416
514502581985746944
515475981596102656
513933568603881472
514236681025622016
512517502841401344
515979561084129280
511560761676558337
512217945456779265
510326613385302016
516937196633595904
509684054414082049
512372017891663874
509264890767224832
511605474509488128
513712061117779968
514125284954877953
512478708091719680
513935326801588224
507437516363137024
514420583715463168
514360557605232640
512522974466179072
514072831068766208
512236364646322176
512005164296073216
516176710228652032
512576969872248832
514127726996094976
510536705590702081
513956920999555073
514769131720032258
512441301682642944
514029023996162048
513299634098556929
509987952013737984
514078490506047488
512236917409071104
507357921294839809
514474286871236610
506494290324099072
514017912030367744
510210645397344256
510210596001030144
512959889086226432
512610091938246656
511512318660734976
514748859915198464
514062310064001024
516368583333404672
514037121532039168
513048920503902209
511965858894073857
515991277444145153
514374550927466496
511511322563862529
509315873761280003
512399221736366080
508807378393780224
514021341935443968
514626666698534912
513336643705524226
515269365647036416
512672598153379841
515909006142222336
512814940894150656
511915235003756545
513879410307780609
514032842486349824
515150160402583552
507913101799600128
514378593225699328
514489158619136000
516127601224454145
507213501501173760
507805099365003264
512980166919090176
516037170084081664
514028374428094465
513792225969725440
513691887136284672
513770837439447041
512256576368164864
512793450110918657
512769785117933573
515891761550729216
507074742738616321
516146555657940992
514470565881839616
514281701535924224
515774234501459969
514901392897884160
513877723807494144
516651196334211072
511018761131139072
511501283480453120
512387127972462592
512279511715442688
511556014580068354
514528391836344321
514168315061628928
515456223513022464
515156298045091840
512995474690039808
513063560478740481
512747660327927808
512157943677333504
516288947941814272
510272777081724928
516214165011062784
512854805778165761
512711724667920386
516274511868882944
511682815767740416
510423573387677696
514930616198893568
512237602452152320
516024289993449473
514448523660886016
515445343992156162
512932913756012544
513847765622079488
511786505975914496
513190968409878528
512741275808698369
512229607701880832
514761598075158528
511782902838067200
514627808765542401
506744620299341824
513697374082846722
511510115204079616
514708317810483200
509363036503965696
513153949818716162
513885080776101889
513234182630162432
511814325020135424
514167854334107648
511264192305709056
516077059945156608
516904403992064000
514056536260640768
511525078161711104
514411851677835266
514114889124941824
512527806819876864
514036486451511296
511519716498608128
506808813757145088
514480995408838658
506546471429484545
514056435505061889
511507780357095424
514733378772295680
511641570895228928
509685378849071106
514723457704415232
516351170882064384
516185316655247360
511580451249876992
515760686698602496
512729371178590209
516656192421380097
510209993346658306
507822896597577729
513826865174577152
507075327084863488
514252279793582080
512944981108338688
514337286436454400
507850280894210048
516274799316725760
507811911769944064
514334665554296832
513968477833400321
513431487484792832
513893254816079873
512216939868200960
512228010657722369
512888439717777408
514992966801182720
508902322857332736
506840800945528832
514323291407138816
511564151291117568
509197872982925312
514115374665588736
513190867570790400
512488219414257664
514865379865546752
515571552734031872
509649224708153344
513829935769587714
514421448937844736
514346927904022528
514047164142456832
515772735977312256
514350160818614273
514897655059578880
510243824770093056
508892109940604928
516687999216922624
516868082925846528
508018318918569984
513716179857178625
513738956186595329
506722139685527553
515850939056394240
507214674740273152
514024897077837824
507412440615628801
514488617470013442
513133059109945346
512370428686655490
515313804977385472
512853610179215360
512242075312865280
516481916305149952
516638667012866048
510230209548017664
514049126141411330
516524302246895616
512988577391972353
511539154354573313
514478758380978177
512242073060134912
514216143821615104
507638010821607424
509347733799329792
510188685158285312
514017855411859456
511534657502867458
514583613505937408
516073580912599040
506396054271426560
513798858095460353
513827716362039296
512374385768812544
510282180530941952
514494276940881925
510212818927624193
511640279376334848
512613469275693056
512844162698575872
514429326738341888
514024677992562688
515893057267695616
514035048090435584
512258014934736896
510268048205283328
512434383655940096
509353557296812032
516138388051599361
506450682216742914
512359739892563969
509741097472757762
512715508244688897
515465658406928386
512797762572648449
512829404008177664
514192722128039937
513133040688963584
514495443582332930
507125510321602560
514249551884980224
515634861705424896
516934222616219648
514110471629074433
516548857342492672
515208979937767424
507664316019920896
515273101442306048
514476634930688001
512284488819171328
509670662256865280
516644982883897345
512746238806999040
510215054680023040
513845587687768064
512713880284319745
510219632800976896
509320021588209664
512038329635061760
512517226990428160
513878679920058369
512354002810331136
512711826572709890
514143382344843264
514944311197466625
511992213027295233
515398509902589952
511938683901997056
513723389131763713
514034749967319040
516901484546371584
509179834619420672
516213255463661568
512712053484580864
511892280471748608
515335813643513857
515148531808890880
512370028986245120
516562082129399809
516256210493116416
514776296992542720
512591800683335680
514659083602112512
514483094569906177
512375172666388480
514787454767730688
514474129622573058
514107425734287361
511333616031264768
511865822470766592
513704459516805120
509320084691513344
514370126846492672
508056683709341696
512745748174082048
512360693819912192
514420259932368896
511733729627471872
507365138010083328
509389704710475776
516527582695940097
515447367785398272
512262272308506624
512421326351392768
511542328859701248
515139132868558848
514773631440674816
515822016734441473
506403242654187521
513585043336593408
515566566172545024
514413551478665217
512356107558195200
513798653170184192
512232911404564480
512816865253408769
512379149319933952
513911181019344899
516036983966015488
515387781829246976
508484326665633793
513580702932426752
507768647780012032
514160713779392513
510902197953908736
515530867305750529
511503333526220800
514481602789773312
510215245378228224
509582614357749760
510492435622141952
512991838014558208
511471694822010880
513987303761772544
516896432377585664
506546261936586752
508003857914294272
512351487561703424
510232563089428481
512230080341237761
506919743337820160
516369140131459072
514475971362439168
513140085479702528
512321881894961152
513834601043611648
507976829366312960
512154830589411328
511502742754299904
515162826197839872
516546564399964161
516136779737362432
515939206040801280
514469000076460032
514355527217057792
513795595405119488
516381021861068800
516235296082366464
514261953553108992
515802760491450368
511825486113431552
509169594511020032
507332514713595906
515063021031653376
510192252086677504
512375326467719168
514969919658950656
512583116616400897
513802454182666241
516356752267542528
514481919480700928
512254625911934976
510266837716975616
515525816785334273
513806901293748224
514846725824319489
514308744277024770
513015568140894208
517031332342669312
514122446115717122
517070943043084288
506301657160753153
512231187494891521
516512753649860609
517087258542088192
510178985859616769
514019261854273536
513877657906204672
514376353190117376
516659907286679553
511672944473669632
512771713235300353
512733546499170304
516281511515942912
514795378605305856
516071110190694400
512603751769600000
515848945592197120
514339229069869057
511594908231405568
508516153258287104
510227252723064832
510887067610406912
514140608517001216
508469194585694209
513828909977444352
513785050627080193
511259330013040641
509169450356973568
514461071365898240
514169520702119936
511516006938705921
514176912294301696
514021058551508992
512439104085061632
516392467164585984
514579855326064640
514123627063951361
514234129584365568
514161989527302144
512802054469738496
512253722403954690
513722747307180032
510398440535515138
513916441612283904
510661328139075584
506744620450336768
515163675582160896
516043636392226817
508797450002657281
514481965022449664
514475790273359873
514381136244379649
512228337553784832
516394466991955969
512248688148615168
512899399018491905
515405483033624576
516008371556597761
514380641774080000
513101306282934272
513064459854958592
514580091515310081
512011076242657280
513001065415843840
506713568901734400
513848071277785088
510222995462574080
510818403998003201
514449453869047808
512249781012680704
515484952314380288
512037544863596544
514475833814429696
511608099770085376
514337179036684288
516211197251969024
512308411854512128
507164552132591616
515149328936349696
512167504144498688
514750988616753152
509376366312050688
511804811944030210
516010561637974016
512754152342962176
514162842141229058
513273770631782400
510438870736175104
509672894813974528
513047756017922048
515343713787473920
514132815391518720
516152974452981760
512271722108977152
514014127463747587
507806463989780480
514114960444506112
512828224225542144
510442002530725888
512374755593555968
516707689033121793
511787334317002754
506903365331075072
514477756894437376
514505940335198208
514395134067503104
513881813467426816
511614173986697216
513047842336681984
512258033599401985
516298590843437056
507664735186067456
511524622274031616
512982994026381313
512370376202940416
507214683988717570
514160273759170560
507214300239646720
514161685448228864
511511774852435970
507140591852199936
511911637662855168
512805151745130496
513100882603687936
516112749915799552
512708631159005185
514174089557073920
511905613237190657
516268201878224896
514393399139786753
512526715525267456
513810800545640448
513937744649678849
512235959178756096
512727896784244736
513291235197337602
512745887697608706
513195551438163968
513773834118631424
511759588518297600
516028742196400128
516074573029453824
514235259467350016
514050317290569728
510402099830460417
508895891097260032
513828393323102209
512791218170765312
507110727220752384
514036780006248449
513424544473026560
514162058854928384
513422123579080705
514408680692133888
512367183372877825
514580178068971521
511928443513368576
514475160590909440
512217140863455232
513921013458153472
514594231055564801
510208560689860608
512770131143835648
513017216829104129
512810994666438658
507194308189900802
513047772166385664
514792853701001216
510916059369439232
513808824994897920
506801609847083008
514109380309299201
512719854185377793
509367171408224256
512798984813826048
514441931032899584
512230565429673984
512389855402553344
509385392093552641
514016085121572864
507909449898401792
512332066210725890
510373250501976064
513829932909068291
516118278029066240
516039888584851456
514342309555863552
510767550083657728
516984036649336832
513987204545138688
514241170461843456
510291266538459136
510272304438595584
514022523248197632
512610083163762689
514165088442658817
511511126170152960
513778950909067266
514611673261301760
516090527230357504
512600937580335104
510287560497577984
513048062303174656
514165315874615296
511507588408553472
514605294740324353
515739844115697664
516713622975021056
514733357901438976
513821930747879424
512367721728983040
509357242291073024
507548832872148992
512592655092834304
512032862351409153
507145536663605248
512372599205412864
514607004879310848
507635940286681088
514323290320814080
514475621146443776
512194227468787712
514138938764562433
510096958401544192
513779087475998720
515741187291234304
514418718827610113
513728881618993152
511604188275822592
513886367261024256
512797490936950785
514474286414053377
510303850637836291
516382880709509120
510210491311194112
515080897716969472
510601001045217280
515203349319131137
510141994577178624
506792858507296768
513788746299211776
510274391310368768
511512927363276800
514553640485666816
515316779871404032
514420678909767681
514763614649974784
514024788298588161
514151887700885504
515146518970789888
512479057385385984
514393808868737024
514481958022561792
515136178761121793
514907952260857856
514789252744617985
507238188604084225
513798626142085121
513055500846374912
512614670281101312
516993839177814016
515596732533841920
512371439307980801
511508684170862592
510028344659030016
512049572181725184
515682068303708161
513451842227798016
516248468814192640
508626384877797376
514704078509580288
514955020580581376
514421441937563648
512712746970783744
514499801099272193
508758638333153281
514555833452359680
512397048726179840
513076249443725312
508468779240534016
514479905292443648
511619447069478913
511543203330129920
514170010000838656
515871053491761152
514112221904138240
514611847178108928
516113948232273921
514161637343760384
512253416127877120
512390905618509824
514029112843726848
512375275561029632
514312361487110144
514398788522618880
513878345894084609
508466896216129537
507103497268264960
514159010363486208
513931016814084096
512271142296383488
514145559649587200
515118656519692288
516354534818336768
516997286124326912
514553661578432512
514372117823885312
515266606331478016
511766088204304384
507075775250452481
514700889739628544
509653355657170944
510181174530953216
516038401292636160
514631104091795456
516350459553251329
510126954935500800
514310273122189312
511645838603341824
507582887927873537
514419427929251841
514179214174846976
514353949248614401
510142177062961152
514549594689400833
515440463092797441
514369656904110080
511488431638478848
507666494667247616
511917267370901507
516111104704249856
509692592817438721
514089153667932161
515195351238987776
511986007957569536
512384682508296192
512255666132905984
514351652657463296
511503238877552640
512761114803728385
515581252729311232
514077628290973697
514400249956560897
514086948261363712
514397363033894912
514503283072061440
513061484247928832
511586542574243840
512243742569287681
509377537244688384
507500553711009792
513513286466154497
515969741140131840
507073721757335552
512890292945813504
512338035682189312
512428272756723712
514474276280606720
513884405102678016
512242032421896192
512226385965117441
514485873967394817
513723822403362816
511509512264880128
509328998682210304
512256847097896960
514097121575075840
511510982732943360
514494530566242304
510477423474114560
515511070736150528
514045559552741376
513794597857009664
516313053491916801
515438526310014976
508017854818418689
514233471733354497
508954330310127616
512711854573899776
515107232007323648
510064192590987264
514296254474358784
506466234372993024
515201003218796544
507486995590160384
517088157788274688
512344068568141824
514526355313000449
510209948005847040
510284067204382720
509673456216993792
512307560683405313
514170694247002112
516970988605804545
515580145118507008
515523738390241280
507100926931243009
513888760355098624
511661058277142528
512718603255160832
509688718853435392
512799781777715200
515175642401607681
514112710842531840
514069512728379392
511522087895568384
514803109500313600
513779787320819712
515416290882633729
512249337846697984
512892138233683969
512517159587942400
508792263330107392
515171660048003072
514348276976730113
512931112835088385
511507671724199938
511802596278140928
508815494942453760
507490067473260545
512264394160340992
515024556822892544
514403425644077056
514224244235206656
515095479839776768
512590249344901120
509431285568516096
516346672268730369
512462555944845312
513780129580195841
512233069030670336
516243673298636800
513438104095449089
515745091785211905
514344935580237824
514055702630117376
512560712166948864
514447409003241472
512675250748661760
514600202968133632
511566471697555456
514354074284613633
514160823879471104
514028869826125824
514986741023776768
512373808138051584
514512713226403841
514504973145894913
514441007857795072
513101416043655168
512590825201479680
513471406466928641
512367453234823168
512821384334946304
514694560757215232
513531749281050625
512443779677442048
507354004783779840
514443657961684993
512711938497732608
510302688337092608
513090801627197441
512899075625459712
507981586231746560
507698888317206528
514931451851075584
516354438370721792
514180003077296128
514013257003065345
512252154623823873
507912939509407744
514453605131493376
515426940317351936
516277691461271553
513476073007230977
516047209637621760
516030767013457920
510331355368935424
509185989169143809
513266316715630592
515549150788984832
509314513855082498
512531735993942016
513995520227160065
514033841087217664
514508232908619776
509385087285489665
512544438132817920
514051739935186944
512252755239768064
507074637419651072
508971146013073408
510352325169668096
516071084085346304
512229034617339905
512481145762906113
510217689831604224
513779236574744577
507365143714340864
515199507634876416
516000943612383232
515437127698763776
516289333368598528
512266845400104961
516106935389945856
512284724849819648
514776338872688640
515138693502218240
511573434774470656
507682472201433088
506386053704331266
511616992944476160
512232172082954240
516342427976622080
515735133190889473
515965375154888704
510274217619623936
507307669125099520
515302693426847744
509008584835739648
506413465154510848
517016946781716481
507645784112635905
514474286888017921
514504137124634624
514620407152771072
512369522989207552
510211118951055360
510320790323986432
513881773324111873
514169943672123392
512368507455950848
512535052815589376
513849005122416640
512844776803033089
511531254446305280
513914018395095040
506760397559721984
511508606319992832
513156471950180352
507166732977733632
512244409191387136
516158317610037248
507646415384768512
514047328492085250
509518756570095616
512799555897679875
512926679497330688
512239889174519808
516493948739534848
516507383544430592
514529659003076610
511250691705540608
514446395622064128
512987856584060928
513829942002319361
515213901102080001
516368864989683712
509166605595451393
512231476755447808
510382448598069248
513052210641371137
516639913966854145
516234473323900928
515743080809779200
514817507228934145
513726412977872896
513827813749579776
507102005119430656
507462878580862976
515558830923870208
514169744690540544
512797949466652672
514014472038809600
514161200838758400
514177973587832832
513725414578343936
511191038065537024
514743760647749632
513913743584292864
506299682709336065
515446366013636608
517050753689878528
513352968947507201
516617184186228737
516478995836469249
514029738286149632
515486542362836993
507554638900785152
514151189001154560
509189907987058688
511540248950878208
512253224141996032
507334833995911168
512591321685839872
507119680545644544
514927477630967808
514479223881228288
514885712295247872
514604438997069824
514338032431149056
514508372998373376
511508679326461952
514459981962551296
512838844828250112
511253983709888512
507648507780415489
513533475320635392
512268200663187456
511803951302209536
514309776722124800
511552503205593088
506284075611877376
515679215149395968
516655034751152128
509986253765214208
512786036091387905
510576800792313856
510496917886103552
514550881015300097
514671882487222272
515473596563873792
514024897044307968
514430508957466624
513095514376523776
506321700363853824
511521354290454528
509616282694463488
514529750648229888
516512889453436928
512711964506595328
513050347280297984
507068643981930497
513795704481804288
510208399334993920
512308823953244161
515467021752868864
514474286481178624
506889905297825793
514396992106405888
514555374129913856
514705372297187329
511660455673073664
516354008177733632
514362333440016384
510564175337488384
514293965256790017
513047815950700544
511990419605823488
512714689659142144
511508907353989120
512875016266854400
512520203708555266
515120743617953792
514917339398041600
516351986883891200
514021281528688641
511996399429644288
515149081606631424
516276221148413952
511602476487688192
509712492302696448
507107004599377920
514663057587306496
514027909968056320
514025641067286528
515600127608619008
514700650752376832
513051340206256128
514415661507149824
512800516858867713
510341966245003264
517080946437545984
515918360891371520
512258092285714432
515482499041198081
514181775682441216
514529700215926784
511526766280978432
514043654579953665
514016779949965312
507186687412162560
514031532093505536
513359950232305664
516364361955176448
512543771989274625
515295841339596800
514351789337247744
512339516435079168
511637758792581120
514230313787330560
514396982925099008
512789496505458690
512069165159440385
514552902476500993
516347300881661952
514115778082512896
514516989172543489
515569008335007744
513444894632075264
514446395408130048
512551676541431808
511803495393923073
510231833942839297
510249462187311104
516604857478676481
514056457440882688
516011173817221120
512591484278013952
516176588829130753
516996524010504192
514930162329067521
506965855918252032
515421786922840064
514128472969469952
514019205747068929
515341657508564992
516110570039570432
514029075128545280
513784646996602880
515566806065352705
515072981811617792
509858733749710848
514799311864221697
513531571551211521
508054356185198592
516364165532110849
515345972700794880
516483789468336128
511642259217858560
513903576142581761
513347998936735744
514069023043362816
512734140785905664
512305829379182592
515405004765933568
513692521374158848
511915355745157120
512716133099511808
512252727750316032
512721045774532608
512310722177421312
516040332858109953
515670901673586688
515440411394211840
514140264936800256
512191306571870208
512234061537230848
512496864931766272
514452558765895682
512367663503638529
512810302358831104
511756326750281728
515776430374801408
513012421901176832
514064382007853058
514729796840873985
512624830219567105
506790867773181952
512710721860141056
509737059364651008
509380893409280000
513964442548461568
514497543695519746
514808322953080832
513819289728475136
513263051429384192
514015530379132928
512934195166216192
515328670982889474
516062500941357056
512980204700979200
514730361746898944
514080436390084608
515213727491055616
510139981726089216
516263103193821185
515169385338527744
510478923684413440
514674707170197504
514038651337326592
514039105458425857
516302368212676608
507118680724238336
514415514278703104
512969636095475712
507075625765441536
516150571880173568
514042881095786496
512515750787956736
514709011841966082
507109732889686016
508901407798611968
514150616802000896
512800451264139265
514983939132248065
516093468146290688
515580786222059520
514930120776101888
509772846500175872
516475878520680448
516585698829553664
516457923384315904
514872707066781696
516123664249810945
516131275212472320
510037188398964736
515186290942550016
506803101131894784
512976640415367168
510157325773324289
517005581383905280
516274374211825664
516692918330195971
513537968577863680
511605913547853824
508927118676623360
506278563700424704
513779118685831168
515987956667260929
508649217800142849
512839713971924992
507079285547360258
512797667496185856
511764505819222016
512214230624641024
515562476407361536
511939150753566720
514032971129819136
512542414901616640
516534820063563776
516147002397061120
511532713686208513
512804734453821440
514666483079581696
510447643571798016
510422171638722560
514955132056784896
514491221553971203
512381090955538432
512646295987552256
509170260050575360
513942319997796352
508036499917799424
514552468999393280
515386255886929920
514637172008583169
512233494018551808
512232990429442048
516904485034414080
513778519089086465
513158347999440896
512231747904614402
514724466799415296
515571700113494017
514398786974908416
513445822030442496
513881565135241216
512941684003311616
510076305371832320
507762377152925697
515392220812169216
514241117718450176
512368227356528640
511897100393906176
514419628773490689
514955877254574080
507254620687978496
511575047933558784
511533439276044288
509321558616461312
514424156818272256
512747902142119936
511547926514917378
514130912553226240
516026690707804163
513836120455385088
511796505918074880
514397805394558976
514228068140220417
512333526197600257
513779568399122432
511515934738362368
512446598530727937
512334872489504769
514141144507486209
512927461123055617
506354356828901376
514632740122030080
514796588284518400
509363919895662592
515802389497274368
513125918756573184
511633970740486145
515413654846865408
507362158372347904
509334860297564162
512901456601833472
507482963286974464
510791783388033025
511770481314103296
512588336716726273
512361483078868992
515742847757062144
516327354999005186
515514435293556736
514918713720438784
511542756779786241
516326146242539522
514378763253977089
514348278239227904
513221988383727617
512370078906847232
515418416765624320
516177646913609729
513533431662125056
514455088182865920
512228719914942466
510490589721550848
512233645747089408
509178228913623040
515851969467285504
507102636282109952
515546091236757504
513049311882403840
507807051578212353
514454031213662208
516061269887963136
517081555978960896
509849372524154880
512271316645597184
512962360424681473
514032143958573056
510251370793144320
512677648586514432
514764173608099840
514519713809170432
516582796597657600
515050598845399040
513716702555959297
506771129982525440
510211863670706177
513033287204216833
512583114439536642
515605596415205377
514433844477317120
513056010479489026
512799361516859392
512784444277526528
516247399468371968
513890279792082945
512352529661689856
515421980414078976
515871047380635648
516585730664308736
511627107039195136
511973172829122560
509416290923319297
507836265178202112
514187157612023808
506485522403831808
513885473177997313
512237107168157696
514370092961120256
511678031908200449
516060871286480896
508018122163773441
516212554163433472
512223600200671232
516340898855010304
512345300301012992
510205716683309056
512379564811501568
512812844845248512
510210809989836800
509375843735703553
514452809828143104
507074895906234368
514046294851993601
514020266666889216
514998115800059905
514237412474896386
514481728438542336
514474286934155264
514463790084390912
515172984295014401
513075505340633089
511584277750763520
514018901299306497
516017552305426432
513448957540712448
514402800068231168
512191947105001472
513683273877553152
513783425543987200
512248923894071296
507075600972926977
512261614729695233
513287729468014592
514382727206817792
512011349715464192
512715987922075648
513826433148669955
514031450048712704
514379852976504832
513770900936986624
516041362387390464
515649144459776000
514909877743796224
516192680951685120
515160458723360768
513928506192179200
512367801659834368
514174415366389760
514449903582724096
515738195791974400
511525581318393856
513835642623520770
512712773868867584
516332334074060800
512257626206633985
510249997858639872
511922695500349440
514484033796186112
508727030490619904
514063001540775936
512348772219637760
516153155244265472
515295438975819776
514239038199721984
507118680640323585
513646445527060481
514359583268438017
513646479714811904
514784589932687360
511523898631155712
514052655497621504
512259367735787520
514129563983413248
514503900754612226
512593632088440832
514548872689897474
511564026174656512
514023614933262336
514487674422693888
514319152648294401
512022543826292736
506919592338681856
511581635880697857
515910099705946112
508797097374928896
512942647364034560
514692385323102208
515566916547534849
517056546304311297
514050706370596865
510491290840993792
507474185455554561
514407258055507968
514310748248764416
512737103432523776
515551510512402432
512236169183371264
512366906603753472
514549974357393409
516282273378078720
515589427880816640
515327098819342336
514338590273576960
507765876125208576
509336153259261952
515436605583409154
514022484501618688
509669599152177152
511645642423152640
511512073344274433
509359976398073856
512231143673171968
514224050961268737
516011248471638017
513934333334528000
514659183719755777
507931844332253185
511802689919782912
510059686515986432
514179791583711234
514594742001074176
516227737615626240
511512271466811392
514530386509316097
514316707671068672
512244754621677568
512597118276497409
514461545116336128
509735334850998272
514134629935501312
511796315949629440
515668057197674498
515871198371381248
516355950425694208
511823936380600321
512797729307631618
507426251360202752
510237553761341440
514897214062465026
514166481215442944
515397280426631170
514204602733191168
514948711085256705
515156298791682049
508023992981422080
517074072035815424
514444022581317632
514016595610730496
511531387128938496
514067783169355776
510205616242307072
514051619764588544
512712493139894273
515607835896717314
516400282276999168
511682659999686657
515653933738373120
509514539613048832
510322110657732609
514160846369341440
