12308952360427521
12088721717338112
20711344932126720
17957611391418370
10647863159689217
16407602300715009
10660088238833664
10010577111883776
11213004104273921
16501028081893377
9791488103817216
10650153119649792
14222281857302528
17102898886344704
16957278053736448
17396993420697600
10705902986330112
17356766035582976
17232090193989632
16573568426967040
16159145396797440
10750847247974400
13143914085093376
16949393810788352
16498611386847232
16411826682077184
18272651810181121
13266246736805888
16915676589465601
17252099519680512
15940280456843264
10635544438509568
12959115861041152
16503118342656003
16838447176089600
15940280989519872
18276580274999296
16168125326163968
10068110845419520
14334028979109888
20915134859841536
13143184083263488
17396632798633984
16602855020437504
20552283871772672
16501456001572864
16500654507827201
16619965973012481
12881858199031809
14470909461012480
9979699480498176
18338478974566400
16090515992748032
10283112772669440
16391896012165120
18418120322453504
15809082543841282
10100843084775424
15666221953327104
10022575086239747
13251134974074881
12030923847503872
20808315625803776
13956273967992833
17789129974616064
10848258419064833
19693646588682240
16857475701538816
12772907784601600
16932764783742976
18052901393928192
16901995361214464
16944127602065408
20588660495749120
13251709958619136
13386704102629377
16703249012756480
19855003954974720
20466745252777984
19859309630328834
19850964697620481
11942477015547904
16500203058110464
15940280796585984
16707401923174400
10601801975861248
12096323717177344
17120383345889280
16594307976790017
16875943012343809
15959322999660544
10947667911770113
10648284087451648
14828053419003905
16836275273203712
16600095868854272
16606779139948544
16117747326918656
16580978566762496
15931759560491008
16905789469888512
12923269900410880
10663267751956480
10085545841524736
18147340007251968
11414575345827840
16501185338941440
12166257201647616
16918338621931520
13224105151037442
16863389640818689
10574753609814016
10507764010852352
12971612055797760
19053662533844992
11539464752996352
20572655778267136
18360308032602112
16422711702069248
16775397202993152
20205285247295488
16199814857359360
13021177156997120
16376832286793728
13153683353108481
18328573525884928
11918654165753857
10459823665582081
16063037685366784
17101930673209344
12534803920330753
10652650173374464
19059893361188864
17239968371974144
13143131071447040
20037270023184384
13096082787540993
10427568981278720
16131625184137216
19852092537577472
16402379972808704
16857068971499520
17349546443018240
16371681631141888
20679171076263936
12088898440142848
16662048943374336
16603687770128384
10685681332396032
14714169563545600
19760191423651840
16113027258515456
16880575579164673
20699396089839616
16069097896812544
12919335689388032
16500317365469184
16918678104711168
10647739499028480
16914132615823361
10015696918417408
10647935981195264
16481028327612416
10379282949869570
16934610210394114
10760726754889728
11564890695139329
16895105780682752
10427483606220800
20694602658873344
10655322788073474
14071088682110976
13142402801868800
13201846789218305
10685681487577088
16809709755437056
10686530469232640
14110153410347008
17926418985918464
16500828206538752
16620739343941632
12142889299615744
17958524826951680
11507326867472384
18338940050210817
14024166604800000
17213070065532928
19362041709989888
14801865657032705
16913552904290304
16617577790832640
12161945742352385
14204809213124608
13374474241974273
16679090849320960
16503843147751424
16412734425923584
16929009501736960
13143202785656832
16379363448586240
16285521764417536
16850766887133184
11955584328798209
16074821339189250
10064456205737984
11665708207312897
20588490605465600
19051716762664961
20827214916354048
15940280821747712
19781490581700608
17280602076090368
11974065136861184
14374644609978368
18386286242955264
15930312743714816
10770948332453889
12088561834655746
13880226207502337
18333474763051008
16856942798438400
16150987148369920
12869625045843968
16082619921866752
15922890755022848
10707387182751745
10161469849083904
16661900188192768
16617667519582208
16464236955828224
15705227839668224
16601446610898944
15197260707012608
14844162029387777
12215006129037313
15586838915842048
16946103790342144
19794105726926848
16501549010255872
16836333238484993
15945931757199360
10420894740520961
19739777255350272
16858114963804161
10658751300243456
18337046993043456
13254643685523456
17237887112192001
12298688789483520
13242353997320192
13748053806682112
16504597770145792
16849432238624768
13143540125143040
10656919731568640
10133437226684416
12145593249955840
10648888784461824
16872376050384896
16541132263526400
15935006840979457
15940280767221761
14217430716911617
10762798975946752
17456591385133056
16150251224178688
17251194367901696
13148345648283648
13050956241436672
12027411835129856
13162421585715201
10643414374678528
10668802920419328
14013965562548226
10662596688478208
19471338460684288
17732542480252928
20502456865652736
16500174318739456
11338998299500544
17356511562964992
12774757913075712
16646495902113792
14204818117627904
16838875246755840
16911536991772674
16489480793886720
10712007128911872
18121534933573632
13234149473128448
11896671390670848
10130959831666688
10028804722401280
15956092748046336
16812627455905792
16087168019599360
12794156137058304
13150916140077056
16437583823249408
12143949560942592
11310054363889664
10662332661243905
16692859411374080
16246570345304065
17710995623387137
16977960590385153
18457815798521856
10647997968809984
16968002486407168
12877038473969664
13144676429205504
10740227127640064
16932603504361472
16850909032091649
11953834045739008
17127137001603072
14375312464809984
16217266949455874
16152825679585280
12924580851089408
10650005614362624
15933475873882113
16838447499059201
10647752727859201
16617584078098433
16523195637047297
16627519847399424
12128368568827905
16609815069458432
17243388042547200
16993681835823104
16508007860928512
10770866757439488
16601205622972416
10517191153680384
10648562400497665
10604082754486272
13017690906038272
12774758068256768
16125548602327040
16509182303805441
16141373891682305
13720174695817216
12921698537971712
16007940888596480
20588485102534656
17008670227300352
16088068276625409
16726646769844225
12201237155942400
15926249331363840
10648391872679938
16069502269657088
16941541708800000
11143505380380673
14870913191256064
16911244166438913
14860392211685376
16993477468360704
16893264967770112
17159755743105024
9788798653173760
16861390132224000
18627077955653633
16387812064501760
12660133054119937
11720252698140672
11148104258560000
13331444701069312
10020571244924929
19850583087255552
18241783666311168
10075166130315264
10648330732310528
16512337003413504
19851383901528064
16851115278602240
10668321754058754
17317644180922368
16809467010093056
17202919573032960
10676597732413440
11973407939764224
11919873412173824
17893477585002496
17311120113008641
11470663323746304
16161267341328384
10685095438454784
12691665756098560
13881146685259776
16617579065901056
16089012745805824
16500984352088065
10952088603336704
17375725443088384
9815590587858944
17395734487764992
10656187519340544
16661852641558529
10687041708752896
18272885571321857
16844150074769410
18280706853572608
16504332203597824
12877020681736202
10741676532301824
16541236575870976
11933772488376320
15978886768631808
16498607741992960
16036829979480064
9775543759151105
10682437092773888
15935889528061952
20697371893567488
11760453109682176
12785681570988032
9765722783748096
10665154240839680
17710997418541056
18101803975446528
16872375790338048
10647648050614272
16896832516919296
16375305904070656
12166251971350528
10662124548268033
16725175395422208
11573657469984768
11974011785322496
13091385464856576
14956115112497152
16513368550547456
10688203891671040
14833739733405696
16470781756178432
13143184133591040
12921687850876928
16905136362225665
15129326705975298
