480229832098185216
483374974560776193
480565565853929473
480422892937564161
475022599487901696
476802933007601665
481476873076367360
477424101166829570
482117389446676481
481032362600726528
480185904720408577
480170978773708800
477040378294829056
482320431433543680
473247645595488256
478905653705314305
476750526470950912
482930308468072448
475030823356215296
478635673423839233
477012281302462464
477479072985907200
478097027201384448
481327153582469120
482157581285490688
479965093464391680
480170263959449600
478407497313579009
479573969507741696
481443502740746240
475022610711863296
480479058082283520
480160302315479040
480163299120529408
477115606337355778
477848720239624192
475668588393930752
480563437743775745
480159927810277376
480725545835970560
481218415919513600
477159217573662720
479209400109129728
478941322586255360
481468538931011584
474213188745973761
480175958360485891
474734260809523200
477687336097304576
480304846881292288
481447989399912448
482932358690402304
477010741350776832
480234849320443904
481447394882494464
479611720944467968
481443577181241345
480893646162898944
478893667680141312
481680859146092544
477109259453210624
482860237196898304
481442020821831680
481332472047628288
474662711474020352
483657313736474624
480240540860968960
478962502219628544
475623292741877760
482935447413207041
472946477283557377
480844478723276800
482929187628810240
478913198083809280
480660562515226624
482934818338922496
480812530583875584
482463612796424192
478930272730099712
481206421091270657
475138245294977024
479862857681489920
477990983305818114
480424239892148225
477120964216778752
482562862695866368
474887133967421441
480854432536862720
480162148962689024
480719048229920771
480425344768704513
480784248019116033
477436902560509952
477621149698777088
482131052203225088
479016191047237633
481600916869877760
480221779147780096
480003002888364033
481441724624281600
480781468029812736
479303697416335360
475019659113009152
480729105181057025
478905119900049408
476160769780752386
480050174480613376
478901510647336960
482972302544367616
480116969325481987
481477761362837504
478027780018298881
475023325282844672
482055944218902528
480240980835442688
480999911475789824
478905383684018176
474102072766627840
480226244932296705
481168597583417344
475026430342864898
476743723184041985
478909579560902657
478905564026503169
478910350633340929
480912197237747712
480171567616233472
474222972656295936
477543968561848321
480344830519017472
476244648336183297
477909293870497792
480433697854738432
482934307926061058
480212437862338562
479265004055982080
478838017528832001
483074206679040000
475084390633312257
480592425233051649
483209539504726016
480386982736969729
479783743729983488
477441850626674690
481390065206038530
475609489622966272
477473243398287361
482712551349043200
476383712029188096
480224995767885825
474176322818686978
474774090272632832
476244663959965697
480160317645656064
480161650641612800
480014619571130369
479862698835189760
480161951931043840
479795038247866368
478438101346308097
478910254944878592
481283678807408640
474551309337919488
480190986463617024
473620233232453632
474547518421098497
482790643488788480
482786706224328704
480161736700342272
478724222777163776
477066736081309696
482676579810553856
478907264699363328
478255276446212096
477079954275172352
481239996800577538
480225298487599104
480185792464039936
478995003042037760
480201724984950785
477986955347517440
480245522104459265
480169937659392002
473445062891016192
477117804626194434
479247479376863234
482867943660072960
478908142701785089
480118655183618048
478793299881234433
477979720101797888
480195918193385473
480656719140245505
475203493880274945
480047030484484097
480756014929555456
479549866742661120
477088018512101377
479996068034539520
480162337723121665
481398653450715136
480044533116198913
481106438476271616
480274661033267200
481229026669760512
479216599468359680
475046775439773697
479902282499518464
477074634316066817
480222714808922113
477092258307514368
478953446096125953
475018756914417665
480003386323255296
476503540815638528
478905474000359424
482707410356674560
481246610932768768
480009448602480640
481498702629322752
481185053444411393
480758026312232960
482930440697704448
474826943649415168
481414946379816960
480226375874277376
478985542068363265
477853037382234113
481158974906322944
474530632245444608
481473150052360193
479983895903866880
478924427313180672
481054816098324480
475023262808682497
474110210986897408
477511755808002052
480286058249080832
475023326901850113
477428403063103489
480692953598685184
477084120640942080
473683957934878720
481593416132747265
480280523043246080
480607880366657538
478909365995335680
480651866892537856
480283427061510145
478026074173894658
481481472151261185
481497684713693184
475023247243624448
479860417842675713
474246394359087105
480297915089293313
478009020016390145
481620572875395073
475019277377216513
476047341573529603
481418779205697537
482932166347599872
480164567566131200
480736112235651072
481641752101543936
478101878585044992
475023318571970561
480108664347717632
482161531321585664
478910111101222912
480571480871145472
480840312198164480
475416464908746752
480659640837894145
479866501713784833
482578580107300865
481727837989527552
478909617192566785
474794913507188737
479014343548215296
476471592256815104
480624591316848640
482864407307759616
480328772881633281
482935937282748416
480160333948915712
478340862339203072
480957264870658048
481943751820996608
474442575655763969
480486029984407552
482930986670649344
477107536018296833
481979656275369984
481234293076013056
480159484598181888
477964379053621248
479717362841559041
482463139284676608
481686493337903104
483559463908290560
480238192583778304
482368142887227392
480844279737110528
477427615758688259
480164892364648448
482123439822483456
482963102359498752
480340409202515968
478962161448792064
477440314362187776
480704018113511424
480227059554197505
481972695668506624
477434647836516352
478928459394465792
480522327051218944
480345102473113601
482564262359863296
476290837601845248
482288398162329601
480043285776728066
480602206626775040
476290844904157185
477067502347112448
473475657335582720
482958889391230977
476736700241444865
479864700533235712
482122936019849216
480686149623496704
483619369621422080
482678346212331520
480302154352046081
480168747072626689
481478250489995264
473005765830012928
480116237905575937
478905251550867456
481291144857268224
474650865161482240
475029097584680961
480031055010095105
480310336151904256
482929084222435328
481444415572312064
477057058580480000
478905889512906753
481472503911833601
477430687796981760
474161148414402560
476976104339537920
481336108618231809
481840445811462145
480228395901800449
481449476679544832
481744253367099393
480992462945533952
478790996168568832
474344996644986880
479963475696160768
481414499564789760
478439358534778880
481232487192862720
480653657961013248
475023302163824640
474483932562751488
476468432926674944
477043322276413440
477962760903753728
476244649980338177
477508577146327040
481450068311306241
481275827657519104
481986161984827394
483596434810236929
481073164777426944
479253038901633025
483108356572598272
474410535576801280
474546175769862146
479862477128482816
478692731553054720
481161916463599618
478023429677805568
480115132320595968
482377020823707652
481369211458289664
478938487547105280
483532692898590720
480235554378752001
480981968645931009
480234255566389248
483038611760095232
481440879383965696
481442031957336065
482393366660124672
481336476844564480
478929073587355648
481981804472045568
482135034426847232
481188042456432640
480332235703205890
480297185209090052
480114420316508160
481020608495370240
478655485068214272
480160904139403265
477938326943846400
482930209893908480
480336258736984065
476323807767326720
481974934869012480
480350390173433857
481751163130609664
480233854431535104
480643919563472896
477495394696327169
478909949016158211
481661623619186689
477224030248779776
481448297085681664
474897452521099266
478911200743264256
478907129340768257
480338209218777089
480181857670033409
480009451475177473
481442832528719872
482932220881944576
481441535708643328
478907053650374656
476018867794640896
480276288976855041
473848657511714816
481229013730336768
479207841388298240
482565341684719616
480335178317828097
480586746233511938
477962467503767552
480250379196964864
483633545853026304
477039592982740992
480289790982504450
478568977161932800
481016843621384193
480042792475820032
480026346442465280
473404446169645056
481194252136099840
479868160573964288
481442224438120448
483563748473708545
480201067183886336
481461463899328512
474966608700379136
482707684886450176
480248183809781760
481440975123148801
482952858564689920
478910310879735808
481016381870456832
480340608368644099
479979025675210755
483489364782354432
480221975298584576
480957374421671938
479283484943347713
480566463460175873
478989255620820993
480103708294791169
481164970173153282
477081774841819136
473491467693211648
479656662135889920
481973328211505152
477112125522182144
481313983589142529
479624149204484096
478893289706229760
481451959036035072
474052763471839234
480151840299159552
478351654983454720
477486574725107712
480338698232283136
480219718960168960
480681637223858176
480481103321395200
480646696230084608
482931287473127425
482139840524587008
480221711728513024
482952857457414146
477653050429956097
480302988796235776
474483211716677633
481229014187913216
478905925890502656
476602807991009280
480234052851859456
478907478357196800
479991504812113920
479859971056627713
474522995541569537
481942158677516288
479967773578125312
481924651095187457
478905611283730434
477085509471465472
475228421262704640
482929173606834176
480047766564249600
481440694167683073
473874924386676736
480992153636577280
480220826659074048
476645139297755136
481943346844164096
480754310179856384
480236938403012608
479796437090181121
480176396577157120
481281122362753024
482371179080986625
478905718406254593
478973463231614976
480715294709518336
480009511982223360
480607489595944960
481642167849340929
475023386389643264
478789554673942528
478911961745588226
478601538165047296
480498486173892608
483595661103755264
479515915986272256
474877853130293248
479493659214102528
480241024816934912
480708827294081026
480342215781122048
477827580704210944
480115961274847232
474264888554950656
482938627941363713
482946556371677186
476151647085670401
475023298934214656
480636431237271552
480518055940747265
476501647976587264
482929535789576192
478098290559307777
481390423605133312
477460603116605440
477291464372674561
477093942043758592
478906849459466240
478909502582816768
480283975328337920
480455235362516994
478905337437630464
473673067571736577
483105749296357376
481426205846274048
478911719461224448
477861926853431296
482865305107316736
481478942226788353
480048080122032128
479875744185978880
481441306216890368
480218806845857793
480348620781125632
478893926275747840
480160603118395392
481525122940276736
473780700932759552
476620034438352896
475230749306527745
477038977346969600
480162061029097472
477935430571012096
480180427534000128
480338422507515904
481020492288364544
480313126408036352
478404093786865664
480269110517833729
482363958901612544
482176481851080704
480269806411997184
479298459980529664
474227691894616064
479962777818501120
476565625637064704
480977745438965761
477067731813285888
480165459489079296
479893978360602624
480257735963848704
480339582387765249
479805859283730432
479985887368216576
482469404966273024
480284153099743233
483461216342671360
479924202032467968
476020038622003204
482929419108249600
481990508823060481
477999667976753156
483289480687026176
481036519243649024
480474527038574592
481243738283704320
482890496801390592
480252606015483904
483147057621123072
478939182627160065
480522662486093824
480176437673357312
476245294447747072
480960364406779904
481629628902432768
482712551378403328
477721302435110912
478911471792177152
481508403236573184
480162038493114368
480592633920618496
480570888702533633
480225829394214914
481659132047417345
480341273228750848
480757958511300608
482931405718974464
479213888295436290
477358440420237312
482414670834565120
481909349636251648
481442820880736256
477428418972499968
480572177264025600
480159662508376064
481069665007828994
477040787268841472
478391433053732864
481106463318761473
480159942180343808
478536533960839168
482932932148199427
482929591485333506
474560489255469056
479961508341088256
478905305724514304
477688270101684225
479258670065541120
480244723886481408
481492882457911297
478905838061776897
474936347296161793
480492671983554560
482611618237267969
480664764532527104
483632776462479360
480233928742035457
482676020676280321
478919187176243201
475624685812461569
478389451388096512
477501188674293761
480977699108687872
478000885646118912
482929618630877187
480065793993220097
480640361140727808
479549119036653568
482996005554892801
478911607238434816
481775908848939008
475390757453324288
479863642901737472
474207988916703232
480123857844449280
480033329501450242
473207364183932928
478333375808557056
480347206587645952
480763152729395200
480105626601680897
478893617529229312
475023335936372736
480811326856384512
481080192124084224
475023367901151232
481335272739590146
481416351547133952
477993370761973760
478905324489822208
473524695938371584
480222335861940224
478937344225976321
480673053391609856
479316997344210944
474246488525398016
479862147003187201
475019633183821824
478993541415198720
475095080961728512
479882735712866304
482929812060008448
474732329684840450
477036185638801408
477013755487076352
478905243171053568
480723068705193984
482168687542411265
481150982408400896
480000949382311936
475708145725997057
482133683390775298
480527517757870081
481174901815267329
481091671291985920
480313665623560192
475937002475753472
478905308161400832
482724063505154048
480284593124573184
476660604640722944
480077781275910144
483728762115489793
473441474571669504
481472266568347648
483152548912570368
475023347533619200
480159685144637440
480955145854124033
482463976752939008
478919788538785792
480161462434799617
480143734080692226
480607430653394944
479887983521595392
473958159971655680
481765149166948352
478970089564540928
473438642212315136
478909871765463040
480046114335240193
477082449743060993
481072506192019457
480898995741405184
481806062845042689
478927715689455616
476290719355641859
482998372648120320
476431812550356992
482932743194439682
479860239215624192
473344930144739328
482115671346929664
482862645197152256
474802319767248896
481488007657050114
479844661222445056
480163398299025408
482986767310929920
482931476682387456
482449607700791296
482311358407405568
480287698083524609
478905471625990144
477719770490359809
480227016659062784
475031571112923136
475023351144927232
478062529805946880
481507854088953856
478906514401275904
479466186867232768
479865913345593344
483616701536149504
477430273399742465
474338213260427265
475023306966319105
480179441625088001
481161772301160449
478964765335642112
483474538936950785
476718005167337472
476166988025569280
475766269497470976
480274981385814016
483476748055887872
483147409141551106
481060970203058176
476656453638684672
481164695685304320
477426498027401216
482493687788613632
479928112147599360
475023303753478144
480712572367142914
475023249042980864
482501493141286914
475229917727432705
477825035961663489
480914299234172929
480062479624851456
483603246104076288
481981437592096768
478905458598506496
479312633880117248
476065108347871232
478916635836043264
481804026615693312
481915529310261248
481252925017055232
480138684893650945
473524369981861889
481278432727158784
475301884589518848
477292485291425793
481440928004313088
481903473391181825
479862505322192896
479413072914685954
478906034124115969
473497258370277376
474593746789875712
479560519813439488
480624320977174528
475030800656633856
482929310936756224
480166623861415938
477783638114045953
477420727591645184
479863398780256256
480926617712091136
482435754388627456
480179756231438336
479862666526085120
481631867670515712
481453925162577920
480217724996448256
482953922848776192
480520554177257472
481668665184485376
482935588761268224
482712851740913664
479102794012831744
481396746258370561
477422389249056768
473612381658955777
481480304914624512
480196484013379585
478910794063556609
481444370042732544
474875818812780544
477124461653921792
478905644464873473
474529777832181760
480649998980636672
480477246734344192
478907182667145216
482981531338944513
478726544659980288
478237174697963520
481699475006554113
480848341035536385
474853661731217409
475023313563951104
475023287043366912
474476590978433025
480165809298227201
474839420961845249
482946974560161796
480250878109028352
478915572499898368
476290840672075777
480204801540513792
480468599732465664
474372109343285249
480804389083287552
479756527881170944
481453047218855936
480644701091938305
477060091401609216
480958485140877312
480341448160976896
479885382298136576
478948027294433280
481663356751712257
481109897191636992
479931871040909312
480275095122759680
478941631597395968
480590263979503616
478905451392663552
474348495277940736
481627283946364929
481589145597263872
478919243891625986
473655337749598208
482893269446057986
478438099286884352
482708132594843648
473507976108867584
479873962818543617
480255285798256640
474861228901535744
477529089096445952
478907523391827968
480836729763401729
481703407195938817
475022667066531840
480164576319635456
479993222249611264
481392728954376193
480568773154324480
480165452937584640
480624774515675136
478906056836255745
474543926800842752
482743263162413056
479997845521854466
480211049590046720
482348001688449025
481483731447066624
483285431451389952
481970745497485312
481627424497471489
476591870437380096
480162618359832576
479796377837240322
480981775087190016
480160517554569216
480339124159664129
480312218790002689
480630822202920960
478905356173578243
481441791754141696
476193696258355204
478934809368997888
480166157714874370
477830959295770624
480317277254860800
478442790071046145
478941808806744064
480045479221555201
479365858662547458
482118997585174529
477435400835702784
481442322132262913
480826771961413632
480841731584172032
481505935236399104
478906905755013122
474194411870777344
478938124261658625
479617857014095872
481015635871137792
483588670276923393
480215167532167168
483245285745754112
480225416469155842
475153960798408704
482873496825901058
480284669699555328
478181771759329280
480351564561801216
473288377718939649
480078315412127746
480119897301598208
482153382019620864
482637060973789184
474565134606544896
480414733498327040
479954693120999426
475316432050192384
474906088500756480
476164351448350722
478911569938489344
477445618898444288
474640335809687554
476319533829873665
481972551543836673
481452423269974016
477087074739560448
477983050924449793
480746936425652224
475794353466523648
481632580857384961
478908395035295745
478927127467675648
481459460729090048
480161393425936384
477094474573574145
475161063474724864
480218965529362432
480253847210704897
483619190931472384
475022599273996288
474840992022294528
480233511014510592
481797579571613697
478523183910621184
482864838264119296
476248984319586305
482865564147126272
478921030497341441
480226154033729536
473486551796973568
483445181127991296
480211985120780288
481207990754627584
473475242120445952
480166790538854401
479755166758219776
481454663275786242
480268416939749376
482116870766878720
479283345436979200
475170594418200576
481678332875259904
481254074327650306
480220031079301120
474372244819296257
476067533548576768
483289635054166016
480160324314611712
478905403254665218
476248964115611652
481680547732004864
481205204935651329
481546812646387713
480231878041939969
477094241592549377
480917900308406272
482532572703232000
478975870649237504
477096252581359616
479214860916359168
482931312374738944
483618573664129024
476419093772632065
477719953869926400
481477970297507840
480225090970583040
481687904230846464
481161753737183233
480057409160089600
477482443013111808
481257095824560128
480696193198985216
479865165454667776
475000486496464896
476290843054444544
473399882347454464
480194018580512768
480194646052585474
478905284392656896
478549044181364736
480289526309339136
480070883785338880
474503884099313664
480600523293622272
480178445863772160
480476766247481344
479996680465813504
480827119342465024
474218213858103297
475023297520754691
481063331051347968
482957726767534081
482839185083351040
481060797507203072
477096013086597120
482889979950297090
480204704991805443
479201552348217345
482930007744856065
478895286937346048
477426535134031872
481513407049256960
475687026147491840
480223027385229312
474827730069229568
481449339366027265
473565412374740992
481064385688137728
479796339304181760
480190439761256448
474352089447927808
478905594964090880
481659933583093760
481420794057084929
477745841390641153
480523359550451712
480224052230258688
480186463884038144
480439759165468672
475133601705521153
475024365394739200
480876534773735424
478905655927902208
479548503811977216
481737275655876608
475023379150286848
476430749394948096
480225563479523328
478914580924493824
481346849711063040
478905282727522304
477843883112415232
480244057890111488
478539726622687232
480008723964776448
481161965801189376
477096071836217344
474827918750019584
481177743262875649
480663194399035392
478911209257705472
481390513493647360
477677872618819584
482022972618575873
480235759593476097
478726433380900865
481738099698180096
480284867423260672
478200841812205568
479794746446315520
482930568792121344
480161889012289536
479034891577741312
480805922911322112
478323232899350528
482942410754752512
478913703644266496
473440414905946112
480051617354776576
474340766824026113
481161940429856768
479008463620558848
477069142064119808
483471531096690688
480603137128947713
480042551186305024
481723689629925376
479984302952677376
481161916736212992
478906123265667072
480161641162489856
481201558093168640
480109342813716480
481570769646792705
480389016807022593
480712462837108736
480570112987000833
480218057831227392
481873436654829569
480278434715664384
480217740569899008
477600228485238786
479666413662396416
474515832866095104
480150905862365186
473443821540630528
479981416143683584
478499180500238336
481647155799924736
475451764066357248
478910228453285888
477104191836393472
480315979117760512
477421353079812099
481187561399140353
474247669033213954
480600842819481600
481641928664940545
480283032813711360
480161342150545408
480562824469430272
477087748076351489
481192185031688193
473847733821132800
480167917191852032
479859373221486592
480746104036655107
483564280441503744
480280122067386368
480109897229418496
483140005205131264
480164865336545281
478911395900059648
478913154010054657
478905170319798273
473774511046008832
475181125438930945
477115052063858688
474405648113750016
480160864058617856
480163911283400704
481044825794289665
474030062400847872
480101694844313600
480174939111038976
475030812811730945
482527030740008960
480491897454989312
483760456700817408
475023344283029504
480625356555038720
475238845844172800
480643451495518208
478518123717357568
481743398521827328
478938227454509056
478725819599052800
474722472319664128
473492449449750528
480602386042331137
480080821529743361
481019380856156161
474846534568509440
479890375142670336
478928201847427073
473772982041841664
480601507436298240
483515322411274240
480612663316066304
473786964869918720
483586132501086208
480351896763236353
477064569849139200
473105618262188032
477075428834680833
473777406101049345
480342630535286784
481670031252525057
477561407471243266
480238417096491008
481633362109415424
481040468436717568
480694450923274240
480258678092619777
478898701734133760
483635082541154304
479995528974188545
479567956473835520
473501152005206018
477124408503713792
480162557248798720
473506263876112385
478342486721851393
481650884200239105
478903546260103168
477984989074579457
482616078108205057
478907678274514945
480630315216433152
479474837602062336
479950598050021377
478916807000997888
480160232706813952
475023321847709696
481441695083806721
480224970706919424
476049558900723712
481739912686100480
475961533655027712
482757854387261440
480161118153748480
476244672575057920
481514504959033344
483294919071510528
474873324741591040
481468711111360512
473223684744687617
480569408071270402
477103976442118145
478906324281856001
483017371964014592
481161916622979073
480098068067385344
480159948341407745
477509890273865730
482961657510252545
482118792697618432
473483221947011072
481675626018254849
480690970501976064
475119124968767488
480780075457978368
482944251454816256
480289479102455810
477103973187342337
475652240439787520
479933614160093184
478961302841196544
481248090045706242
481352344777785344
481413074973241344
479983774068137984
479746938112585728
480332639253954562
481498961010622464
481240700797722626
476454895693070336
481213915901489152
481471184152702977
479086606239162368
474785011174883328
481445507785846785
472962207517769728
477995337659854848
480222557035978752
479995930406838273
479542566870716416
481212394119897088
473422646076399616
476302561624866816
481469910942777344
481100621907779584
482726599041630210
477904835573215233
480200050744623104
477378415121944576
479922162959409153
474874501403250688
478934830152179713
480831073727684610
475641844873707521
480336971290521600
474827605129318400
474942595333120000
473967463588052994
482963783783309313
480161303277744128
483156828160024576
473374911944470528
480239873983393792
477070374937845760
480511912522702850
481192118153519106
480225757738696706
483563153771343872
475694403344793600
480757241805418496
480381279796740096
479560608153886720
481257935637848065
478058760401743872
473483779127144448
481781685458329600
482320319026167809
481250590257725440
477085663943467008
473964401838411778
481067147204886528
478966392029335553
481443951619346432
481440917635596292
474405884190138368
477621149707157505
480067884040060930
480626754164252672
479674729595293696
480841625384394752
477421831834435584
480336711432409088
477116157510832128
475203483864285186
475631233209090048
474248743320309761
482120103882797056
480478115521511424
481459701981655040
480159830548570112
480173870238822400
478932456582549505
480624362014253056
477107454497787904
479181238633500673
478911301247188992
480839919800045569
480112937944616960
477368489326678016
478151945794760705
480092927491047424
481670038970462208
476248969836654593
475788045233291264
475023305435394048
480911392002674689
477380460453314562
481442651443433474
476346101155377152
480159514251898880
478907859183210496
475023278621605888
473970523169234944
479662421280587776
480978676314419200
480042607058239488
480227490644758528
474944755025989632
482931445342556160
480572257144557568
474252075413807105
482129041747898369
480563472426467328
476002317318520832
478917092922494977
480167348364517378
481829707831209986
482930904705150979
474877016919924736
481432947598561280
475023280055664640
481465000062902272
480714232594702336
478910613016813568
481161552611930113
475022835916632065
478943862820700160
480567562971774976
481448915662036992
483192045478363136
481046387128139777
481792955351441408
480492775457058816
478905671778197505
480659503923228673
477513810949844994
478918552402264065
478438099123310592
478907459025653760
480333499673481216
480427934826921985
478909419967627264
481748606165454848
477086972675379201
480229795738181632
482930410331308033
479957554508738562
483307993400754177
480161083206815744
483633679424815105
480395624693501953
480474614603083776
476528118434238465
476425939275223040
482421861046030336
481197201151238144
482929225259692035
478924802947043329
481120412374663168
473320578682589186
480234012024123392
474575937862791170
476428639735926784
480262463913328640
480161773631188992
483141133808443392
475023402185392128
478906367391334400
480994900939247617
480563993442934785
481192156007518208
481161977994022913
480165686631608320
481389988077375488
474999420153769984
481219119631450112
475023261034500096
480220943071989764
475036711744204800
481463843663511552
475030816121032704
481782724991389696
481401581741428737
481254061228834817
474639846288281602
473796152618672128
482932477720535042
479207942026055680
480159495687897089
473449657746849794
481737862446993408
480007963240062976
483148170818781184
480159409604009985
480370445284155392
480449977185878016
480162050706915328
481860314586431488
481183704937549824
479651415107727362
474334172941520897
481548099295277056
480221494052536320
478916747370573824
481039423975350272
478907470291537920
475733068376834048
473563675643875328
475022636863344640
478909299087769601
481406659583942656
480161407590088705
479111787661365249
480217681820282880
482139946094845952
480159795458998272
481074101671723008
480566307834695680
480326111826423809
482929710037348353
482130492398243840
480681475331743746
480033329547599873
479279020899454976
476248939226607616
483152918523432960
483593888985141248
473058209431691264
481440448389844992
480302639440470016
480169786509234176
481741107299356672
474230773709811712
482937806524653568
477677859872313345
477126699780685824
478918676041986048
473781458038173697
480045242285305856
481039979867811840
476800704867471360
477426177607344130
473952011696619520
481417802729791488
473968462461538304
481783744165330944
482940769909489665
480315001798811649
475863235459944448
480276214058205184
480160796341596160
474827870721015808
477421116307173376
481452079626457088
474138632065142785
480377592025862147
481601553619775488
481570604798070784
480200360359759872
479594363480076288
478945108641849344
480702372121829376
478899119872675840
482681080081043456
479264810488823808
480135426083012608
477781451811737600
475976590816321536
473316467295780864
480363146901614593
478893796998918144
479977432221745152
480220465391104000
481040974181703683
480003178508058624
478909759043551232
481506170088075264
480597160262529024
479863658999468033
478803647766077440
482931131265073153
483252585923477504
482431257133862913
479949386089115649
481441661500022785
478905424976949248
476425930764992512
482707386743132160
475972726608637954
481448421744979968
479872501955428352
478913911492599808
480217562060320768
482929636611854339
481473196496265216
482837980605063168
482617912734134272
480336544117436416
482864411380428801
476425924909748225
480261714051891201
481016441396031488
473285946486837248
481228554219175936
481337185568702464
481626162452393986
474153538114039808
475023375413161984
480328909171339267
478802216937979904
477680098384957441
480165926353252352
473312360619208704
482942029584797696
478894554561531904
481319709837492224
480282995782205440
482929704014327809
477474997511151616
480255840058740736
481655491269902336
479097048097357824
480845971308285953
481463107987189761
477422275457974272
481165602996768768
480468571051397120
482618151524253696
481416229836447744
481629431304163328
478916861967335424
480161630076928001
480043353787342848
476247383727423488
482721572331876353
480048907326476288
481477652080246786
478905234853343233
481455464912142336
480627932868911104
480313626603966464
479107139873406976
474756779834761216
481442016921149440
474513496399675392
474436400142893056
478906209819299840
480500150310170624
481865600457666561
479304759803772928
481969722695507968
480433845397774336
480626169847373824
483650640976281600
475639009604296704
481791536716611584
480167678082965506
479956832283537409
480871646815723520
480013977221869569
479965221696450560
481615691728973824
483641412445929472
477092998774153217
482140839972724736
476319761702596608
483700006012977152
482564232329048066
480253676087308290
480241043749994496
481181011095879681
481454188090499074
481360118563352576
478921074588258305
480164107081895936
478937702390583296
473208929694932996
477558603298377728
480683875111149568
479996826251436033
482950823883051008
478905469697011712
481396214295191553
478920878487781376
482025221193347074
480161342381240322
481247414397853696
480159714454425600
477983772777127939
476862016280215552
473105623349870593
475023268269674496
479623782978826240
477470170978349056
481236158748176384
478909429082230785
481655344892887040
480674136595763201
480341448928550912
478896500454346752
477191633239564288
474213240881180672
480591524695384064
477835052722552832
478802709777514496
477827334871863299
481041112111398914
481397748273795072
480043104003964929
478096700217651200
473102390934384640
474878042129846272
483759801923825665
481448307093291008
480998278763266048
479040335482339329
478243473963749376
476290830026956800
477860143338913792
480176205102989312
480224935517106177
482933450920714241
479657248503762944
482122827328659457
480225015959654400
477478804273643520
474243923901030400
477038537930735616
481641428192215040
473786784988819456
473013035246706688
475203504265383936
483512577990090752
474505233348186112
478908471794868224
473319449940873216
476980002274021377
480117806000635904
473109753460043776
480223906838495232
476974672022872064
483358473028399104
480803695353806849
480234750821822464
480653191004962818
480225324467109890
480049428997607424
480190648348180480
479868018349322240
473775349319618560
480238768314544130
482133787347001345
481161930636132352
477426680890273794
475997753974071296
479658646599901185
480560723504820225
480355687801712641
477392481680887809
481018690545020928
474827847312633856
481644803642228736
478905667181240320
475135796371292160
480047311515447296
483754951466684416
477426876999151620
481140464436150272
481339727690625024
480108502262616064
481477414422192131
480548006362501121
481458468613029888
480043051121770496
480689632867549184
475211689500364800
480159746435989504
473327833310191616
481418976388726784
475705285957271552
473798518122246145
481061053535887361
475022620060962816
477067368540020736
475708506272980992
480622971296309249
473038468684054528
481674164789870592
478905123750416384
477037661048565760
481211900165120001
480248989632040960
480697399367573507
479860289543102466
482127965573353472
478952869207736320
479880932061478912
479993892616826880
480080569443692544
478921912706666496
480573279027998720
480163046573088768
477821383095775233
480178850081415169
481449329903669248
478915389615640576
478905316050890753
480689338074673152
480333520175259648
479737356182777856
481442531243069441
479958223978774528
478910704389746688
478921824164524032
481068109445734400
477620069946494976
480230373410885632
477032980234248193
477979561775210497
482929677347323904
481161964157038594
481412954902888448
480278812924469248
478911509595443200
483243984433999872
480887649427656705
479987058598244353
477422704857853953
480108332133277696
475022853814091776
480587855815663617
480476026296745985
482929590524846081
477512982914555904
475018432513970177
473828617726984192
478910812535259136
475655610336174080
475023349165211650
475972726013038592
478907291828117506
475169126168924160
482931357480284161
478907460619862016
474100049866395648
479996038464692225
480803866372759552
476737879709069315
474508896791314433
476459226282213377
476800170206580736
478917177698172928
480163294502584320
480270629867102208
482941036289728512
480327388392222720
480014974551867392
478913471141007360
483588948346695680
482860654936604672
475624428550631425
476081662007443456
481640849269219328
481823591278051330
480526597913468929
476939471464583168
476040784094179328
474417612437196800
482712943453540352
481576117963223040
482959023546044416
481908058528813056
480341449670942720
480196245332316163
475023308606304256
481632503464071168
481080777590181889
480260649625194496
478905408875409410
481443306476683265
479217560488255488
481527623592316928
477380083359830016
480926769009016832
476644644701229056
480160400457990144
480598510119567360
475023378051387393
480631157302632449
473531828616560640
478906522445938689
477464931747364864
481786307736510464
477122533079388160
479957490604728320
480442855807143936
477090260757659649
480227405311643649
480208141704237057
480593169080262657
481443194513915904
481223723433721856
478908362835230720
479333624115118080
476156099242901504
474902518472785920
480350892873752578
482941527472087041
480160103409000449
481078350736556032
480095787444367361
478905740758118400
479996067409584128
480664502879260672
478905455826059264
481286758030909440
478940329094049793
482825787242868737
483202884570316800
478906315767828480
480160564782444545
479270998890778624
480218515086274560
478905142515757056
477229325427568640
482930057967439875
478558083363647488
474528822553886720
481243722353741824
480232701606494208
482682658590179328
482727681549541376
479996321189728256
480252241362698240
483759302289526784
479401901620862976
478350059361533952
477107553701474306
480160256035545091
482463760029077504
477445022967545857
475044355745792001
482880657514045441
478329656718811136
482930673196748800
479258869458563072
477863873736085504
478947129386221568
475023346682191872
477014513431367680
480160587687546880
480196622069297155
480099659344404481
481056752704946176
480532247544492032
482324658692190208
480123643524304897
476425703231979520
482937596020916224
480104650021302272
480159869706592258
473570443215908864
475950798208512000
478907769312280576
478907816657178625
481381233935790080
480641570752827392
481228558811922432
477066564190351361
479961859710533632
479870243909943296
481679934914842624
480526824514928642
481432667267678208
474827281794207744
476075715050635265
481969391223832576
477097249063723008
478878488532099072
481058150800293888
481440442093826048
483288233233506306
478922053693624321
481339599881392129
480177197672460288
478938590009774080
481240393565360128
475203473529524225
481419177027043328
477998921474506752
480221437655924736
479861119075766272
478905093496926210
482954871125970944
480185753071149058
475162515056234496
482275144069431296
482409773564837889
476689672996159490
483044353313886208
480694307569934337
476261507140186113
479623254244474881
481218926437994497
478906278685601793
475276184021106688
475037783648530432
474885567231311873
480161856523235329
480644946404196352
479778286692618242
480233834496028674
483641097303113728
477379399718010881
483588575984771072
478913059616858112
476402266015293440
481388404442021888
482931151452266496
479246233484427264
475023393176031232
478916106569400321
478928206016163840
480161121664794624
476314637080604673
479999772997070850
480629581771046913
480163180849553408
481414195330572290
481627221044379648
481917845795012609
473229665268948992
480131203261927424
480160682227154945
482344249061433344
478906073433513984
481412966659543041
477126771142586368
479143921042616320
473429623913852928
482929255156690946
480043132915310592
477436307887894529
480231842545553408
478964783555702785
478458616840994816
482723212812636162
482629215112540160
477979676325851137
481189982456283137
480287287943516162
483597414956146688
478908313284136960
474247754839887872
477078054758793216
474794918682955777
479869130582261760
480427684149747713
480215501491040258
475645238984585216
481420638859825152
480488928030752768
480273493666185216
482343582225809409
480163215511285760
473957274956738560
476799854639714304
481997028575444992
479861575470579712
473289136556605440
477430225723092993
479927721162989569
478916288866054144
480199170561568769
480160887433469952
483189123105456128
477395823513591808
478906550682398720
474663301251862528
482981689858088960
480043089462312960
480161851351633920
481025967498854401
479910133682954240
482931807235891200
478600058934657026
481031423323672576
474538327929270272
481060602908274688
476249718407045120
483345103201632256
483083217424351234
478556958707163136
478931726824386560
480166329685532673
482535760844034048
479978801288736768
476641986858860544
480252276515561473
480159767663374336
480284432599756800
481440825633566720
478913950776430592
479130787145449472
478907622742302720
474563784183644160
479365180183158784
482169417011195904
478905937429012480
478908064318640128
474381286518177792
480297715918979072
480244733005287424
478905853693534208
476245401222541312
480176694808948736
474535056795381761
474479969490325504
474417667399360512
473442789099712512
481447264649355268
480599944244379648
478906622685630466
480285317753090049
482709395243937792
480163728457859072
479860116033142784
480841784419827712
476544008991158272
481441354963091456
478342310401290240
474350684964261888
477095852117594112
478985946549862400
482934923498512384
480759308192206848
481443123852099584
477095792478781442
475228446210416640
475022683659190272
481941178242584577
481185154388746240
477055347602243584
481157694574034944
481440570364018688
483208941774467072
480192421418909698
483508409044860929
478083602907807744
473796326359310337
480664769079148544
475097492824936449
475022597063602176
474146739004661760
478519934968803329
478993446468722688
482366733571747842
480625921825583105
476250207760302080
474563271912329216
479671089291730945
481237032987918338
475023105975263232
483392899208343552
480078675296411648
479932554754023424
474481122085068801
478011191864737793
480168686972436481
481414280638889985
478906881461596160
482951824962781184
480490217208442881
482676414055849984
482529578632491008
480042469695184896
476248956809125888
482931605221019649
479368891270201345
483591080776966144
480160414768971776
478009666018885632
481491368196734977
479978678383050753
474228156220841985
481512801446674432
478794003106635776
482933422130597888
480598173623144449
477279586573488128
479088417897078785
480042687782207489
473441904009310210
473497378012794880
480053467663572992
479215428065955840
480254268385931264
480061755561750528
478346410039844866
479860997810032640
477962636513259520
478064059556712448
481355088267452416
478064001859854336
481942485581565952
482164993526616064
483514682939301888
473958111372271616
480285501744635905
475169770195529728
482931598623776769
480551337407438849
481544946928091136
480235139382149120
480390096748036096
477199421068042241
481634584874864640
483146201563680768
480570220176609280
475819740326154240
483757935420391424
482125131855441921
473061346750525440
474412450591170560
481441193515941888
476528755184529408
474551331764850688
481626425582051328
478907013930287105
478905385781592065
481162050618413057
475022663308435458
477129353877553152
481393151911813120
481841111539806209
475026467034652672
477561839950499840
481670289831362561
479864236990943232
477067890966134784
478907870033883136
478429105072144384
474138632971116544
480322432230649856
481658560569278464
481251494042566657
482080170237370368
481446325939372032
478905014111305729
479310292065599488
478047693894606848
480628672022343680
480182279315001348
482564265669181442
479965597950701568
482175753434710016
478340714317615106
477462782732795905
478911362362404864
478556367406768129
477034934247628800
478910607383859200
480177183806087170
480169425320960001
475030807417860096
473573086084612096
482932167241396224
474982154620129280
480335696142426113
478350672128409600
478925641228636160
480056171710005248
480342226673737728
481441410588368896
477088547443572737
480790070752837632
477781255770345472
477433106643701760
480209878212829185
477654281622142976
475022594605715456
475022715284254721
477162986315198464
481094397879418880
483338757022552064
480332069562638338
480809830530039808
480588116646838274
482973074640228353
478972619715133440
481397237344645120
481477906636365824
478915505311330304
480589645923643392
481417327032819712
477377918176612352
480236117770264576
480241645418332161
474249159428431872
482343085251121152
482192313767043073
480580780880441344
481060987748253696
476425912209395712
475026689245081600
480247257183186944
475023320182579201
480222768580272128
478322911267151872
478550242456248320
481441015459364865
480332031491330048
474925564625559552
477304447354163200
480276223755436032
480649381230571520
481237806342078464
473999264209567744
482350248237342720
482212958450110466
480628683313410048
480892659868131328
480341314332938240
481252678249373696
480309616425717760
481080185174102017
477902056083439616
478915066134159362
479861508617166848
474768439181996032
479860214229762048
482409654564048897
480043755857522688
480053272049631232
480997445564776448
480119026215968768
479334457673912320
482943558513860608
480563627418599424
479968283467460608
473796305383223296
475203533881344000
481918458058113024
480825418539597825
480562989506899970
473208661184372737
479020731452243968
477842809182224384
478907419406663680
478906560916107264
478060924226387969
479908340663734272
474374931355283456
480868229246906368
480395314273067008
475705255427342336
475026390190804992
475018430890778624
474259321547935744
479267018768908288
477990917949771776
480231338482491392
480187083068166144
476168337077317632
475363542594375681
474861815571415040
478646403258798080
479902825670254592
475023354659745792
477449921893634048
478910639784464384
480226521232060417
482320101480210433
480110197160312832
481597898476359680
480165128910807040
477847338317524992
481074424754368512
480143003021873152
480164564827254784
473442242880102400
478911809173221376
475022618371031041
483421864396455936
482144143473246208
477717566962802688
477116265027624960
481254072649928706
479024617512640513
477963969869938688
482230422462799872
480607767791534080
481449533126086656
481442970638352384
475023312293076992
480275975381725184
480111816421289984
479865228893507584
481442111225466880
477431647416377344
475023250682937344
481021075937980416
478910472960229376
480203523255046144
475564913759223808
475021523129204736
473795550157238272
478921604211044353
478677807959003136
475022664226988032
480516807263256576
479122614984519682
476546432325795840
481466517402697728
478906340698771456
479008118492241920
476253416558448640
477885524254801920
474527088842534913
480199301264457729
481486498131218433
483140080920309760
475877257014022144
473445593483067392
478905882139717632
480645270389022720
480590952587726848
481694567084064768
479897990405312512
481400212402241536
477478130958225408
481449324606287872
478906095889813504
478905199239520256
480148445375004672
482929994956406784
480322086267662336
482132112548831232
479251916682051585
477459556654530562
480224407009255424
480165324436688896
475222232592302080
480954921462661122
480966734027829249
480841420689768448
480807620950114305
480296215561531392
479869981350711296
480326634067595265
475203514243629058
475945206991581185
476735149653377024
481092821748039680
479213569045590016
480845372416208896
480286343457566720
480161336572137472
480131238477320192
478613524583698432
482431572449460224
472973655186481152
472950100633718784
482769840651132928
474114147236331520
481440386884575232
483142508990701568
480354582225510400
476600538604134400
483377854751580160
481908869308760065
481482671231893504
482370431802826754
481442369506516993
481387562209001472
481161768824102913
482939376327200769
483514814921449472
481798964279132163
482944300473651200
481748948181192704
480187639400628227
482286017178005504
481411830389039104
480636155554037761
479185037196525568
480044116580241409
480889602866032641
477719603335159809
475833660726591488
480568247993901056
483325602099769344
478928594073571328
482535944428732416
479981791575416833
481114957929385984
480129762569228289
478905710173224960
479759531837517824
483714235134775296
477059438142963712
483499262706462720
480230844456370176
481477837556547584
477471762938990594
477827579399790592
475022597403320320
477116492736380929
474146405695889408
482561653842931713
481261828735913985
480747208229130240
477420472733147136
477113621407748096
480380376310104064
477885442504015872
476412611744235520
480893999356858368
482105567247212545
480664729514295296
477483631082885120
481762440968171521
480738712003674112
481184760661037056
478905907481702400
481443127186972672
481449535575576577
480197051972476928
480723468179501057
473777172490903552
474149856945373184
482182083650256896
478326683036962816
481189142601031680
483291731694080001
480977420791468032
481463097274953728
478925599206293504
481641193600593920
481495118323933184
478914288514367488
476425934049128449
480771537729880064
480229796140417024
478792249544015872
477862349333073920
477791793820762112
479997182498852867
481967379820199937
479229267319209984
481445648043356160
480688066382663680
475022695944318976
475023270379413505
475590819844730880
480220319869714433
481161911686266880
480520403555581953
483589634203856896
480043243938529280
482469957020962816
481725539129229312
480840402417643521
480660939235028992
473438533437239296
481400648081358848
481459011099688960
480178087318265856
480761663764066304
477435819326570497
477114093401145344
482961672270008320
477074644080807936
480065070270263296
478936747405889536
477782850381824002
478946652758110210
483566655771910144
480161798478254080
478926809132969984
478906083072024576
481804768327655424
480625396669763584
480544702555373568
481417316630945792
482565341718249473
482929924396056576
478910623943000064
475019664590770177
477067064629526530
480581162151071744
480363796234792960
481548909786169344
481441018861346816
478914107261726720
479201236504543232
480317552719966210
478936164221874177
480688596777594880
480111414414036993
482935996468981760
480357929057390592
480161982352355328
481016843545903104
477902647123783681
476426303609241600
480187714390605825
480272485418426368
478325267941707776
478549157112979456
482940506172059648
481441688796553216
480612640666836992
477356796227485696
474413887677161473
480607541664022528
480161512753864704
480584123191283712
482796849699758081
475709697224630272
481655411901071360
480526762841878528
480260461334503424
480228020301471745
474158779245019136
481272551327293442
481436547703508993
475765128257110016
479997690378723329
473583325420855296
480229111076782080
480142860293914625
480077623536910337
477042423588065282
480127621993623552
477870356481323009
482681529152569345
480772889801535488
483147379055816704
478909372391632897
478799456830111744
480817650403405824
479141631346868225
481263085332602881
473537089678872576
480196040893538304
480226081870737408
475023292365930496
478108281789886464
480559982580994048
475228401851060224
482124889282060289
480647203568902144
480627937037647872
482948327239995393
482936765347409920
476518599050268672
477993222761746433
481267866470055937
479989018588098560
480633108199256065
478924583039275008
480646855999504384
481570776827457536
477535557141028864
482931157390999552
474920498883596288
481197196835303425
480472210981650432
481788918421921793
478918035118772224
477118823745609730
478912168717332480
482688845561860096
480341345467256833
479871452737716224
478908614598328320
473258629605646336
473781955046416384
480281710953639936
478667104900898816
479635397756993536
477512513202831360
476316730487496704
481541482457755648
475023370610696193
473422787588026369
481762441647624192
477885266305503232
482987351288086528
480598299380965376
480224787382669312
475260273855442944
478947123115728897
481374152670994432
478201729784111105
483146449828319232
480250088191582208
480160905364119553
483513457430769664
480688934641340416
481445110916202496
477053031842709506
480610042425520128
474787147602333696
480161380142551040
473497485248565248
482997457047924736
482526271512264706
477096060553535488
479874718414438400
481421063033593859
480308147970924544
481445109586595841
478905497018703872
477114932165484544
473212205727756288
478942039938052096
477137117894541312
475019670085328896
481190191139282944
483258665709756417
481452034441232384
480565225733636097
475023310275616769
478916989511933953
481733612258492416
478907007026868224
475945427293204480
474967277977493505
480333069472120833
480233585706668032
478939758908153857
473484685038059520
476544091409227776
479860349890727937
479906049647181824
479997725732532224
478908725952929794
479860810282708992
481675438138200066
479267164957184001
480864579212152832
480576078059024385
475585534002462720
473427984141938688
479054833836888064
481237902970462212
480776483602845697
480336463293214720
480187476078632960
482939676047593472
475021224637001730
474608085332672513
475023104201072640
479632508439777280
478975267701276672
479213761220583424
480761742851452928
480279499385233408
480606733622992896
479863405768351745
478901264592302080
475022607041822720
481138473882378240
473665258759147521
475156246136242176
481041487254151169
479180203563184129
479403902618861568
480189211723563009
482965146180939776
481069225977847808
480223965437108225
478871121052573697
480881268272291840
481044635674882048
483470049747812353
473852130017943552
477276270045048833
473316906779561984
477787268993015808
478579038051516417
480340459156283393
482130352954441728
473554314045059072
480806976335540225
481626805711806464
481037721863864320
480588781615972352
480978921836785664
481208103925317633
475630938454384640
480222302592704513
479312721998262272
475441168721793024
475081625751941120
483489992078262272
479747341466222593
480201119516221440
480102660058910720
476349734131871744
479997600930619392
480063467874172928
475203483138670592
479901749830905856
481748043633397760
478905914536493056
475031398513119234
474392963955437569
483220509078077440
482429020949475330
478919986069917696
473848222423998464
479996621468364801
479993594724773888
479156406579249152
480803867131908097
482956319453089792
478905529176043521
483563672363466754
474815278073667585
483564625288777728
479796633400401920
480255291209289729
474911188128526336
479217536488468480
479704101635518464
480160511967784960
481391276521046016
479861147970338816
478341383875338240
475712466999996416
481440949021982720
480805609387085824
475343454340255746
480926407631966208
481654008273043456
478333709553504256
480696990129733632
481656292407123970
481184700258848768
480472650737659904
477049418198560768
477447122145382400
480008913199587328
483195057336745984
480274938297729024
480738482042974208
480391099295739904
480110438727045120
480168351537180672
481448755317587968
483694469561466880
475589411699458048
480607813966626817
475038434667397121
478928915654647808
481681398500032512
478908505819082753
481417218991734784
481417316895162369
481441816596987904
478909753418993664
480470968863715329
474503762040848384
478911363264163840
479863979540750336
482118791682600960
478917230176903168
481114566957735936
480250998703669249
474202875078266880
480162528954044416
480086084387618816
476245291008405504
482422451498778625
482422028356841472
482347420614135808
480082645930344448
479959267219222529
477841666754502657
477885341815558145
475181118245720065
480625601628225538
483471269988274177
481200795753271297
478909648477908992
480023832997011456
483188461864636416
480470482907447297
482117696881176576
478601972497788928
481198992311595009
482600459534729216
478391053704130561
478910602677850112
480621758131625985
474862026939170817
480231270509576192
481440748534259712
482930426773000192
482930634093232128
478908774451666945
481349768632082432
481041717043290112
479934461807984640
482117094449106944
477951589207248896
481084750854369280
481440901764747264
477528615543119872
478120564049989632
474406487599509504
474996880087085056
481389923669245952
482930110920929280
480632300875444224
475023384732901376
483428057105981442
476316621456564224
476290835550842880
480195138656796672
483472156077355008
480018635738861568
477104165760827392
476077281707032577
482168687550812160
481357343893229568
480996721879572480
480223036293922817
476810121042198528
482125364639334400
479269971777044480
475023266357071872
478871605914136576
475027137078890496
481179419893964801
478917771120496640
478907240682754049
473412743887081472
480640150775398400
475312527652290560
479875167490179072
473105727007907840
481511098018168832
480651447260835841
478905445453537280
482965057467187200
480116634095337472
478732126406189056
474870052869914624
476808619489366016
473525885698838528
479217705967685632
478909816098660352
478906352907997184
479993065709764608
478910897805881344
482685387903467520
474137741333389312
477039876949704704
478888728212287489
482929341366423552
475030810886537216
480682396488966145
475023366336679937
480633396058525696
475025913860481024
479861207952654336
473703445619163136
478948627310583808
480333097691406337
479216107463921664
483632933807611904
478958293440688128
480784797657477121
480273700021760001
481442151415709697
477410504214708224
481161761299521536
474562508255027200
482955113607077888
478915988029964288
481507875517235203
477376931386503169
481445358988320768
477254464269611008
480565391140216834
480077783276998656
477442922732736513
480606865819054080
480477353491955712
480428543231262720
478923476800405504
478928971812196356
480278132163760128
480337923305242625
481757812390133760
480042620325199872
480100803831939072
481412962167431168
476047919800279041
482175917301956608
483469604736737280
481419826918092800
481444071664148480
481971196611665920
478907698616877056
479624093378281472
478905459768688640
481785379474128896
476460258945015809
473621204624891904
479660742484832256
481203360335265792
481970403263254528
480999969957376000
479657643980509185
482124715595939840
481970710349217792
475901933375741953
474845536407670784
474390515686051840
480009164690063360
478930442092310529
473798262991101952
483653014352588800
476689172036878336
480232992716365824
474249030407827457
480330578898595840
481446547142356994
480701818301722626
480599788455358465
481357450030096385
483657464546856960
480304672062726145
476419324966891520
481449672230203392
480821007398100992
475023336787812354
481161755683332096
481364579537412096
480218831793954816
473705146841440256
482984928473513984
480664478304858112
480609996657287168
482943062406991872
478913989406384128
480225924680404993
478919298820231168
480241261102645248
483149042135105536
480220982846558208
479866151980130304
483195466432413696
482314406936600576
480017611577511936
480745949229096961
481441549864026113
480223742329511936
483348030272188416
477688439270543360
481190801968758785
478924015122137088
478922251295682560
476980060402896896
478758692758622209
480532770528047104
480141851735756801
477110321383895040
481088770398121984
481417355390509056
474146847888801793
482929366729371649
477427617201520640
480159496665194496
478515251047325697
481655348101529600
481453475918655488
481443173911126016
475023414445342720
480107820235636736
479061025174454272
478862740313088000
473347291659919360
480517255248490496
479980649722310657
474227954630000640
477115743818223616
