278022578981978112
274777734130044928
281287782759018496
275660941746663424
278921081660772352
279844197933125632
276879095877488641
281082922772099074
281401623249567744
277072273393983488
283673661414715392
276355366260965376
277800693446868993
278186117776437248
279341088492355586
275951583630606336
280880948537610240
281401148420788224
277382956488732672
276359038336385024
277197766114037761
277850587440230400
283904632772755457
283761263383818240
280732557685956608
281064324649345025
277967680433164289
276334543613599745
274715568681140224
281564240123424768
276402399437000704
279165205739606017
278214103619747840
282263306792730626
284200548582965248
274715134528720897
281712156502802433
281114116016447488
276363101023113216
276356002805321728
278598763793223680
277918195334127616
276122664878366721
278344730180456448
275233023174262784
284838118782283776
283764002419515392
283121629352034305
280241312253476865
276896520060665856
282112594192498690
276294505798455296
276353956421193728
281144496631185409
281470578244870144
281876683513004033
276059813174202368
275632268830191616
280559153351647232
281062396078989312
275860074302418944
280328096060678146
285126874357702658
283121855164989440
277455078338740224
277639327452917761
274978456813588482
277654140451184640
283610502737833984
278103070368468992
275058966059421697
276188906247036930
275621923126386688
280589896199073794
281116131345973248
276353956228263936
275622656341049344
274714108119625728
275544498703065089
283673550911594496
277898389667053568
281084456423534592
280240966777057280
276243292247711744
276785655445610499
274905863066615808
279346782847250434
277799008456564736
275504744817123328
280227491174551552
275619577302482944
276370904987099136
278263745103425536
278470614623334400
274706371583295489
281400765912870912
275980538769199105
278550857736396800
281124962729861120
279370166998032384
281896402529951745
283297407159107585
278037354533490688
275545659560558592
278509398861692928
275441074632282112
275616450646003714
281690258108723200
278025944365678592
276601020363198464
278177881920786432
275616465334456320
281011118657384452
281117151975329792
278563960943435777
274984986321485824
281092898177572865
277815514980556802
278467128447868929
281422638017040384
276581971893817346
278920583419416578
276734186407215104
276934086461906944
280754241130336256
278227726761066496
281079624685977600
284340538277232641
276779489147645952
277743022379249665
278888418208006145
283279519954108416
278882849266999296
278350536099639298
284831617611087873
275614798690009088
278391317430693889
281504448466022400
280248176911454208
278601816307027969
276061198896738304
281149168356057088
274705641543696385
275636287942295552
274983709084631043
279368621535404032
275615928337719296
278109686618808320
275665128714817536
276449736800747520
278369668257959936
274712263145959425
281618446075195396
281080759052300288
281065978626981888
279148079544934401
285371738957680640
279314589374631937
278283234905833472
276495110810791938
281882424571465728
279339422368018433
284639563031384065
282550521250852864
283679599810969601
279894843721912322
277264338782408704
276355278226735104
274706245406044162
283905674151337984
282128830192304130
278563895537451008
285772948164452353
281875453063602178
277007668240068608
281028328075436032
275664799805894656
277206296246247424
280240757514854400
278375496805396480
280024717031784448
277296846563577856
275868508636725248
277119954082463744
281178074417078272
276978941569409024
281084303822184449
278793887651348480
281505980066435072
281655818343030784
278540252170309632
276983113031245824
275675106292953088
284161795063705601
279076045024546816
279912908941582336
275951279770054656
275588415595106304
277125732688338946
276350048953044994
275840440165621761
276358297639075840
277666532736258049
279314226269523969
281083288641216512
281068309439467520
280284761342214145
275802226348404736
276796854639931392
281129199094349824
278729094122856448
282760196000976896
276343446963376128
281834897637797889
278083884632125440
276239255028760576
277702875537342464
281058150172479488
281073347461275648
284326859808849920
278598643181826049
281044065091457025
274709821494792194
276079271095726080
275440026316333056
277125744025559040
281101556521242624
276883155770826752
276354363482574848
279697965797474304
279697700079943680
283090072067272704
281066323256147968
283766383198740482
276362635858034688
285299344226279424
281625422964346880
275717307651747840
280997287306592256
281290931460788224
284426421437362177
278922829653757952
274709879405559808
281100473560358912
281253819994742785
277038239284617216
274710934138810368
282129011864399874
278475672932986880
282639847586406400
276401273140568064
276998873019461632
281182963323002880
281059417288486912
281081902327271425
276231788605620224
278344731933700097
281284465274277888
281308133689798657
283672834511867905
276328678592487424
280996909076844544
285688678100131840
279602992402026497
276552695014371328
275647010911186944
274706173675057152
284810850697609217
276773094578847746
281434557583085568
275867630588538880
283673017027026944
279705060072632320
277239360456364032
281066544652496896
283674963620294657
279342620172496897
274758933296586752
279384865319837696
276409592928403456
274712528611844096
277045648648445952
274711007539130368
275635183242313729
281308960475205632
277631668846743552
278511626007756800
278598874585772032
276552661199884288
274706850048512000
279565089378553858
281091845910564864
280248569435402240
283122935793860609
278943026771030016
281065639387471872
277579093728452608
279007844928475137
284695306539503617
275435855248764928
276235816064409601
274710194460688384
281275210198552577
280732275128291328
279603728544321536
277017340082790400
277818272810954752
282263433704005633
282633939217162240
277158167169875968
275231436024475648
275923893431193600
283623392073105408
281119384104214528
276784193323819009
277434257079693312
274713784289984514
274713092036890624
279693700467130369
278970007734603776
275049344053440514
281083664023027712
279776064178380800
281061274178158592
278933039923490816
277616576348426240
277112805159735297
275620933375516672
275616759371935744
277910709159993346
277270303229501440
277239888045285376
281064320719261698
277052413616222209
280255893671669760
278352429655916544
276781888901894144
274706544246026240
277326609164431360
277204001215369216
283691804421926912
280843916838842370
278339934862069760
281061845362692096
279339445159858177
281338509472698368
281287781941145600
277884115599118337
274968119427092480
283302246500929536
283672726512750593
281401004019286016
281080126060511232
283673820022337537
281096915658080256
275698068362518528
281400639743987712
281219486399467523
274714144920449024
276331856880861185
281765177584652289
283276544330313728
278160917064216576
275544497272782848
281872345604444160
275701902119956480
281873014004535296
281100740754284546
280919106675417088
276351370624380930
274713061301047297
277061437959061504
276349363058536448
275916211840237568
277213237446053888
282955641721610240
278256156806373376
283341504855035904
278080661284347907
279340999111761921
279699786809102336
274711442815598593
280243077795422208
274709734605586432
283058319285944321
278092293460865025
278642381690114048
282930725009911808
276354918317703168
281127398307680257
275859512311816192
275881444142903297
274712367684784129
274756923402883072
285773811234779136
275666617139097600
279622238272110594
275741479199178753
279146218343501825
275250534347329538
277121572064595969
281400514246238209
278212110293549056
283745504230248449
275792798870028290
278144330710003715
283087129104482304
281486814471151616
275562554573611008
274709484222423040
283659231046017024
278598642221346816
277446429860048896
281171493847695360
280754420587843584
276195543074627585
275674053715570688
274715654903455744
281884438990827521
274748891377836032
276880046000590849
276366814324350976
281125863079157760
281506760395726848
281115457333886977
274712810112577536
281247218474831873
283678052725178368
281100973118730240
284506006359244801
278529823557709824
274712593346748416
281158312165253120
277028688757923841
283675159355858944
281402295923638272
277808604508192768
278534719296135169
281284612498538496
283175263267848192
281067676955205634
278546207989714945
274712862667177984
276578270814797824
281083645719105536
277224095953854464
284097676541325312
285112987151376385
284465401532915712
280277720632528897
274712930413576192
277633303945834497
277651362676871169
274715278485639168
275586472873181184
280996437356052480
275758891504132097
281189513689190400
278620127702966272
275581543236395008
274709149386952704
274968118860861440
276780498213294080
281202353741389824
277122985834471424
281370607139053568
279700541100130305
281065977041530881
280240888448417792
276363838675361792
284826966568337410
281904469736820737
276312664131657728
281085542005878784
274709173269299201
278023070311149568
284647817509732353
281292534989352961
281275210148233216
282632274846023680
282179505701933057
274984183816912896
281535708894740480
283624056421482496
275604786064269313
280996423032516608
274712470118096897
274706063662665729
274715455837593600
275751892628434944
281064316642422784
281112621015519233
278731827995365376
275766710785699840
283931025980157952
283964273103888386
279621966435082241
274712409439096833
275638198028361728
283295230340513794
281015323715596288
278898490778734594
281076139160637441
275956067219943425
280999916334116864
278238730043662336
276350392273600513
274705987879976961
284023733646139393
275750270699466753
275914505333129216
278798557761372161
278344729459044353
278379442097774592
284395143900057600
280248578310553600
277874429055340544
278857787465928704
285766135989825536
276366737203658752
281386279730556929
277103612986003456
276131782292815872
277858303713878017
279855063550271488
284182836007800832
275935491948425216
278920822259863552
277246553125691393
275591474710728705
281094717549211648
283079372531970048
282692149869424640
276230536299679744
277776806638141442
277061298699788288
276444851275456513
284444434505023488
277051768377057280
275953093013815297
276497715695874048
275990254392066048
279228532398366721
281003863396478976
277659460426690560
277971047561703425
275672678059368448
277256421932933120
280700062751928320
276759975957762048
275877126002073600
281401105798283264
277317875524595712
278191295959298048
281630542829608960
276354359242141698
283562935547215872
281368291660931073
280464002386104321
281435585476976641
278198950161420289
276031864865714178
282620398581972993
281116375680970752
278892559705714689
278173153455398912
278139163793031168
281076308736352257
281011957144891392
278063101398642689
277652330554478592
274711783372124161
276419665452998658
274970507240153088
276373436790607872
275674056286683136
276378617947226113
280977034212147200
281934849814716416
283690278412513280
281079000430952449
275748860612190208
283463952858484737
278509695155707904
274714035050651649
275587078169980928
285296794869571585
276408978743910400
281125243211362305
276400408958754816
275718649615114240
279373496327491584
276528505548849152
282129295697141760
280241960843870208
278681034810351616
277255791759728640
281077969949179905
279073193396944896
277800499267375104
274705374089715712
278512282479230977
277804650806276096
285524432183771136
283294839896936449
274713912597962752
276420459279577089
283672831710081024
276256957835382785
278824421693718529
281084207458025473
274714334683353089
284783241519570945
276188186340904961
275158951027437568
284651160906919936
281030016995819520
285344636220870657
284881062184755200
283704101710221312
282917057828380672
280381860956225537
278029351180713985
281040801784553474
276619319557910529
274715349184819200
284410133050699776
281435658847916033
281119991913385984
279774683220549634
277802797444001793
275536364248891392
283672886726758400
274710869865267200
274706627272257536
275975387857711104
276374641440878592
276124402972778496
278541707262447618
274978445786767360
277633910513467393
277247925116088320
274709650191036416
277046058775883777
276368822326398977
276231442198052864
281546061074546688
281699042201845760
281064310699081729
277179694619717633
278510927702261761
277243843244601345
274704620016791552
280995902137704448
274710775753482241
274714236062662656
281284874080485376
278050197194539008
283674104182210561
276359561881997313
278618733495341056
278894816333545472
277772646760984578
275001083347222528
280169875966660608
277121951158398978
281801425472864256
281084290111008769
278901024259985408
278990407285747712
280704417483853824
276434463053983745
280616877917618176
279954778149224448
277703766109716480
281076641336279041
276465359094165505
278436602517266433
277071179334959104
282515940271329280
278731934509715456
280998681082204160
279966682615791616
281373881376309249
275586474626404352
276496155167301633
276552760974012416
276462366386950144
275954399195582464
285029980587577346
277802571580727296
279702147698921472
285774461590974466
277339435341840384
275622027593924608
278303458388480000
277651070531010561
278232596234772481
277065814392332288
276402732624138241
274710533343686656
277407681285861376
281887484181368832
275840542267564032
275584933458755584
278921341455982592
278888555244294144
274711336016019456
282424125581049856
275616648680071169
274712989955940352
275364809770414080
274925816197033984
278873138979299328
275903591666032640
278072587106525185
279073193589874688
279154583576649728
281100063332249603
276353956567998467
281066119387807745
279592717267386368
281170640772423681
274712664066887680
277269781042839553
277238634095181824
283769395308806144
276229462054551552
281079277661872128
281115423762698241
279670584974143488
274947286545596417
276600182542594048
278371304950865920
277722599746846720
275914506637545473
276607357872664576
280792367190118400
281365389810733057
279732869230891008
277176085291073536
277085140113559552
282130815943589890
275633632142557185
277124701631946753
278072588549357568
277125684151857152
277121575369723904
283764994137546753
281509539247976449
276355364331597824
277328390967668736
275897353335099392
278510929115770880
274709544528125952
277818231111172097
278888418220597250
276122779751948288
278509397376901121
274753209808068609
279360937113313280
276424640581230592
278948178957578240
276106004498894850
278882848449114112
277124718568558592
274709993301897216
281384264665276416
281062251606196225
275616704816640000
285300111263809536
283674368553410561
276354353730826240
281005200104357889
279340702721261568
274875493407395840
277152101883330560
281060269432651779
278122657755578368
283697025210519553
283673047305707520
281191979067531264
276455841417265153
284182796778491904
275752609833447424
281089260130541568
277131133752315904
280025656186789888
278010489169121280
276362273449205760
278415915614347264
278467127046975489
280475238846824448
281555539492749313
276759978868617217
276664799151153152
276434463544717312
277238825913307137
277123640183635968
275726692797005824
275648783289839617
275622362903371776
275618023019261953
279636962049138688
277059646907359233
280899597071695872
278337375418060800
278104735788175360
279293610594283521
285327202965401600
280773869156057089
276759977408995329
275008146005696515
275675245598355456
282205251610738688
285131371964399617
278862606456979456
277631213232062464
277781028234473472
276354994507231232
281005738858532864
281151042320756736
274735871633268737
276419998463971329
280992689980338176
278766938111488000
277180592578256896
283823398608588800
282150685296951296
274705885492830209
274712704940404736
274713417275826177
278168736136056833
278229026517184514
274734494475513857
274711057245818882
282516203858186242
276785449744351232
278736088485462019
283678611649744896
280686060005105665
277044010726588416
281077781603962880
279199983507484672
281166991950241792
278868209283780608
275632965885779968
281087255110643713
277310494619074560
275991331782946816
274864892547301376
276880054120755200
276189491897716736
279131859315728384
279581938828853249
279693700488110081
281086504061779969
276684789170462721
282527088672641024
276853593187962880
281420009190866944
281411812765876225
278658676968017921
278531903643086848
