1956772125
1851505868
1959235173
1953785430
1913707508
1884334398
1866902348
1869157041
1960805337
1955298630
1757472941
1963592716
1751797146
1960338049
1953896135
1962656242
1959150701
1959663758
1856454503
1960670385
1960625461
1959820640
1754416670
1953311969
1953290443
1784731780
1766808767
1856908115
1955190784
1959298287
1959084566
1672352132
1776377733
1969621569
1740944725
1955422609
1821797004
1957211296
1949533643
1923101229
1869255125
1966626805
1962410942
1722604584
1959957208
1788996516
1953395865
1946899318
1677687134
1753589447
1838358216
1959593367
1918691057
1954214321
1962761134
1776224884
1869193885
1912203069
1959298538
1764706968
1957941931
1938885716
1695478416
1764378667
1957066752
1954896087
1958561895
1804751716
1739429807
1953898808
1919194678
1956787237
1757952218
1961049591
1960712049
1762347931
1718246313
1953526016
1751588125
1912206425
1762505320
1729001411
1772546359
1954349540
1956361970
1954556756
1805501981
1962631513
1744990530
1746861254
1960373470
1978054363
1738541584
1793514344
1701911586
1957978703
1805640315
1976939949
1718307996
1746290022
1722513219
1910348635
1786178308
1730154088
1963593094
1911800999
1963637468
1956567380
1937275746
1869980131
1773579783
1742364666
1960994881
1761733912
1851296495
1694135932
1726541737
1726471867
1764648646
1702089507
1711569833
1789056036
1746176913
1953264390
1851322308
1779111697
1953775676
1798374814
1870266894
1841634451
1976222291
1953501808
1969744574
1667316355
1738320983
1953489027
1969848940
1750780976
1959298432
1856543573
1933205180
1685768998
1788985321
1958857440
1800431843
1730121587
1953520120
1934264818
1953294471
1969710789
1956568785
1869639602
1749608601
1789135718
1750286699
1958519974
1953120013
1751050347
1959639677
1936239265
1957372397
1741220619
1954815125
1862668566
1942390748
1802045258
1915843577
1960929190
1778924405
1954182896
1964492245
1912188581
1911154514
1764464747
1793526178
1957233007
1789121475
1963636935
1764568781
1953229385
1955116114
1966640753
1962578904
1878914004
1825061390
1937732551
1762369658
1961060208
1954524575
1958539223
1762628028
1953725741
1962647047
