20693747023
21483303665
21179279533
20458725465
20506721942
20198389286
21483303103
22628629097
22157188663
20082755838
21146916637
22158521372
20376080243
22535399429
22611742691
21931772802
22608645359
20198389202
21647747790
21559361402
20154628160
20210842099
20545171507
22549920788
20432995192
20411091689
20485609127
21034352170
21005716678
22603129990
22549920071
21882104522
22480446942
20954712523
21657837074
20411095120
21422325782
20377476553
21979333017
21156987720
21633966487
20506740638
22392359367
22548051631
21643306244
21483299968
21487301998
22642865317
20380021536
20502573001
21504951539
20974883285
20198389376
21641350587
20378781645
22558137369
22023308125
20154627707
20337253329
21507519555
22479237160
20244495281
20082753601
21695991921
22642857685
20376215100
22390644449
20110670525
21474793350
22549914465
21035070237
20154634133
20252054514
20154628670
22542932875
22658890791
21151957143
22393147780
20790190755
20795986397
21708436035
22605722448
21019332551
20594025386
20820923258
21514891249
21483303773
22519684507
21607236687
20154627714
22608082197
21474868333
21512724189
20703631826
20279051626
20160731124
20699756579
20443179696
20320712097
20711166763
22626831851
22479182110
22429782253
21286926248
22604483702
22613241494
22566240887
22558881375
20411092190
20082755417
20267865377
21346508449
22605064398
22312340269
22581601588
20703590022
20278284695
21796928726
20970586400
22395415621
20244679145
22621212188
21365286441
20183002200
21523523047
20497637313
22637717188
20287660720
20236329353
20479594484
21653266475
20863951348
20154628125
22555009916
21484310531
20247202354
20082756363
22570485448
20244674235
20198389423
21495943393
21614595754
20219122816
20879862927
22392430633
20316561494
21506610979
20244673163
20697680912
21483524851
22566751212
21771496279
20686581606
20742030601
21219696551
21489031945
20695718656
21444554884
20640141808
21890675019
22531212597
20961341559
20411092874
20804860475
22604853670
22555128295
21806364930
22459321667
21483299809
21932811867
20819199300
20434826209
22171676249
21738080150
22200135312
21626037551
20549932993
20208382907
20411092869
21804692980
20152559917
20411091859
21752891218
22658903119
20969023202
20377477169
21656805371
20248715914
20649631382
20970005812
22613605996
22566075116
20314369567
20198389599
20294525755
20154627922
22524193732
22393106834
21610010943
20198389308
22469184446
22366332822
21934559957
21581045611
21519576782
22476282175
20511767978
21645423864
20247070378
22535395466
20819189799
22477132902
20174045539
21378596606
22641018026
21522597049
20290715524
22270608373
20893530569
22602643786
22520998014
20523574695
20247934795
22657354952
22520660594
21535603830
21744787288
20301964750
22638309557
21485169533
22392430300
21358267853
20452301859
22036614802
21483299742
22642857593
21432537880
22002754211
21346345837
20649632920
21352415994
22308130105
21346614827
21632913729
20154627909
20573251771
20168050492
21382857310
22611766047
21710135520
20082756976
21485652649
20719936113
22549913967
20279252089
22642865851
21483624146
21067757859
21052759708
20154628119
22281080844
22567212756
22639145746
20404369707
21483516049
20833314693
21497022176
22432089110
20376076674
20929068715
20377299490
20377167029
21483299639
21486880130
20244680433
20329498894
21017318725
20649635756
20380280356
22228460076
20649633293
20645360854
22580112696
21494865794
20440701012
21483299564
20458951596
20306797251
21483667856
22078166928
22520268657
21424371339
21053258090
21485848341
21498245672
20244679858
20198389359
20889549835
20416186003
20273177738
20963624443
22567169274
21483299555
20819200443
21200108741
21033946328
21822477727
20969294198
22578487419
20512015553
21582451403
21737598487
21684429398
20427197485
22549916431
20335480406
20309510982
22642864577
22479924609
20280037627
20737096281
20154628276
20347584438
20154628201
22004397576
21485738715
20713161654
20255916466
20082755962
22630788729
21386333907
22396174309
20819189068
22357287373
21548672908
21973802983
20694578868
20321209540
22568007337
22572653302
20528267648
22263696161
21483299558
20234556266
21487242302
22555037238
20970425270
20377476417
20661313742
21382857793
21307403037
20161062029
20173284723
20379124856
22549915787
22073688282
20206298008
20562103443
22140728013
22571310647
21637798293
20912691218
20349065997
21636060855
20287622530
21645456474
20379943629
20247534359
22204240161
22188353594
21860974329
21287031041
21564919901
21331146609
20825154818
22659709319
20512372800
20244675429
20378670875
22004407125
22602453214
21642377469
21507560855
20492341995
22642860239
21745620654
22613521242
22489755636
21912260357
22640446331
22396174640
22643235999
20268005455
22494957741
20556646321
20793641143
20696310884
20240141003
22601248693
20457388596
22093871519
20063060943
20411094054
20506724959
21315490316
22571267169
22084839411
20528226942
20213270889
20954712553
20711389012
21632621584
21738019087
20518146597
20082756412
21700418721
20179372009
20411093400
20697513696
22570890402
20438789651
22642864051
22607792363
21571684190
22558900138
20948031666
20439438003
20082755028
22524213393
22605044551
22390475547
22480991065
22477140368
20912468632
20251167772
20492440308
22390594722
22521028152
21909077518
20819198491
21516414738
22514092865
21485736937
21521688733
22578530263
22629209993
22473530842
22579047874
21611122741
20719859779
21503606610
21695422143
22642863554
20291054335
21745454751
21631808343
22218781326
20819190635
21579206399
20244681164
21566409046
20198389243
21531608503
20380011156
20649630727
21192891913
20969353963
20378698312
20329112138
20956558852
20485608582
22659733735
21634450081
22565571992
20819192008
20491141466
20441970763
22640230867
21067788851
21483299668
22580240495
20819192756
20695718678
20398384804
21994538064
22535365971
22423358030
22490763788
21568029296
20250351988
21410152235
20354368513
21559607190
22567141587
22241772455
20912852367
20326715508
21613965788
20649632163
20898788332
21618881033
20198389366
20198389195
20379941012
22359511086
20544489300
20433957825
20711266108
22209062745
21486930742
22215235884
22390605225
20243029382
21483449344
22406252329
22043863603
22101760315
20878708551
22537787708
20492406613
20218937361
21495360854
22640164354
21069301944
21797324766
22519887608
22037203926
20376105371
22489974295
20198389375
22359669219
20376079596
21347034338
21814853285
20649632814
21696588522
20649631308
21130758345
20928352155
20970011933
21303402796
20533967676
20970230687
21370613501
22602519211
20246109804
22327170954
20595706589
22567988055
22549913700
21993002563
20244674790
22549915032
