751179275999416324
757674109471948800
751261273359212544
750707315645427713
751375989926662144
755925173157580800
753228220376416256
751182347525992448
753583864803692544
759149758539792384
754311039748022272
758693262832066560
755813254354571264
752271802320191488
759754885919182849
751376373982396416
754201033702645765
751082102293204992
751763515824672768
752427940055396352
752242291868180480
758707816743960577
749894687092305920
750003852917833728
751444349657812992
754354629937287168
749989436717400064
751366156179628032
752256454967558144
748905030107951104
753799644006580225
749649085473386497
759530549237063680
754395083802308608
758063561193250816
754214088524181504
751077503435845632
759855802119131136
759830711838904320
750002340669878273
750514930160373760
751077792973029377
750007407053533184
751774048451960832
758096273031458816
754735982373539841
752876650027778048
750520466436071425
749237722301210624
752378187565371392
752018021519007744
753963726890528768
751079194168270849
759389984545800192
749954188747079680
751071277310418948
752126287058272256
751353901073522688
751445578798817280
752183203906068480
756239797816025088
757573419613429761
749463332894093312
749801683127930880
752617006277521409
750615452645265408
758239081251737600
750591481472311296
758176202255429632
755010508328148993
753311689706057728
755967811772641281
751182357634248704
751892563930611712
759360351955628032
755948781267320832
758651363513380864
752652206210297856
758269526484058112
752467364428455937
758412470868467712
757486846792306689
754241179013775360
757180411462180864
749914685227556864
751278996290015233
753001062580170753
749369326407340032
758063820707401728
753661353605332992
755540180862246912
754386578613661696
752305728128516096
750097223602491392
756928386581147649
752271555938381824
756511568771354624
749810295728705536
752776124640395264
752368312311377920
749957294062993408
753215220718374916
752238729713033216
752207161468588033
757883599865667584
751854052082843648
754201702513905664
749100716937981953
750825430282752000
753675409103974401
758152110105964545
750390919585796096
751075979812933633
755106918142730241
757281400995340288
751069058381086720
752908352259256320
751326707760726017
749370644555395072
758284189082976257
759414757459767296
754200185908043776
751465981394968576
750407862669586432
751732464280756224
758346851338903552
751164248064004096
750120944283357184
758310475994136577
751082209885429760
754330216986587141
751076785903763457
751459430105948160
757470608858963968
754220631579766784
752489522160689152
755103663220224001
750326801772253188
754099285214453760
754342171709411329
749763182860926976
756474632643895296
758306917659865088
758645468314337286
758558185376583680
757548175733456896
749357744457588737
754913137476853761
757491417321267200
752778850598354944
751241655580135426
750669799735201792
751555467491483648
754662128775081984
753756601610362889
751069443317465088
756634751360905217
758296695012728832
755822653030670337
749510200198037504
753336313722449920
759605317684473857
752262346165219328
751015191698112512
751300424674660352
751126923867136001
752292894195625984
754987045924265984
749705970318610436
750394960143192064
758696864057294848
749072633405333505
754203113498738688
751112806540378116
750381864024760321
758603064311971840
758257648877699072
759463737669455872
750496908850913280
750484405618028544
751031880078749696
757516695560974336
753299779803811840
751221080220692480
759653133932826624
753004830537293825
749679933178449925
749725001889161216
756270897263218688
751069938362753024
759783762091704320
753612129635143684
749268876886679552
755402132942192640
759859944615088128
749730406866444288
751193882768052224
752329200401612800
750616242709336066
759426461455429632
751374726325530625
751087091761676288
755041644848840704
755427794839035910
754184434706817024
749902260876898304
750611823540383744
755384493725380608
754799558811643905
750696228476772353
752985757745225728
757133963639001088
754372759187251200
751157678244630532
749136893976031236
749264031190360064
758246324533796864
751167657471250432
750132120060891137
751031889562066944
752131303932178432
756731907828617216
750329008378617856
751078764994564096
754430257663320064
748802304950738944
749877451078131712
749992232522911744
752470894040190977
751491904605270016
757498532509192192
749101659733651456
754908383698747392
751242078781263872
755499437590401024
752378102894952448
749014654270181376
750532798620966912
749621094428971012
749370244653801473
754201052803698688
750220503890137088
749734727687417856
755073938103869440
758192606731988993
755039908163620864
750668572750479360
758581676306030593
751292880522620928
751171698137919489
754947518685782016
751116456788652032
755785170775597058
752178589324357632
752003418089140224
752004171004407809
751242237116293120
752052620513120256
750484241906016256
758204036994641920
749937876398321664
751034404387057664
755797541762072576
752267870155845632
749331350868463616
755071556162838528
754822537817755648
752500423450251266
757637464601272320
758268589350621185
755455179663765504
759528996035977216
749875186640433152
750263839791415296
750303035503415297
750604786106589185
756991934577672192
753267727113064448
750521814758006785
753265174719688704
751182359488106496
754369639329722369
751098866389422080
758269762308673536
749685332371800064
759486280807944192
750881903587106816
756520929015042050
751309410438352896
751091177928159232
750707089652187136
751032518158249984
751700900184465408
750688396029333504
755058932608098304
756105035445075968
752982301752066054
752191788409090048
751771576824102912
758353602364801025
749370766932774912
752656571822465024
750234582943928320
752368675047354368
751731806639042561
751436456363692032
751140920515555328
750515596530507776
755800831971192832
748694379783675904
751167267082113024
753290110129606656
748901743367446528
755795467536130048
756522349894197248
749492881463926784
751208330895433728
748988188484481024
757680290097614850
754857678648729601
753649546098454529
755739172837601281
758603741213892608
754606742001033216
750098812274827264
752408627038785536
750430625581174784
759750728621711360
749901721636184064
757829865819152385
756565586876989440
755738528353439744
759495697100001280
750201366551859200
752338918863962116
755336352334479360
750798044149538816
754910708593078272
754697812252721152
748871537260986368
751306364329291776
750339010174783488
754800700840931328
751903226979454976
750302977865359361
751182351162421248
757181162477486080
754334091571408896
751072593105547265
750911869095907328
757346473721864192
753562777579552768
755820311384326144
750385131500830720
752756577187147776
754863625878188032
759574402602336256
750717233932988416
750844739910524928
756415630576869376
758160693661163522
754251598025502720
752894482111090688
749370657624981504
748696827252334592
751079945363914752
749923229108727808
756567157358497792
759311126328848384
751076631670820865
757957968600113152
749162607962009600
751095326031970305
748682319880343552
758043064640339972
754339188032598016
751001124337881092
752309498157551617
749573552936976384
752907808585162752
753756572879380480
751813312434806784
751382889338703876
758449193484623872
751307911352102912
756979229506408448
756565330567294976
755441862509551618
757493595146444800
749721794722959361
749024698902601728
749629259996467200
752981658735816704
754774709166682112
754281188773289984
759777184789721088
751100745349554176
757686133996216320
758282380675321857
750037397476413441
753676212535517185
755788229673033728
751182360603873281
749273168032980993
751406220666281984
758430369632886784
755784323396169728
751105999126163456
759280686880526336
759830569769402368
751075386897735680
753288402066341888
749895325758943232
758586648372269056
750710828035342337
749465578155315200
749189124461064192
748887960687353856
755184404994072577
751438070931677184
754314213397450754
749198680788459520
750559994580443136
756052292567179264
749678122086371328
758399301341089792
753432298091978753
749832444677873665
757059142196588544
752553180119101440
749654630301179904
753137934753206272
751871875425439748
748930747692638208
755786946950131713
748819180070264832
753188375226613760
752534009696100352
758910357788250112
754257925082902529
751509893358710785
756546542408900608
758945358055518209
749868198095380480
752178328036081664
749293518267510784
750045681973420032
748984411769622529
758960455263981568
754226772678283264
751761584326836224
757008132413370368
749035006773850112
757672395662438400
753010442524626945
757512639765442560
751077407780589569
755010508718116866
749922078414008320
751452115101315072
750388162451603456
756259513318141952
750056682915450880
752477127962861568
752827900114694145
751926917637353472
754717915929194496
751240419887943681
758315940756885504
750435799099961344
758508559726473216
754514056082513920
752003877235339264
756113450233921536
751773380722958336
751076751929774081
752423430981582848
750675745064628225
750409666224648192
754365268470607872
754513608562704384
751014034850320384
750499026022301696
752270933352677376
752992626811559936
755195121004453888
751241174883635201
750366619201789952
753291037385302016
752659085628088320
757727687293014017
758449899012657152
758059996827492352
750424985525587968
758558446048477185
752233753309700096
748763185696563200
751248255187582980
755796818320060416
754772786560831488
758007252053786629
754773428260012032
752623040207347713
750051359051964416
751073534840016897
755787809986707456
751087741648207872
755402013941325824
751347407971987457
758628449074294784
749355262297931776
758521304353873921
757752751292030976
749314934761152512
754547831977840640
752781659678859264
752294375804198912
750550370158579713
749221013175533569
750312992227598336
751896635702206464
755121854881275905
749550942371123200
752943838847795202
753326293698093056
759386830558986240
751178864299085824
752232978252791808
751764829120110592
751022066946703361
758044271505203201
749287060402352128
753307034255183873
758685518141857793
751735243984531456
753731938297405440
756484455641079809
750378390029365248
751444517958672388
752720483448033280
754748778834518016
757675792180576256
754217446345674752
758055320660967424
754553029987217409
752510130042863616
751311198625357824
752424002791022593
758694729391312896
753272697149386754
752417907532062721
752271046959591424
750397064987615233
757490473644752896
755788314892865541
752234721711620097
753325692612440064
759843324509327360
759168102214926336
751076173203943424
750697226029133824
751091628031483904
751369300619984896
750152638700728320
751434809457545217
752012032610668546
751116057860005890
750834399319617538
754999821614850048
749448438111150080
752088563496329216
751674125056442368
751057844280012800
749808990071185408
759335036499832832
752021644097429507
751327685721387008
750857427709489153
750435585110712322
749491254484934656
750075535267684353
752110091642368000
755096940593963010
759781530948415488
752825859288039425
758910379409887232
755735618806841344
757277341219491840
754851671029624832
754509911032107008
755104671279288320
752349460173324288
750126432144068609
759824369551933440
755049063465283584
757776615799676929
754667359860842496
750965614626283520
749759413053894656
755088061948715009
751030036497661952
752685394055929856
759190820121550848
753550772491653120
751015441359855616
751464945011847168
759774999368519680
757225172294393859
749571889350250496
750513834922618881
755833969481019393
749261792380129280
749285584737177600
754669611224797185
757715676798869508
759659839127638016
754207009600405504
759847677244891136
751727099455672320
752730961553399808
752378636959899648
759688853397516288
749662894879453190
750649269804228608
752271705092026368
752465723356749825
750401824100847616
755805225810661376
750326299076337666
751598030785241088
753419865050976256
751083163946975236
750972989097795584
751182339347091457
751874254128476160
751367224498290689
752368050754555905
755920622052597760
749213327767724032
758265847064301568
757318948324904960
751157565682098176
758730710194630660
751138145815580672
759832098471632896
750291132819468288
757475900543864832
751033417375051776
749641405967073281
752904548747018244
748770691571265536
754255209296109574
754856283300327424
758573272787062785
751185215473774592
759389402950934528
750635842306203648
751843711047311361
751069868036849665
750483093283278848
751105399705653253
757937627056267265
752683968969994240
751048946596872192
752181335859486720
749265546093465600
756453505951412224
754852700370636800
755431638285160448
758711521190957056
757579517183401984
753304764696461312
750936885019553792
753524188795789312
754201889428811776
754501766713077761
758165237967253504
749957212810858497
749739669454073856
751311380167299072
751771890004271105
758449059715813376
750608489374896128
749124629290217472
755908183349047296
754267411524837376
753059332091023360
755399747494555648
749458609247924229
751464136467447808
753184250623557633
759856493034340352
752636095670738944
758411249680080896
754206068025151488
755760817891606531
758450904446164992
758469415067267072
751077337073127424
759414960158044160
756344075863949312
748796280688615424
750727107710377984
751179468094472194
753565205037219841
750477369866063872
754382791467499520
749319765794050049
753301025977536513
755399964990271488
751494577970896896
759001179695087616
754939071420588032
752080086438780928
752531462965125120
755798115559538688
751076535499620352
749967618367422464
751528879299362816
758739778904862722
756986118797611008
754610615428055042
749463571176775680
754369885317238788
750660289801191424
751443018331357186
752511667209052160
748869065507123200
751150958260789248
748788336832032768
749917340687630336
759067267263033345
748682489019916288
753026542838673408
757222304350867456
751114998324269056
759110545882570752
758228706943000576
759522836985675776
756800982944739329
751337099245133825
757217619086831616
755292948770816000
759837971793055746
748978052655247360
749566334669848576
752671941887074308
753884728801931264
750377983785967616
749435251060043778
758697580230483968
751608678155841538
751182352974352384
748874832465494016
757914898206633984
751077004900917248
751069834243440640
751340411285897216
751437851309531136
749809493727260672
752761295422656513
750709586110316546
756191287808786432
752276383674413056
756484283326267393
757113225666256896
751720391178063872
750483865534275584
759553074620932096
758596004459450368
750603457892057088
751506307799285760
757264703580057601
758365180426420224
757482978876456960
749308394062749696
751305949906923520
758363169131724800
750481947785359363
751761357087834113
752888811856822272
749196720664354816
752040431110615040
753366135689453569
750206614490193920
754201460666097664
752273940127617025
759830647091433472
750960829231685632
757476610115248129
751442662075486209
750454832771788800
752022520325222400
752341614065049601
755539211281833985
752431622075588608
758974609148350464
758380898622451712
751186743878090752
752465483706892288
751182349459525632
752366393614405633
756413062811443201
752586299652046850
750664604779417600
753326496937304064
749459820793647104
750409707601428480
756534417032671232
757745010620129280
757584128724172804
754571548850286592
754311032982634496
753733212329811970
751091887956647936
749809335237218304
751159138462433280
749347638517071872
751774053975941120
759832260879257600
753311910561456128
755345333719367681
759647318094249984
753109628607758336
757872171683155968
759777621915774976
749452118872891392
751204061198688256
758814594437488640
749906957306302464
751080772757491712
751565729741299712
752426626349080576
758801297373929473
752687788542205952
752178434181328896
759863373316096000
751078325083308036
750707382364278785
751433373604651008
752291524067688449
758232612729159680
750661458803847168
753331973175771136
751244212226654208
749606195221049344
752496078902136832
749683188360970240
750214258470694912
751312260916711425
752152281215332352
749707082560049153
758060468082765824
753135897223262208
751480577413578752
752719011603820544
754548711053754368
753738799914639360
751093073241931776
748984181011742720
753522243502735360
753619194290118656
751215778632839168
752891264568360960
757599800204206080
756629911071236096
754552276841336833
759057110885765120
753956144310136832
750326443570106369
750935396905877504
750398495207501825
752188029893160960
755036724196237312
752524288834596865
753126429987053569
751174042158149632
751526610910736385
751306201367998464
759011621222047744
754763584266174465
750499677292732417
758983984126709761
752834716450033664
757353479660826624
756604116290396165
751920440138838017
749729532878397441
750213092403924992
758046573083394048
758278638903189504
751070626765570048
751069322844508165
753293271137329152
753188195261620224
752438074278342656
751969981164773377
750358334373527552
758944807058157568
751395465611055104
748894470461132800
750394326555848704
749365345782235136
755332789982068736
752193088932573184
752343912644304896
749274236791894016
751068824812789760
759845632722898945
751080134539608064
749488134887473152
758978159756742656
750533747414474752
753142616548671489
751094767501471744
750455578506387457
754279944558145536
758218432437428225
754537549713072129
751079366466080768
757327471922380800
751533987227656192
749382609973673988
749990312819322881
755104578404651009
752578571562999808
757690119558164480
752295602348781569
751073745268305921
758381550295810048
750605892702330880
755715921705066496
750115472998215685
751877436883738625
759696068615417860
748765156620939264
752697083442761728
754270163025952768
749687628849614848
750533176674574336
754475292601622528
753937992616673280
751674218950057984
756533549768044545
751079808784740352
750381506938437632
750213847156264960
757585696328515584
749873418686853121
749724054094016520
750414018653872129
752985551255461888
749977237391175681
755800914221527040
752889517120622592
758528510629732352
754874578023780352
748913087130968065
752455802846318592
752296123717398529
753617023553441792
749720661308891136
754723231257489408
749379387091394560
752314892334534656
752277279011659781
749575883770433536
755788403036217344
749782910442414080
752621825713053697
751470951070478336
749006236184555520
752994396820287488
758034197386854400
751760672439070720
749144091708026880
754540916501680128
755807243975655424
758015616989143044
750042028495560704
752342342535815168
753708375410483200
753246905656827904
757728333220057089
751573486846435328
755533199942492160
750305908295696384
751031721231921152
751748249015427072
754543010277302272
750104504574455808
757296862873395200
754945499120009216
750784329673039872
750483030796562433
749330697236590592
751076709798207488
750374218857054208
748718575490330624
751092439092371456
751193480882429952
750710447381315584
751310251308167168
750931373419102208
749241022685798401
753272331556970496
758056995119177728
752506744400674816
756564589697839104
753029084024713216
749590132798459905
755625511557140481
752273496898666496
751446515176972289
751837806134255616
749858431264104448
756520538319777792
751069860319399936
751580430894141440
759127080307159040
758320326258286592
750935417348694016
753200284927664128
758063481014906880
755105492880461825
752473830770212864
752367289165422592
757996435224731649
748759413851205632
751453334217732096
753460250351591424
750947237795069952
749350152419192832
751066780915859456
759843076718276608
753576828430848001
749353205629390848
748855555016433664
750811605533876224
754797389496528896
751096290910535680
749410259220004865
748706312897179648
758953610570936320
756135537006694400
753061252310720513
750615353928081408
755972637306654722
749487287826776064
751433006829547520
752284544905031680
751372262616526849
755147437115924480
750976432562659328
749288371923582976
750389816286740480
750397850144632832
752888947299192832
759101493215649792
758575573228589056
756282816082477056
749131993267384322
752003001934491648
759078819491831808
756983381708144640
751038239843155969
752364898290536448
748725184727650304
751963794453123076
753258361949450240
753452044208447488
751857885152370688
754723639120003072
755860944383795205
751071315021467648
758960356706230273
755787901502271488
752343338137812996
758051196766597120
752318004294062080
755278590040743937
751239435396739072
759055654690574336
754264373884030976
751769829955231745
748875361149222913
752894887113220100
752513237019664386
751762689710587904
757282225922662400
758139067976613888
753277813491458048
749221031194206208
754204837915594752
755805785809162240
759838621083979776
758831726088949760
754410417586266112
758552888792719360
754554554360881152
754643823515488256
755477028820758529
755094546896285697
750506442646429696
759499858835218432
751306034644389888
752590237763768320
753000243013283840
754927837409226753
752241705039069184
752311903024734208
758194231550750721
749142711022788608
752374346082033664
748905260098412545
754660989405048833
749111173161709568
753346382082244608
750500339791659009
753292702007959552
754318975148945408
751075815840944128
751984716413153281
759599626693386240
759076799368273921
752209592583675905
753646956329766912
755547283459014656
752623614000656384
758155094865092608
758246923631329280
749857284294049792
751136610763345921
759088235595247618
752002911102611456
752932605859762176
758113123404505089
757031038774284288
752675065628487680
750958263663939584
749724139896901633
755107578422624256
749627016513748993
757077784220934144
754002133243072513
749979480136019969
752409401802104833
755822437095256065
756986496062750720
751980076795768832
752131309871345666
751182351523196928
757706257566400516
750053388042301441
756552930178830336
756990860609347584
755787717737193472
751311004282290176
758225981706338304
759453857923551232
752362359373561856
750302597727211520
753281804832874496
751765798503456768
758269526505033728
751480304330833920
750386862024515588
759382917575483392
755183750263242753
751784361759010816
759742936070311937
749285724306931712
749291152759746560
751333315970338817
748957098839539713
751081446685769730
748724334751916032
754360333267902464
756983919178768384
749002298794270722
754752292398641152
748716479235829760
752263691274297346
758942659654234112
751182352378802176
750647006884794368
751182347324694528
754812512265052160
749342516550443008
752546546613354496
755105287829331968
759586461570052096
757570670796673024
753663970469216256
752721394434056193
752338536280580096
758967144314908676
751130221235974144
749310596236140544
758080653363671041
758220512480796672
749980668432572416
749375885539696640
749307688308256768
749979295674617856
755853304349863936
753200717976965120
752068807137464320
757868574031523840
752698598769459200
750267621015183360
750718583794053122
753295474036211712
758342238636281857
750211919114633216
753203485152276480
750701758700253184
753791208841818112
751333059421540352
748880413674930176
756155022904135680
752487775996243968
751338761842110465
756732083024822272
759508390171160576
749762603736403968
755110575772831744
753916789877149696
750008290302496768
751771033242181633
758283465292853253
752273632009678849
749307944857198592
751776151412944897
758226762987896832
755824254059503616
751159184276717568
751530800550518784
749039054126133248
753689538250375168
757848400020635649
750286619807100928
751420676288970752
753290700737880064
753281502201327616
753168529009115136
754375289816350720
754945283117584385
752520992791138304
759806450835267584
754525927388786689
749502645719560192
751307475299762176
753279247310020608
758769195106590720
758603664386908160
751299846640992256
749683130085376000
750500995193507840
751054877816713216
755292649159000064
749415216429936640
749368841017384960
759895296746725379
751439908573634560
750209147023400961
749876660204367872
757094745692831744
748755277575430144
752995546063831040
750695074217005056
756524612570214400
758379007129845761
759818223839768577
754454975669866497
753231458446311424
749995463579881472
751078519455625216
749570687937884160
757653530119434240
752274159854641153
751956481067671552
759017919816663040
750865236547305472
753054555936391168
752294284049551360
755805670784532480
749376731769962496
751468847484456960
758653134822670336
757553798738882560
756510330960969728
751202869093789696
759817404683780096
751323631351803904
749747920480632833
750904658516860932
751072156226813952
752959705362763776
751082337048428544
750301263842213888
751070040141758464
750521608557760512
751203564458876928
750900681385533440
749549540290785280
750117889001328640
752181500129316865
759827385227304960
750871426505269248
751074141646774272
749365398529712129
748956127090601986
756576066186141696
756566593807585280
754350243081228288
751029558082727936
751120423853527040
751165273374281728
751077966591979525
751272772370722816
750662500706873344
752984090039689216
750315860670025728
755103709139525634
752424727877214209
758652703635566594
754362144125222917
753036391458758656
751861219301154816
754553239874437120
748888022226264064
753259397514665984
757829123003654144
755795348237479936
750882120894062592
754208018561134592
749065469701791744
754370214519836672
750285678102151168
757812336937701378
752011205313572864
751136534384914432
754204061537300480
751069436849905664
758961901883629569
758694193489387520
754865384948310016
757540200847253504
750436263044345856
758629542596636672
751325723357507584
749989287886741504
751765865549275141
757272073437868033
750953405498044416
757637121037467648
749519451733708801
749501898877722624
751210928788508672
756718206815838208
758759333849169921
757414936385585152
754788162782756864
751424923747356672
752767025001406464
756465958558982145
758143580653301760
753227672357134336
758544871628111872
754327264100167681
752639504259788800
754747213054697472
757405007343915008
749953751583232000
751192399334957056
751434892454551552
759424039420952576
750552062883164160
755704523461632000
752444982523420673
757890396127125504
750227525163515904
751182371597103104
753243187968405506
749200375538913280
749149381534838784
751440247804850178
751689121031131136
757529115452928000
758446859090210816
749299497235156992
753134617704751104
759582504445579264
749455132505636865
755433494071750657
751320000363986944
749875194978635778
758514145948004352
751447095501066240
755787968292335616
752486515662426112
753305688424771585
753602614705606658
751321871212097537
750116510601969664
752995567354118144
759418535902900225
752282738539962368
756986496930963457
758289385003577344
752548323081457665
751189647548485632
750386283877466113
753191016711262208
758056102193799168
756565465661603840
749299130812338176
752326808343834624
751182352529838080
751182349929312256
751083718245310464
752317011066183680
757004014965911552
754230560671825920
757734981347205120
749394745936474112
749979599363203072
752657707778215936
758629204795723776
758048446402195456
749989697527619584
758616243578503168
756016444874317824
754229949712650240
751070366081093632
749748642353778688
757505824193478656
754030057748779008
749131936430424064
755485771352580096
754321994754039808
758273055906869250
751242621914230784
757884192751575040
759459828037259264
753915988828123136
751070428270067712
757226687763476481
750360660136038400
756216966113886209
757776679943233536
749063419219750913
755010508361793536
751553958594904065
753256243314040837
758450438337429504
751478087733354497
759637663263711232
756237106150858753
757884238200987648
751075828675465216
755034219286409216
751091764002336768
752013541926809601
752990333806534656
748753723178881024
749281749469843456
752955433954971648
758144607410466816
752017880749711360
751078299305213952
749582282961199105
751350475971330049
758540217108148225
753862807142207488
751477636350619649
755856430003912704
758699645153398785
751309668715229185
753211730835099648
749937659578114048
751555429713543171
752983921067827200
750823335995383808
752365257885048832
759740541064151040
753350700818661380
750490678589657088
748757798154932224
753288857823555584
750495872090202112
759652361916784640
752994385810362368
753710071809314816
754723259468292097
749407011071143936
755138228504498176
755805022500388865
752003479418179587
751080064473714688
751150062680481792
751376600025931776
750818926024495104
758531518536949760
749299887028797440
756277553065779200
752896588952006656
758538520130523136
753821060873588736
751411834733731840
749304402071187456
751395466881953792
759052233442889728
749705704802357248
750215701776838656
757898689486524416
759402176993169409
751026229147381760
748724445590614017
759592621064986624
754545786201993216
753243385163608064
753891636552212480
748890322860535808
751164125795979264
750243080893181952
752754577682755584
759740249895567360
758774972940742656
750023667753639936
757517321321738245
752942707446865921
755788225734508544
749343062162305024
752429098300018688
754852420241371137
758236050904887296
757083165022363648
749981298345779201
759272942857584641
751396893045952516
755851639186001920
754553751264960512
757100448293740544
759521926100299776
758090594430361600
750715061056970752
753371098750803968
755525183100841984
759445782864994304
749458150915317761
755134354758758405
756477703662997504
752014705703677952
749311539056893952
754736643005878272
751077771821002752
759459130780348416
750483679093268480
750251973077762048
749206824541302784
749163085412306945
753114595087319042
753768828488724480
758277879369269248
759837493797629955
755842308130562048
755545201926549506
755810138771034112
751434302362046464
752472132043628544
755738596003504129
755103835270418432
755817380769566720
749365770489098242
749300940772089857
749039106483642372
750377946326630400
755477134580350977
753726543185141760
752907341402693632
753575332016447488
749907170335002624
754374950408949760
749388498709405696
751891229160247296
751175014439915520
751185564703924224
751097561419689984
752690698936135680
750958617596166144
754199384842174464
750724925820895232
752593378756308992
758845136285503489
753971443499696128
751369727293976577
753099426277756928
751420115120300032
750423383037337600
754398557239644160
755786840414781440
754180615696748544
748761370305310720
749414234396717060
752303532716527616
758452853992067072
749884041181163520
750408737228066816
754215103810170880
750050426867683328
749308567396626434
752065331871506433
750031312526807040
749680309382311936
754610655643234304
754308358555914240
758921209513848832
752762518175641600
754723412770037760
751306324432998400
749640774040649728
751421922781650944
751301452824449024
752681159587430400
757492010030882816
756190445634412544
751464249990545408
755920141116932096
758058612774146049
757583687206653953
752004677059817472
752435028882108416
751126252036251648
751189334217232386
749897187195101184
751071470936289280
758075323703590912
751964330384470016
751085506209906688
753792818603229184
751079671911968768
748796585404870656
755786717299412992
751244887346016257
753985491591106560
755074911568334848
750539495632699396
751339676938694657
757074448247824384
759776877909254144
757900241706348544
750290253425086464
751310655458643968
751138136357376000
749501221371654146
754743294022733825
756107351141261312
751186399911698433
751323491761291264
753000299841908736
751818065084637185
759586449888980992
748829360191250432
750910715435765760
756996981034147840
749649375794597888
749729855420248064
751185610526851076
749569287568945152
749683574735925250
749360615949565956
751071749823922176
748874808843182080
749570692752953345
749265897248940034
748886455414460416
753196340365058048
752992640212226048
754720746413236224
749593801996382216
752189976738160640
748942548517912576
755784244287328257
758986134911193093
749703469947318273
755808951061491712
751076227192991745
754960522999717889
752584312575393792
750390562654523392
749078600654196736
752341282144522240
749472406150995968
758210694554783744
749053080591740928
756549197059330049
756105205196873728
756598831677079560
759850441630887936
749485085456465920
750499626025820160
754892299050418176
752195790622384129
756565703017111553
750967648326942720
749707099387592704
753276257253466112
758651307532034048
755877182648483840
748725973508583425
758652897781489666
759830790393962496
752491856274087936
752767565131354112
751068204076859392
751182357344890880
754013909934338048
750539140614283264
754704049769947136
753571830720372736
759816253183623168
757741407952048128
755800963995295744
758072033297043456
751182351900692480
751075886867345409
759102785061281792
749299743088533504
751074572838039552
753590686813818880
758455576686764032
750432965780463618
755022268917424128
752854030309818368
754227112295342080
751357122298912770
749486676704100352
751453510999347200
756008978245623808
753289543709843457
758604217229701120
754013909925916674
756050434599641088
755426192946331649
752027148307750913
749682705026191360
759148355087847424
751308056802291712
758511532946755584
749362854910910464
752829697893998592
754950535233597440
754735842900533248
749933148742430720
759801611862417409
751921559099543553
752467520834170881
755796489876766720
753457558405382144
759591947078172677
759051830756192257
758294640424423425
749419077970587648
749979946437767169
758048697297018880
756931309847576576
749926719633682432
751591823513190400
754370495555010560
750819307601403904
753458101773279232
751078366384500736
758430934588874752
757911701639528448
749382159258021888
751182353192529920
749285240972070912
753071684156928000
754523473033265152
748805844045750273
754887140719427584
754535175749562369
749342328062676997
752913313634381829
759501233442914304
754532277938302976
754673475076227072
756175774802063361
757750077897240576
758007415245856768
753570953968267265
749652400911286272
756227002965774336
757212221349003265
751836581732950017
757185515930193921
752789453165490176
754281265499607040
757735677970771968
751163420607541248
749684018745118721
752238327085039616
758266351676854272
749574133244125185
752958315991330820
750360912188628992
754202253402124288
749814769603866625
754912979955617793
751318246649896960
751180611646259201
751076136713461760
758282168158281728
758767517364019200
756564761668489216
755363822425214976
757703733526532097
752943213720264704
749653012050636800
758905210555109376
750811943162765313
754771578580238336
750388071540072448
752007213217030145
752974993680662529
752750492371984384
751182363799883778
757632930747338752
752993607892598784
752270526689804289
752859884991897601
759765316213678080
749259170994675712
752444799656005632
748680062887686144
754281282419515392
752658192509775872
752859936338563077
751076674134048768
754633549542727682
751138174882160640
753914774468038657
758661572466249728
750319344933019648
749067424478011392
756504073659092994
750919849350606848
748825855179251712
751346188293668865
750434080592896000
758233267233435648
748829409654738944
753930069169414145
753299518901383168
749821064264421376
753750314923155457
751769150721257473
751081958604767233
749541958167715840
751241633467740166
754369244599640064
751198204331524096
752805455592816640
749515766588841984
751079131295670273
752265014816411649
750497402524688384
751717740776394752
754303998652395522
758069612139380738
749884142708490240
751076406206066688
753302048716849152
752401038532022272
749660631763128320
752978655920418821
756504351456256001
759018819675238400
752662533262028800
751081356977840129
758352257708650499
749043264607563777
748676407430176768
749728278924132352
755326761521582080
749979910374957056
758440676673589248
751435004538941441
753917721159561216
757802721755881472
754910461489975297
756459384662855680
752444869486997504
749057403958599680
751070375363174400
751070657723691008
755794798284533764
752505265262583809
749281225102221316
749939794822569984
752194076620025856
750394720879280128
754293422735912960
751346908153741312
758272537314795520
753194061134192640
751419157896364032
759096867565121536
748895694799331328
749730830185029633
755377271041429504
749354991140237312
754373739903590400
751076988908175360
758740412496392192
750261002227228672
754545409389948929
750536196519030785
750571887789535232
756159432355041280
752828846739562497
758078353173651456
757843999474323456
750485676915777536
752686721012146176
759808523542925312
749361185821040641
758022055627403264
757883419720310784
749940554285215744
752270765773430784
749748103104831488
758650947602116608
748723447115632642
758784732326944768
749386670512803840
755335614204026880
752036973808787456
748802613383077888
751404236034994176
754673685135581185
753499535255539712
749146789576454145
753282011536564225
750359290888740864
758726384885858304
754381162441805825
750309748877123585
753738155635908613
751686843645751296
759461460162580480
751070016339058695
751447595176845314
752488200497692672
759102538603958272
758048341506744321
759843852849074177
754696937698316288
758975720823545857
754283882061660160
759785069397417986
757251546849632256
757740044304080898
751757791161974784
752698036929695747
749849836141309952
753062058640506882
752006624726835200
749855888425517056
750512559908872193
757951272146333696
749536393064513537
750943407921659904
750409719366418433
757432102270873600
751077091454562305
751076644404629504
749081248333692928
752819177904345088
750334946120728577
748729143492087808
749037425498820608
757930152349294592
752364395389341701
752037741676752897
749277955147243521
751081516948598784
751789635899105280
754560582012076032
750735731618942976
754855123419926528
751602121984716800
749343543831867392
752234626811396096
751314448888061953
750967167135383552
753496186489704449
749916138989981696
753281429862223872
754358348380770304
751929200865574921
751170927421902848
751551648770777088
752466462837764135
749135774747013120
751085965977026560
758941428298899456
753589277246812160
755699030391488512
754394805967261696
748667632241369089
751972060381929473
752861972698390528
751465555320799232
752577263204433920
752981745910353921
754638972836573184
749443083146711040
757915226352283648
751551749840744448
751185430226178048
756419847559516160
755593922475270145
755787858670039042
751831574706999296
752078563566727168
752465798069940224
759165972095696896
752270830164385796
755121163773378560
755835777192300544
754640240552402944
758946763868819456
749588290525814784
759598743683371008
758256293090095105
751778998884139008
751075646130970624
750216646585880576
755787153137930240
757567844561268737
759504840506609664
750953105383096320
758214510482223104
752049366547005440
758271394299912192
752275870945914880
756566291662594048
750393127295414272
749571386016993280
753781308883468288
754988984938266624
751901654820196354
753550883829538816
759078129759612932
751238993367343105
752771238595100672
755010508365914112
752191534913781760
749273842523119618
759818048522031104
751141145250500608
752381136983117824
751075653949149184
752763485637992448
751762722946244608
755107880710340608
751527119847583744
753590195203743744
759633365012189184
758685733552951296
751762741564760064
754705281054044160
750882506488967170
749552577780576256
759096190176600065
755396602278338560
751186586079932417
755211144445431808
752187896162054144
754689358477733889
755231359199612928
754014160795512832
758678795511590912
749683534776954880
757846371328065536
751076009680596992
752212950577012736
751071102894563328
748978289197199360
754368586592952320
754664256184971264
753137363442860032
755795446824566784
749123137543950336
751176448447131650
751442369166340096
753295756287700993
758305195159724033
749474775572111362
749593115766452224
749113664678998016
757315732506021888
753486657442095104
751136518110973952
750676825823600640
758842153128726528
751981313037471744
751307410611040256
751305121619935232
755051858276646912
752955065984491520
751079542266159108
751077880768163840
759184965624102912
750540877932658692
750706237961035776
756988655520985089
751070397953667072
750366347805200385
754810558986149888
753771612139196417
757940829625454593
759167127165210624
749724653103570948
759494345338654720
750610877397635072
749304807056240640
752835006360346624
751883339322187777
752170426613190656
754723535294267392
758156025119830017
753577866391093248
752918352188809217
754760061126402048
748757732862210048
758289704177569792
751241254675947522
749462187664605184
755477502663860224
752826488366493696
757008383312400384
752377541097320448
751776159545774080
758377694010626048
750191921230938112
756249849415274496
758647353922519040
753201252792664064
751182353242828801
752273202894639104
755801040750977024
751076871618568192
753318099860934656
752390793801990145
751741964870090753
752897918810595329
752131030497234946
749738303168081920
749261354066935808
754053869013839872
749072383370141696
754469192959688704
749982478207688704
756786914892648448
752184388583038978
754699851451994112
754235293130194944
749502702728650752
751185417135730689
759861299333308416
751306861215907840
748870777622130688
755941487670599680
756844147403661316
758554324146458624
748896314608541696
755949522736467968
753735617427767296
754723095018147840
753597011413180418
757950972006109184
751081854254477312
759652618960527360
753678848349306880
755372196277653504
753334170919768065
751105587119853573
749300276700393472
751859737902276610
754851016491675649
753285551088861184
754385292719628289
750432292196188160
748825855208611840
751144008680955905
753281425802137602
751856182768365568
752737644925247488
752465904139730944
749749878729871361
759697311211593728
751441483501215744
755011459587960833
756607312433967104
755798878587346944
749570739519520768
751182349526720513
752278306892943360
751482916161466368
753110194473857026
748909803121115136
749980138062901248
755967554259079170
759728688657076224
751075733758410752
749987889795231744
752463708266307584
752913000294707200
759820464482947072
748878582185861120
749453700066750466
752271246016950272
751388091948998657
755489159423234048
754859155710615552
754200357694238720
754302972343914496
751969101346725888
754956700155871232
758061028613685248
751439030210981888
752271903243460608
753457623257735169
759516577498746880
758754009104646144
751244357479624705
753328886721634305
752535594765524992
755170656313024512
755011088182308864
756271140855771136
750509091647131648
753626794398539776
749881352569253888
753555662647529472
751095040731217924
753837021987082241
751330937246453760
750482047303426048
751182366576553985
751071368196788224
754463844727001090
756583031180300288
749290814136803328
750605245600845825
752177503620460544
753394308078637060
751182350503911424
758187546987728896
755799488581672960
758187549298794496
758092617145999360
759846879907557377
751199999082450944
752277496918265857
754878274728255488
759252269716176897
752993100965052417
751166507275591680
748996734425047041
754779755795406848
751138747048075265
751079561580802049
749415965561982977
748753331732918272
750458021390667776
757841416902934528
758052026945249281
752179559496318976
757924042527637504
749041246732029953
754866532510040064
752063584801349632
755051631616651264
749038376678940672
759367536488148992
753352775753273345
753291041604861952
751476682641567744
752397104652357632
758150337807151104
754185262515691520
753981321710542849
749682585002008576
754966510498484224
751080264110055424
758815526923579393
756010201707220992
750933249954869248
751170858031280129
754364899363434496
753715284054335490
754852393423101952
755170084985856000
754203563350433792
757887374928015364
749986359847358464
751182365586710529
755477115353567232
750736966765903872
749261929743413248
754565142742904832
752425138340126720
756104203483881472
751149950285799424
756170536686874624
749959602008166400
754662439476658178
753289343188471808
752365812963381248
752470818634993664
758447960539693056
749738871957491713
752271062537236480
753319640223186944
758263161283813376
758653638562557953
755056807345811456
752003216556978176
754368738447663104
749727409067274240
752137756067913728
751069460660912128
752551880291745792
759830424793276416
755819342139363328
749607533875228673
753285543950032896
755341164111392769
752447362807791616
751073333869940736
748849914260709376
751390413945176065
755543602005016576
750878280396320768
751182348402634753
749953560784306176
749563013145976832
759695694407970818
759376637536329728
752982318382473216
751076097983381504
759398459971547136
751079037938860033
756567197389029380
754293450695139328
753756738252255232
752582638662287360
752539754097418240
753907923152203776
752270480871137282
754271096757772289
751874126147616768
757567833152815104
751275530855419904
751089003236040704
751039048144281600
749454144855945218
754545288648527873
751075586295140356
751348721888223232
751086607797673984
751102274999640069
758238348200800256
751075630410850310
751430190027444225
752615783440617472
753053408513449984
751057518382551040
748753446992420864
757734861952081921
755792401839644672
751350551179386880
756532812774313984
752178559091748864
751299507204263936
750724949174784000
751367162409914370
756642280279343104
759811698458890240
749995563584749568
753317604392067072
750085402497650688
751409727205154818
753286128669757440
751185843939741696
750678169301028864
758204931018854400
758410007511719936
753816822542020608
756358896554508288
758451977093120000
749569168572284928
751464665981526018
758269526505091072
750606382370402304
750568287931658240
754666650885062656
751072675959889921
751273107067801603
751451595414450176
751392734057869313
750680199440822272
752003758872141824
751323771072503809
752541197260955649
749989981972824064
759125774620172288
751768561308229632
749475439211610113
753332545496883202
751778951228452864
752423445565206529
752452990460657664
751057374908076036
754757925453832192
756379726617260032
754859296823783424
749318219555483648
751182351179190272
756735645234540544
751077797720915968
756103173035663360
751098366927536128
751195703016296448
755848947290124289
756416663835201536
752059094094143488
752662011536875520
751068110506061824
751075582608191490
758451529976279041
751126877029425153
749779494026637313
752664880218451970
757294666098282496
758635995646529536
751254433070284800
756567319921307648
753275092956749824
753592966372098048
757738587756519425
757294070775607296
752685634871930880
752046649485168642
750582559386505217
752270014548480000
752443030817255424
749574797743431680
751918861142880256
753348902754119684
753371252488802304
749357409567662080
754291945648697344
749278750496415745
757102608821530624
750507942189891584
753311764603731968
756433190382952448
759765978192437248
758232164064428032
749204417669279744
758258283052355584
752178884095963136
759836392096567296
751076770095337472
757749763429326849
751039015684411393
759775959633367040
756171933843062784
751766148379648000
751123750591029248
751396451658321920
755407771261030400
749272337543884801
750766392018862080
751103437778014208
749514599196725248
754437740771454976
752451133239488512
754309485586296833
752882766849728512
752965760801267712
752585245191385088
749178733139861504
749890745847336961
750515050037645312
755086188608978945
748885925875314689
749721389918220288
758565364544385024
751252839234572288
749095432496685056
751792790464520196
750602622403502080
755594373803290624
752234031878660096
752996664038846464
754201362947149824
754330021116862464
754851070933868545
751182346594902018
751182349006544896
751148438159491072
752754915668262912
751100404285386753
749368598682972160
758685585368309760
754535718785912832
750466538126381056
752270589121818624
751019407422394370
751150434249617408
757740004730925056
751144806143827968
751075855179378688
751964402153205760
751303720395108352
755298026923712512
757624187334918148
754210458765099008
752503215430569985
749042645389815809
751079395633209344
757487612714156033
751080740968886272
751776200263999488
755793812971216896
758191511012012034
757286986482905088
757881426444488705
751761280025985024
758292958873587713
752198096625471488
752767348776534016
751240923640582144
754845015755620352
756191817066917888
751485710998220800
750529168245264384
751182351984529409
754550851327385600
755813405727031296
753093111610572800
754709238920966144
756063511265026049
757273583991349248
754508219666436097
754280299094237184
755904361469911041
751930148375523328
754792397519908864
753530116337172480
751420264794222592
749760861049278464
749357534394351616
749569732567830528
758724433909538816
749935965884522496
759820061808795649
754345898281308160
755141664654499840
757002522364145664
751546408159752192
751441479093121025
752686752020598784
751242747864969217
754715241657823232
759075427310796804
749702402421493760
750900943303081984
749610862806261760
758691150182178820
751307020456820736
754368144425127936
751400627805286401
750009672011247616
756997056015675392
750396246293110784
751070401447469057
751077810656116740
749592126845956096
759832734894141440
749170730844033024
750493311937368064
751072189668003840
756132887745794054
751442194796515328
750221951847768064
751172142180474881
749976837669859328
751077944525742080
750866287107055616
751182351271497728
749955760361185280
751484023801864192
750656790015119360
759836712877060096
749265334784237568
756193387036893185
754294279330070528
751079537954271232
749514655203102720
751081670183452672
749989681681534976
753070460451946496
751806629767700480
751733009389355008
751484214038507521
754702491544088577
759856915660742656
758821613974327297
759063200105058304
749983178912309249
750216164547198976
749499936245288964
759699484003753984
751155706351550464
754845109087244288
754879555257511942
750395608536608768
752700375988211712
758072063219249153
749987450374598656
759096646395310080
753288182024790016
750455373518233601
751076474094915584
749350517281853440
754253401228095489
752366513399566336
749634380289671168
755747784393945089
749315577211072512
750473609987096576
754826351186735104
755321121595985920
759673144546242560
752954517440782336
754225420439019520
759763952603570176
759793779435941890
756221060148760576
751415406141800448
756710438574972929
758090738118692864
754611128035078144
748802933299421184
752436005635026945
756532691609214976
749979508623577088
759574454812880896
753563288018030592
749313644954021888
751020498104881152
751071307232600064
748903059569254400
757823398680469504
757740482118254592
748718312570302464
750485987348840448
758572448270917632
754897842032877568
750321026463109120
751069942129238017
752342192589459457
753723224525975552
752158712924631040
749304835426557953
751069851477835776
750799357817921536
749985757050339329
758695561335746561
754394572537593856
758049612397555712
751438500591960064
755788034147180544
753229154791723011
751342652172402688
751144489499045888
752320337942048768
751308023960920064
751070451842113537
751078731654070277
750064157408563200
749601627644973056
750482626981527552
749466170298818560
749356916833419264
751185082602303488
751240923250429953
753876299060510721
754471630387220480
752774484487208960
751085492532187136
757064962560757760
751512115354087425
751070077911441408
751114727506542592
749875190822162432
750482123413286912
751450887176851456
753708009574965248
751711854272114688
749341670257397761
754361947219488770
758257231238426628
757266622763638784
751069308449648641
750484880287498240
749506591137882112
752181532190793732
753583882067378176
757512246972915712
757705133916643332
752584712435163136
751182353968443392
755822142315528193
754723353496170496
749162071921614848
750913018138013698
757049428867821568
754535624242114560
750834037627826176
758663616417697792
753656855986049024
752946760016916480
754705709741191168
756524126127394816
757859244188114944
752351945554296832
750391714444025856
749285215248396289
752956916607905792
754280172484976640
750482044946382848
757001464153673728
757522862630592513
756663792059023360
751248221704318976
753030875957329921
751465964907204608
751085480909893632
754199660592500736
754670356808466433
755840556673011712
758328190117044226
751182347110739969
748735483564273664
754352133965803524
758237580861272064
752980067916152832
748812979903270912
748844768831078400
750889788975218689
752556639077761024
759815104107909120
751802897655033857
749820176908980224
758678351250948100
756899650620256256
749324681069469697
750710600536326144
749065122719477761
758055585333940226
751442054580957185
749926915713036288
750396991964909570
749380946768658432
754543080989159424
754760895079776259
753486701670969345
756035928863477761
748758197448503297
751259920696119297
753302405542977536
751075918001664002
758305454619500544
749576609703788544
754850214155026432
752343318407688192
748702714452856833
756103954958868480
752178949560602624
750985010535096320
751444815535968258
755787327264391168
750501295400759296
749365637646946304
751762395345870848
757147141496115201
749330675803693056
751070431814250496
749499932776624128
748920066901696514
755535133461970945
750522113283411968
749190165902479361
758446768124268544
751069951272820736
758288304903188483
759798381002625025
755363709896327168
749958446569709569
759255046769041408
752368175816159232
748758815521120261
756986642926227456
754555484259160068
751076305790242816
749570336186851328
749310824842424320
758115064050221056
753555457214742528
752293085271429120
749435050681364480
749078063405686784
753212715695505408
749604247126286337
757965253737086976
751072936652578816
752181753402372097
750974398656614400
748729704710959104
751240219811250176
754309569388707840
748900605163372544
750215622991155200
749250213194326016
755554981797728256
756419205570949120
750890340274626560
751249678365143042
751070239123701761
751768171334492160
756994970926608384
755089470765015041
757844168299339777
756118684389613568
753485822968627200
755324730811551744
753050082392600576
752298001461227520
752684254610415617
755045245524606980
751641315654397952
751072276422987776
755794118895407104
757741011850432512
751110771581550592
750259658695274496
753452894465036288
751453482645917698
753297349464690688
758985542834937856
758214927597264896
755820222347489281
759409138749157376
750520697475067904
759558213318639616
758349223666388992
750564615537487872
751557240314798080
751485655851667456
748764131386208256
750507947600384000
752481125969195008
752621133095055360
752485908503560192
758479256955392001
749398397556187136
751187215204704256
751257810306895873
750944412067307520
750203079946100736
751079029369925632
755832416833449985
752868384404938752
751438190939037697
751078171974332416
749128030581297152
755885656312782848
754354987195625474
752110443523559424
750544408475557889
748862616420757504
750085871420993536
754949467590299648
754745634431852544
750536902885900292
750958878096027648
752498264277184512
752280659532582912
755432937743450112
759542657592889345
750830454660435968
757434757185609728
751048408400408578
754571736213966850
752178402355011585
754201088136470528
748732126246236160
752672590381154304
759420118803677185
749369633057234944
750352035690614789
759819953901973505
751160435215335425
759693436010262528
751520157261070336
752938969978077184
759474622291030017
758095994659614720
751071402330034177
750714899433549824
756336341667971072
752067022557683712
758911640553201665
755609490020589568
754368710790393856
752954769426247680
750054807327633408
752272131593994240
759783016868687874
755912756193296384
755090737579040769
754670690029142016
751164120939032576
752397330398060545
749976714755776512
751779072942931968
752270091136344064
758701898748669953
751758211317837824
751075538647658497
749268144473010177
750411707772760064
759386862871990274
752573273423155201
759535705139712000
759633572810678272
755897537194696704
754203507436032000
755800672726032384
752984827528224769
758559700266942464
751240672359874560
752367926510915584
751078125962928128
750567864852176896
751077836417409024
758697129883729921
757530959537250304
749674814965710849
758346477278232576
753288280364421121
757393408394530816
752311568256217090
751116431765409792
750708914845544448
750727338418114560
757779364595523584
752451471518629889
754793953031958528
750920676886929409
750369194894585856
758711517730582529
752912464644231169
749247307946729472
750791114144174080
758292185934622721
750484694702055424
752677628125949952
752517527574642689
755489599649042432
752191520053178368
757637838569627648
750658655020724225
751438777051148288
758355959743811584
749389151129051136
751793949153648640
749361688823099393
754319364711673856
751076751892107264
751140398173675520
752342889938710533
757265927851372544
756187338825404416
751376410690875392
757560035702484993
754539863295205376
757221231796056065
754344499279564800
756203531598782464
754550636415442944
749258882367840256
756492224968400896
749200532527468544
749365955055222784
749303314370555904
751843105062678528
751761924891828224
756471401717043200
755038295189487617
751768605012946944
758987359689900032
755706934125289472
749265625395109888
759781101845876736
758451799208628224
759845108992778245
754535530453307392
758120862893486080
757320362023645185
752827655385407488
754133041056931840
752763234231394308
759763951412359168
752456654919270400
752379109041397761
754329853621440512
756328483068923904
752690706326708224
754780577283334144
751459423130791936
750739297981067264
754551376227799041
751073380636495873
752367573161742336
753381817353240576
749277259341660160
758911912075677696
751182351611285504
754701809671872513
751187194589507584
753997820840013824
756172498157338624
749296911979409408
749286377267662848
753491732852051968
752993020983861248
750332005590663168
751182364793970689
749442572049870848
749989222833004545
751078940370997249
754567279266758656
754788306634674176
749343991552958464
749217110514135040
756538929910837248
751424807690969088
751182359408496640
754913163896770560
751075516694859777
753240826516344832
753265899738570752
750434805179748352
750391280090411009
755040476474990592
754306996959051776
758067238305992705
756457346176614400
755946816395354113
750184314768232448
749796406848659457
751182366488408064
754725874281357312
748709652024610816
753273112171601920
759830510956843008
751090108569423872
759814864135032832
750378187180412928
753539679203450880
757999378753736705
750216762017230848
749989711775670272
751069759043665920
752270142646652928
750452502605078529
751135898041851904
754792378465124352
751186124345790465
752178907265191937
750079967082389506
754098129167790080
758491822335270912
750272790775947264
751186436204875776
758308723492257792
749280102756732928
750668680099422208
748780035931201536
759664272389632000
757284498275000320
750080476174491649
758777387408654336
754878305157812225
756234417417236480
750897663898443776
758652353218215936
754006726492327936
754202391780524033
752249848339070976
759235885154045952
753265890238627841
751068854197956608
750507849277542400
751257402016538624
751303139823915008
748832642154524673
754903715417432064
759724246163566592
759235882641678336
749189955549798400
755537918953975809
757571779653201920
756984297161125889
751771845465112576
749077900641480704
758151998680158208
752895956476170240
750503259169632258
749972775377498112
754308797905014789
752751671164493824
754225495558987776
751075911534018560
751448958791278592
750959227066343424
753665529898991616
756170741477801984
752904975211167744
749039161831632896
754347794110947328
756480198195814400
751027457260556290
759188184873906176
752166982494121984
751182355927183360
751075965263118336
753325440060821504
752398880503980032
751784403811045376
754899955983216640
749555168652517376
750752425041068032
759405041513926656
754597008304803841
752714184912056322
754298294440906752
748928109978595328
755786192314970112
755086772732919808
758630178251796481
749939707140767744
752537386723278848
757743201688125445
755099946370473984
751988396822630400
758836568668839940
751417495634997249
749363509331308544
758523032306487296
753698251933560832
748704554078711809
750483393662423041
750323681184849920
754739108300394499
749789908420530176
751470687252918272
749926104576757760
759125336386744320
749724304946847744
751076307815936000
752984753775775744
752259612879958016
751966310498766850
748901745586081792
749316985662476288
758056448211451909
753561705494503424
757885759395332096
752271017339457536
754657915491999744
752943259052306432
750601026714165248
758314990361280514
750987540723884032
752271442377641984
751272222568787968
751032106957017092
751085673772441601
753912511309709312
751182354287251456
752278243210919936
750486979549106177
758368280402952192
749920833783500801
751107840723521536
752361774997966848
749290315492761600
749404822206545920
754330332124573696
755800947280912388
754544609280208896
749732053617414145
758621399531544576
751763472103403520
751114565304197120
757297367116808192
754369278929870848
752447306411216898
757551537874960384
754514859367206912
748916063321088000
758821423515217921
755455679092121600
749365891192676352
752325446294003712
752148716115660800
751427655640158208
758633076364709892
748857347938877440
755075010243461120
757295273148289024
750272045527752704
749979177412128769
749009478700265472
749983757856284672
749813941304430593
750482370306928640
748784388196868096
752309445267431424
750494137716060160
757310817079533568
749925098631663616
748857864987475969
749268834788511744
754566030719082496
754261599678898176
758468383495032832
749988253755969538
756483830765146112
752512624017887233
752428509134458881
752775026693341184
754786609812402177
750578013016825856
754643891295576064
753010729033269248
751822481216921600
757928316330532864
757734858139533312
749057448275644416
758760066384363520
749682521227587584
750590127412539392
759556789151105024
751182347974750209
751190909597941760
757940213670932480
752011008370089984
750955391551438848
751148555486765057
753921113613295616
752369220373983232
748773271026315266
751901484875386880
751070142252154880
758416711167143937
754204658835468288
758451769676619776
751108834953797632
749867288707342336
757909193567461376
757495817011884032
749056647704653824
753475824750243840
751079567025070080
757567007491559424
758808038325092352
754741277963522048
753580894548533248
749582459302477825
751486925651968000
753221075044077568
751081268037681153
752844311146835968
756074962570665984
749657384998477824
755798603499569152
754850879681859584
748779346282704896
758338915199623168
751297755193151488
759496008686501892
755111953706672128
749022334976159744
756320405657354241
750670956050481152
750911994690023425
750398797319118849
756749872817139713
749497700526264320
751071294410592257
749612216098365440
749236334988963840
759826100709011456
752885375501275136
751079661422145537
758947584731860992
749959401725915136
751132103442632704
749399061992706048
758215822858866688
750695197919547392
751076504356810752
751449243538300928
748919860932014080
753340854324998144
751071296696492033
755370792574038018
751186488373620737
751038779767554050
752585091906465792
758388215267135489
751170412835315712
749369602488954880
752897824438706176
758256090169704448
749334348847996929
751222745166286849
754950939090489344
750702645661298688
751339050133577728
751518391052238848
753915594836172800
751442015729115136
754739396084203520
750494662746484736
759736648531714050
756328806844026880
748858078821359616
751226953844137985
756154908190138368
752483472200048640
756441700864815104
753000277180026881
757049310051729408
758259410837901313
752542241101582336
757924273268875264
754946917172387841
751991989940342785
753368606868705280
751619834992091136
759784262686023680
758090793965854721
755048736993062912
751426934282780672
752042449501958144
750453001253519365
751075799487295489
751321559416078336
752591846019362816
752861134873620480
751520991688491011
754999224408936448
755796825332940801
758060902247718912
758294995275132928
753066536680591360
751135950965579776
749287539631087620
748722855567777792
757575673997320192
751229235193274369
757295609032368128
749356050617217025
754946488258600960
752826133054418948
751071460672831488
759778016419381248
757624851502891008
752032532397379585
750401641312948224
756588897451192320
754203683345215489
751494448287256580
750286854893686784
751310849395023873
749319901500715008
751775651452055552
758406168813461505
757841788975456257
751124865248264192
750191380132089856
749411564675932160
750223126567452672
749682447206473728
750302133740646400
748774828081942529
759862961842163712
754231904589578240
750889667826847744
753533426507116545
759426988679454720
756538206573690880
751092842223771648
756153683729973248
754926182362120193
758362917083484160
758064778560565248
754725467429613568
751268320138059777
757055102989369345
758266686613192708
753730800080879616
751436054633320448
755546510620631041
755555619805863936
750971105985327105
753216008542887937
758266742825246720
751182357009346560
751438865282527232
756170341366444032
751272323416662016
754689807381434368
759502115433619456
751339960016392193
751092998977515520
749304791382106112
749303876902219777
751433917278875648
750501005800841216
758803916205154304
751301978706313217
751126305303736320
749665510573350912
751116722204184576
754266332254777344
752730603280183300
749367830882111488
756334159061217280
751766199118233601
756825146212614144
757192560771264512
752187588937654272
752269939189305344
752979454671159296
757315203616899072
750659942571315200
749454683232542720
749257580346740736
757740138445336577
751945680575279104
759798787573362688
758216457490661376
759761438109904896
752475615219949568
755058240501743616
752287473829416960
752792443343478784
753269170905710592
755542037269581825
755003816827875328
753217153659236352
759494442449408000
754854753482469376
749370945089966080
754922381731176448
749879734897631232
750049504544555008
752656359116582912
752368381064417281
751463675454685184
752269874370580480
751579239779041280
753868344990769152
756051130002444289
754472095502000128
750973451263942656
751076480944340993
750845057247350784
752503451477798913
752003177004752896
751909364437397504
749263994913902592
754878892075126784
750549390432071680
759763949856231426
753522637767372801
757292649791586308
749245156612722688
751996072545886208
751075766956335104
749038994004930560
749327252685479937
752501963116388352
759426004867620864
759720499312230400
750483238703943680
749730011356262400
752749157522087936
754618898780196865
751448976876900352
750289109239754752
750105732649975808
751533619521286145
749474784422002688
752369061967912960
749382116513812481
751137468162772993
759815755655360512
753220897918574592
751080754059284480
750753916292214784
751505648651689984
752759074815512577
755830018324979713
749776875245809664
749161936550453248
759816508524470272
752600038648545280
759200641801740290
752091556384010240
758368442978304000
752270895624941568
759384337376616448
752178110330642432
756555745630494720
758731848591683584
751187739207356416
754709370114572288
754506164549799936
752434678125199360
751495369780060160
753642002340864000
751307051335315456
749683531903856640
758192986865995776
751061995034554368
759765987067518976
751417070185832448
750485757270253568
751206593593765892
749320946645864450
756051269081497601
749987130278117376
750492792590217216
751314167018168321
749287565652529154
749142055733981185
754212334160281600
750620015867621376
752026509469114368
759816579982893056
754733758171852800
758148392031707137
756018074487255040
752007209211404288
754951748322729984
752180414396174336
751889172328218624
751425601513271297
755000976914976768
755173235260522496
750084837881606150
751483730091450373
751083362513747969
751192278618693632
758888672716476416
758010759653851136
752179311461924864
753280285496795139
754296425421348865
753330430275878912
757020036267581440
751896571789266944
752422852125683712
748857624872022016
759785316781744132
754709139004141568
749248648110747649
754682725366312960
754141003699720194
751072504899309568
751122800375635973
757557131008618496
750725203941003268
755057048493158400
751194436747472896
751464271599505408
753422126565232640
753289145552961536
748750212433260545
748799075034669056
749371647472177152
753032136098189312
756865632650555392
756461533912195072
751366880888233985
755434503074611200
758727065487245312
750461313386553345
749531921709871104
749992971458580480
754640381652922368
758291120413630464
749433953220788225
753053844272058368
757715609647996928
751122828112515072
759127996795981824
757534011627491331
751762627718574080
754354255557824512
748906357726806016
752704215336620032
755392597129043968
751444682908000256
752864615751704576
758187732132884480
759380771106852865
757254608125173760
752584674350862337
751075602724032513
749937697465069570
759593177850449920
752473532731383808
751416167215095808
751087372188717056
750427255403196417
751072224187219969
754648506967654400
751206847202418692
755786920689631232
752367490441760768
754294407491362816
752903748545048576
759024715201667072
753402496782045184
756566631443075072
758191956774285312
751182364361957376
758653766602219520
757736335897747456
758393298927034368
751107874173095936
754606917964730368
751316416914087938
750672848453111808
752342728550158336
749367834132623360
755802163767570432
755809039603208192
751239355574939649
751057506445631488
749478048655781889
756306200644378624
751085902038958080
757062780973383680
752854584234696705
749183055332413440
752390178317209600
751198563808387072
758702404963594240
749283203433639936
754710726976139264
752486023406444544
751136943493287936
757884666208743424
751224475346231296
751093473428865024
751163529013657600
759576074200223744
749123258415480832
753185147986468864
759069609903296512
759776758208094208
751075702183649280
759816896715722752
751117550373789697
750064096226189312
748913901404905474
755011290289102848
751069901289381889
753281749996621825
755210334869286913
751301286230798336
748825855204454400
756506393298014209
750543352739790848
750449891353169924
751403027303718912
749682204628938752
751182348536852480
753364099694723073
749363914618441728
750906921176043520
756258935393443840
751134690749272064
753527598492348416
755711205549940736
756312038113017857
749787876678897664
749309327769530372
756682660605460480
752011041161121792
750526895964295168
751494076583796736
756172402699055104
750831172356345856
751513743524241409
749257604812210176
749011847748005888
752352970981924864
751069024281387008
750252147267088384
758331506473435136
754781024865939457
757940129696739328
752178118643908608
750474701005135872
753919562291249152
752651869562900480
759092200806359040
755426882527649793
751411367974932480
751482666550173696
751194356170706944
758301055394414592
749083943408799746
749918034064728065
759080222050443264
759853525526601728
751255062933041152
750272792969478144
754656666109566976
758238233834643457
749628189224370177
754593255581515776
751963851432812544
753997537695137792
749851581957496834
748857161082605569
754551530762727424
751766417230397441
755965963724468224
750488783900905472
754342612929224704
758820735636819968
749186309319757824
752328173212295168
752945699470372865
752252081977851904
751182338785107968
750319348062060544
749059703473205248
758041647318007808
749305593651924992
758902496580349955
752249417546264578
750573437542862848
752274601686671360
751760507569188864
759382323754336256
753757878289207297
753300010004021248
757627677444608000
754290574346350593
754498711963570176
753502102861864960
754703957524680704
749409951282556928
751076457309409280
758215540733272064
752213689202315264
758200480929550336
755796637579108352
750458021247979525
754271436747997185
751216119369768961
754856582060634113
749007361642209280
749363268297383936
749542079164878848
751143166489792513
749376502895083520
751851514776477696
754209518439981056
756158461600149505
751323793272901632
750972703553847296
751084979854061569
756097755618086912
751180310323208192
750013773839101952
755056999671422976
754451853249810432
756262736322068482
757673894912331776
753637261195948032
752711787490009088
751792903211528192
751305125247975424
748783205482848256
758777496087265281
756874978608447488
748877929048903680
750604911482703872
756471631703339008
751250424561143808
758855428461604864
757584642933346305
749940340065390592
749443096757301249
759861031329931265
752248613275725824
750919737262141440
754675865703686144
751078543430410241
753300195396325376
755950733057331200
752290067222114304
755535001089822720
749953905807626240
759793778978877440
752815058728718336
756160996876488705
758630450265030656
752657134605594624
754194150988189696
758634074059616256
750525032779091968
752281593499176960
751444676494974976
753586684395216900
749569599906181120
752007499453128706
755964291073863680
750373498262925313
752826246522961920
758858234220257280
749572555623759873
749922440332079104
750556261897371648
749371114803961857
757569541773922304
755736149973426176
749714893868191744
752986851456278528
754748644369195009
748905030183444480
751505258686386176
757048204558864385
751821988759502848
759109079520292864
755006458278928384
749970957977194496
756984386457829376
757252359223476224
751079157933547520
752548822128009216
752259704819052544
752992279753789440
752317839839596544
751097771214635012
758438074443378689
755792850923773952
750185434106310656
753529124816289793
751182364059930624
751478444056272896
750160536931753984
751503273081921538
758278558238343169
749980863903830018
752783225206996992
750463249385086976
754345362329141248
752574889513607168
753569091709902848
751411245882806273
750541342921617412
752233365466648577
752490726936702976
755795288841945088
751080051324616704
751721018054631424
748680199991066626
754943558302457856
751268476841398272
751075751349346304
749301183060160513
748901496964669440
751692467368497152
750332975162753024
753709195690737665
751170099952885760
749660680744083456
751096702015148032
751075653848629248
751755723227467776
753708308188372992
754315327853518848
752398402961469440
754988182245081088
758240123393708032
758213129864089600
753008518127620096
752368881608617985
753146875407167488
753514558480850944
754765244753383424
748686819089223680
756322997158473728
751007317051764736
751182373228679168
749330967802875904
753001288078659584
751702266013421568
752365546260221952
758237575823761408
752423574057648128
752216590465183745
757740034271260672
759103347903205376
755787957672382464
754783794146729984
755957255334395904
751081338850205696
756504711650344960
749385073607139328
752270366811287554
749888954132865025
752895342262165504
752272991199830016
757575511119761409
756589231347302404
753505131489030145
752367031383568386
750485977735438336
754432051584049152
755853303360081920
750395135490273280
749941047392862208
750673087646007297
751767288957792256
751076004240584704
755822101248999425
749355839580807168
758393308917985280
750217703885987840
759003850325897216
749796678241165312
749976559159828480
758717727032741889
755419319501291520
755784342882975744
749727092657577984
749221591939096576
749185943307825152
750723217514459136
750074702379483136
749730484381290497
749300470892691456
755664340729102336
752952482469380098
750554626848657410
750482226794684417
752950681158479872
749681821638680576
755913270159036416
755823605594796033
756952728132325376
749334790034321409
753698322808967168
757465806993326080
758666035075616768
751223242484879360
759515421699518464
752271932192485376
752223688552951808
757575302063263744
756272988475957253
751270432423026698
754414520227893248
751261780513550336
750292299448328193
755141450581573632
755787842031276032
749192191587807232
759235881979015168
753665396964589568
757917325769248768
753656978921103360
752646306057760768
751234364135047172
753128777778094080
759390996878667777
751069315865206784
756565822538219520
750354336236974081
751148023158276097
753327909381804033
750234484113608704
751057536011235328
758448502435409921
758307275148787713
753427630771146753
749379833679917056
748703061338497024
751019886516723712
749571022983139328
750858838908166145
758912037892128772
751303707501801472
750458223698653184
757885533548937216
750029774811123712
755801340018733056
749393906308091904
751097136398405632
749464658440916992
759507651604520960
755041393190572032
751119854103441408
749385094276771840
757914144712654848
754332348972306436
754941106236776448
751850096451551233
751192214168956928
749571358099734528
758116664223240192
753437428610953217
749271326196629504
753016367318564864
753299769221451776
758281748132298752
756524712751013888
749362450684846080
751080879254941697
753622971185520640
751320558466310144
753411787463196674
753122880804810754
752952232514097156
751965443385135104
759771279167586304
759713991572787200
755456631354175488
752891813145567232
756566901824843776
759815511798452224
753912781150257152
757286874679500808
756465591578275840
751069614642192384
750328085791150080
749532293736300544
751314836055855104
749972995872026624
751331651876192256
750049301821165569
750266807685091328
754205876173496320
752367611233472512
750521839970095105
757227208154845184
752929837271117824
749649195087323136
748855576868904964
756290876448444416
748790246142160898
758207335529578497
754787215801196550
748753723472556034
751475553803374592
758161882314313729
752636474995056640
751719320477052929
751340240883818496
755089613669019648
750405828935618560
754914654434963456
751241438416044032
758062009082638336
752754477308923904
749139724862971904
751581784903602176
751174248710885376
754951722771091456
749215356514893824
757884164486168576
753632323548028929
751645823738449921
749977324158722049
754850919339134980
753644023500464128
749956654070919169
751511492860661761
751423289239674881
750386624047964160
750747644587311104
749570698943737857
751629375137775616
751001906986627072
748874922794053632
749802240647368704
753406987556253696
749453571586822144
754864752422100992
749030375968636929
748862542261387264
751303726497984512
758099011119165441
751135827757920257
754555489925500928
750145559953043456
749514178147213312
757653465233588224
757284398001692672
756054053247918080
754296200241766400
752256933873278976
752425948440592385
751276750881976320
753008090694443008
751076100403523584
751075784962543620
754774745321660416
751182361186885632
755758362369798145
753781861059551237
751830064111554560
750633400210305024
749947437758885888
749501888828170240
758364993318424576
753937746549432320
759522930891956224
753928603595923457
751330248306733057
752155913524510720
749450630947741696
758993114484781058
754629069346631680
749041937936584704
751449832166793217
750957287380951040
751182341234569216
753696436735225856
750661955824812032
749370960848052224
751089868260773888
751878124996947968
754660195519696897
757082057415589888
754292769187778560
754384679604805633
758267320934498304
759510409409802244
753489744647057408
754728166346940416
752792150102855680
752105687618949120
751149120505741313
757227175821139968
759091699071066112
752952967016374272
751306489323749376
757640329298219008
751015927207059456
755861473520259072
755784611133792256
749359458711642114
749960006045491200
750482194490073088
754229033378975745
757883317098258432
759525840040243201
753690848915750912
752173959874052096
751480476360019968
759421452474945539
751213258133139456
758699566438883328
759229064762753029
754966301978849281
754679242705735680
752009170174373889
751438156453601280
755017025517416448
749433793648308225
757515908130672640
755789115061366785
749916882422013952
752478519523942400
752869804671848452
751620996617084928
748699300863946752
754201225655152640
753478053620248576
749244867692359680
754993653974720512
754589020710199297
750420512317304832
754696433203310592
753200600557420544
749960265844785152
759814780957790208
754735653200490496
750699946588921856
758756920433844227
759783475234770944
758946214863736832
759588282921476096
750511773967527936
749645980761526272
753582547167219713
754578547268878336
751311094459707392
748718892370038784
751182353477709825
751142059218575360
758740642436554752
752221503832334336
754792007378145280
750695978097864704
753314972776574976
751439364018868224
758702540418605056
758447142969028608
755172424241467392
751131516294557696
756453327601295362
749877236640219136
756566074838097920
754320943648903168
752885330857066496
750212858697310209
751300450176106496
752609959179853824
752269856360263680
759102784889360384
754858355307470848
754578721856598016
758707837455523840
759780383495815172
751468327197872128
758453093415555072
754774825315536897
753288155684634626
756566522357772288
757135289773092864
749352371537469444
750169758239252480
749547505520631808
750803069147947008
756907262199918598
749257899327696896
749938714978070528
754305431397294080
753965779394060291
757838127289344000
748963194824110080
754566006702497792
750711211726102528
751429628972175360
751306862981738496
757672123980668928
749874923863150592
754237522914447360
751492335825981440
749295720562241537
752491855732936705
753554149980119040
750997855561781248
758736042161688576
752287765753106432
755635629904363520
751182361870479360
754841272989417472
750095096889028608
755789853963550721
751308420867850241
759128608879149056
751123097630179328
753341183305195520
750050050240315393
754825933333364737
759425517711822848
753550177148014592
758165309530472448
758837365959827456
749669821659381760
755381155852156928
752308892063961088
754682956065738752
753499458541805568
749516572461395968
754948514535223296
750254977487147008
751182337459630080
752498514660192256
749623515272384512
752984773862252544
751300282789814272
751102396244209664
755796327028690944
755365278951825408
752004266483544065
753831910757928961
753347045868441600
749319314314924032
756483868912386048
756083695262507008
758522790257364992
750307368987078657
749263996142825473
751793654000390144
752534272108625921
751340457800638464
749056781398085632
749355380388532224
759814845042610176
749956417788850176
750606149238591489
751148653822312448
749370229717864448
751256534974279680
751892113885892612
759549059837235201
751102895978844160
756107514765275136
753278728134914048
759096424743206913
752158024853225474
753844010544799744
751080003505356801
751156275107344385
758603174953574401
751012113599041536
755794830295437312
753239220186189828
750377483841724416
753322880415309824
758210301271478273
753580196222144512
754678645755637760
754280083565711360
749761211508588545
749665940837658624
751762286587604992
759544521734709254
753205516634062848
751080885030621184
758604936775135232
755708074632028160
750985096132489217
755842513236176897
748874252552658944
752305120906448902
751883740058488833
751078774461128705
748686554143436800
754224627312889856
757289951742586881
749692130730340352
749294141448695808
753111975769636864
750733007066132480
758262334527774720
756832648350183424
752233444709699584
750387290820767744
755059420841861121
753288386874662912
751262182667460608
754988931070976000
748919520849518592
753288506168881152
752030738250289152
751534802172510208
757880260968976384
748684774022090752
753112894829694976
749474174092148737
749370404360290304
757529269400592384
759497787352506371
752634619644637184
754299515126083584
750498292291764224
754540029116985344
754782841234399232
750375395103481856
759776184964042753
751457393221959684
752503009054167040
751440562331521025
753289446762618881
759381260812812289
750302011418087424
750494348484182017
751763790874554368
748750770456055809
750693763488501760
751120000086319105
753253481507545088
752271057223053312
751117524742311936
750749822051758080
751793407568273408
751182331197607937
749603295090577408
749609265359364096
749355141753483264
755804783714467840
751182345881825280
754548067202924544
751478367141171200
751178708518600704
757274672937443328
749376282152955904
757842655954866176
759415818459504641
749313835417243648
749311428562128896
758836788488089600
752269942377050112
749603210961293312
749351415907168256
758817304654192641
755292815727263744
751196486516477952
758561661015826432
752168989208539136
757133169820856320
755313447349420032
749466091634720768
752316333996605441
755880301474246656
752764380857659392
750410651659440128
756172824243568640
751299118098702336
756595707839148033
754654167931752448
752423545817399296
751073035411742720
758835317449248769
750330544756449281
750505083863912448
751182354832515072
757582639591284736
756457076172390400
754851608819793921
750554683207475200
749298323907948545
758548017758646272
751874630911160320
752936642219012097
749040278632296448
759821224209895425
751582076051288068
751760007151046656
752956768305737728
758063085617762304
751831396335759361
752414753826435072
752465138574319617
751768328591507460
755319890995712001
757704878429011969
758306574800711680
754206545894780928
759778531287134208
750720695978557440
751460456372375552
755787992602595328
749382853863944192
755141846368518146
750260365573980160
748895605557174273
752487931718213632
750632755126468610
754780106472747008
750621172744740864
758554814271852544
758628807922384896
759331779899641856
758574803057987584
752253865508999169
753037671681974276
749983473725825024
758602207621160960
756490333182197760
749775847100264448
752945830840176640
756819566978863108
751084187260710912
749682092221554690
758738852919980033
758669810922164225
756317727027900417
750962095655559168
758457341884805120
751579508629733377
757291299028492289
754632283173380096
753711235418382336
759744206566936580
749875188217499651
749353738922491904
749866999371567104
751114693121568768
749531607598526464
758334278832885760
751323586560794625
751306705938452480
755795439132168193
751022175541456896
758063294938832896
759862184046387200
751182347333083136
753712267510833152
750819059432714240
751239845612097536
750391861601120256
753212750856327168
751121644161204224
754913160419684353
752315286716608512
753557813432115200
749960673392812032
750517851660910592
754371253503336449
754539824296656897
751478771543216128
751443302428409857
750934494128005121
749679170901331968
758523170777202688
749007474867384320
754536906986172417
754536058595913728
751069155521130496
751045214140133376
758019885561704448
751392600377229312
752500090019909632
751390099846209536
750212611875172352
754960252819365890
757089421170737152
759101980958662656
752951680354820096
758400747448987648
753062937733042177
752271534857879552
751930204306567168
749321779772928001
748825855204425728
752027252653748224
753232106113921024
758942275321761792
753454042748166144
759124961680199680
754715560324304898
749682911331360769
757319633556873216
757097827478695936
749994031287906308
753291858676244480
758185564268957697
752844055630012416
754252782882791424
751446966664622080
755067168010727424
752206740645670912
756441759740289024
752003141164363776
751324246421504000
758290446271520768
748887302139547650
752749391602020352
752902972699504640
752492847484526592
752009068043046913
750801243019186176
749989755530518528
759887176125538304
749334505018851331
751419657756610560
757586663841275905
752844163864006656
752347499281526784
749501207048101888
750813094985760768
749261308101431296
750327833050873856
749346487809798144
751431943384956928
754547366040973312
750960665255350272
751484360226779136
751449196385882112
750013070534184960
754913144678383621
751969204044259328
753700631873933312
749857892048699392
749641805986144256
756343695046283264
751104330460192768
749185887079174144
753075972656758785
757407178215002112
758587568573132800
749328469138419712
751823085611855872
752826304903389184
755036311434690560
749287249548677121
751469772269760512
749222011012919297
751483230168215558
749223367169966080
754201968029995008
751077792486461440
751076634539601922
755791131338825728
753711112584036353
751244477600325632
752826250369110016
755921029667500033
756566873295036416
749739006091530240
753673976526757888
749572864391675904
751945923203215361
759647318006259712
752327969608269824
749086068658409472
753032409562681344
748857085677277184
751182354408873984
749361736071933952
757528996670083072
751124359532670976
757995194281259008
752197897374969856
754646225383723008
752270164410798080
757530945264070656
753740052354695169
751071961095208960
755362262269956100
752465948158767104
755788342185242624
752387256502013952
758184433648218112
750572195257221121
753150120582082560
749281788204347393
751242988475412480
750386211919978496
754757243241959425
748833695566409728
748874052895444992
756930559884992512
753247622060728320
752017561743527936
753555411995860992
749653328494153729
753037670511771650
757901294128377856
750333478995128320
749561355091320833
749044627987062784
753558095624826882
750292909811990528
752366046380584961
756221060052287490
751172407684194304
749955604282744832
759124062178308096
751072793563893760
759025096723828740
753713282125488128
758398729640632320
751289470813601793
751146662609977345
751071046644666368
758745273715732480
755786848287526912
751078960159678465
749831780396634112
749221598826201088
752277272585838592
757040273860005888
751172776543678464
750426956114657280
754944471482109952
749561470489284609
751306823718830080
754507176593489920
752343109204316160
751120108743954432
755538095357820930
752328395820765184
751479065618444288
749306343123746817
749571820261666816
750672993685168128
755011280524697600
749261732472696837
749875194529886208
755393497780330496
751182334322290688
750013610374623232
758323887839019009
752233762243612673
752077373714071552
750726540443418625
751719326617522176
754855534847680512
756457859513286656
751241496876187648
753576882591920128
750701113087852544
754863853679161344
750636692873379840
750515493677592576
756956637068402689
758950902216601600
752374778410008576
753890958308179968
757878994230312961
749267696999510017
758071926526992384
751182346762670080
758707220397916160
753206902553767938
752269687023476737
749582259485700098
749997726176280576
758056437780217856
751788479713906688
757551432904040448
749000574771888128
754799755541123072
750074669554864128
752179232248360960
751177107955265536
756566338693234689
751086725804331008
755797382240100356
750213159210876928
752317717328388096
749126967924961280
748709905742389248
758669420323627008
753671827927339008
752983726296969216
749103347278368768
751678503163142144
753091447440699393
751189748090150912
751077768314576897
751814376454139904
755812158622068737
758452080335921152
749445799805800448
754866116099383296
749040598804488192
749904845264547840
756883426171613184
751114273036734464
752219367325069312
749163393588813826
755044861535891456
757386010338529280
749259078749356032
758061311754440704
751182362784829440
755761905898172416
752534223236497408
752778022697177088
752274941240836096
759598887976001536
754728400670031872
752306855922335744
755374424237408256
752213680633282560
749259712034664448
751070176339169280
758355074745831424
751182370800144384
759171497839603713
752658427998982144
751138168351653888
752071631070044160
751417125428920321
754552058632507396
751793469581041664
750964073274236928
754012630998781952
758617702017691648
756166095250350081
754773440536731648
759800068039847936
752065709417508864
755787479941341184
753651111886815233
752892463769980928
752375752193114112
754852270676779008
751444471523475457
752930143711141889
749989619807166464
752080042197483520
749672081319538688
755511214990503937
754013910081101824
751355892826857472
756571184381042689
748803883393179650
758887172313231360
751185868166090752
753216740675448832
752763714303041536
754995643278565376
754367402121555969
752503150246891520
752564596637073408
751117440961040384
752534612631445504
751821738682429440
751075774690529280
750396799265992705
753796519225008128
751038181223571456
754285142051463169
758052612696662016
751314924664565760
753575392406011904
749917621470924804
753581276553158656
751962481942200324
757488383199281152
749571829455544320
752656163313885185
750481006256271364
750634076806213632
750376593617395712
750604622864195585
759840792940679168
749299571147366400
756201959028207616
751469829706510337
757167956669325314
757879606984794112
756566853904834560
752568287859384320
755183755279552512
759168000033382400
751072185352069121
749680857997316096
752490200413118464
757082203721347072
750608857051848704
749999478699163652
758106178450665474
751076176857276416
754215533285740544
753956797166317568
749370200659812352
753799395187961856
755900620133965824
754911010495094784
752218275979796480
759397693265416192
758246299573432321
752395514092654596
754944844955398144
756169773302493184
749289891733864448
754201211058921472
752971452446568450
751068991175684096
756157613016883200
749320400895520768
751400482887852032
748784412196605952
748902521951752194
750610548086099968
759381783263731712
754548987181445120
752271086285455360
759535556468412416
750713882088472576
757553527841366016
754792246990376960
759124843715497985
750360814977224704
757282565896204288
759510414925307905
750487322878156800
754858555912486912
757900640983154689
759367681870934016
758172106395967493
754610603210203140
750592983561596929
758236873538011136
756350970808922113
754541916914540544
751182361421688832
758989562446094336
758643956817227777
755106017248178176
754309830962126848
753281719323594752
751076623194161152
756171051965423616
758649577461444610
754784820182515717
753659602445692928
749043504890994689
750319321864400896
749374522726371328
751078184582455296
750219635526696960
752293222005678080
750657172577591297
754852724387250180
751182361165828096
752791243780820994
756223439904452609
757645696501706752
757552212105043969
750508048376926208
750166727732830208
751279659778600962
752776404383723520
749347952758579201
749067206852382720
754860417273389056
752369058071220224
751084838363553792
750207805231992832
758466778259333120
757643215000391680
751010606887632896
753515035629084673
759815231535255552
757740207688982528
752844028966731776
751510125135945728
748899415897825280
752269874949304320
752804693613551617
758168339797643268
753718034615853058
753965705410719744
749648928874885121
755394689067540480
754328013957914624
749139528728743937
750696295262814208
753210784486924289
751069729238974464
748762931026767872
754949261851238400
755512643532820480
748894686161481728
750309530337021952
754851476787257344
750229758408024065
757313852438487040
752365600320741376
755011016354828289
757889458532392960
751335806241943552
751320173949259776
752045001761169409
751301526275104768
751075912985223168
758194393014829056
754250787388264448
758607962147434496
753851023387746304
754373330447335424
751990298356518912
753448219661565953
756306725183991809
757003867938623488
752655859511992321
753294434847039488
750667850508099584
755203346445639680
749784128829190144
753283264547328000
750957609117712384
752368771549933568
749473023514714113
759346396092923905
751407497932640258
759125222629007360
752089011389403136
750867787053019137
751070301044301824
759707748799950848
752194038648958976
758719754492411904
750351314186604544
749251043817558017
752125796874092544
751767298394902528
755800006884528128
750490714128003074
751238935162957825
755416822787166209
751986228916985859
753950624832561152
752899315014729728
752754507642122242
758405723961393153
751166246985601027
755702747547234304
751077341787410432
752291747351322625
754310652148219905
751764522935943168
752859835834724352
750096424784760834
748668987165184000
749786772201242624
749628529105571840
758188653944442880
750808610398167040
754201208265531392
749597772861546497
748909856556548096
752881218635661312
755034292623933440
749731430628896768
751081037686575104
751376095346364416
752164010838093824
752981890471038976
751074390624829440
754385554200985605
756158254305071105
755490030097838080
749420755566288896
753142159541411840
751076536334376961
759836629167026176
752191802501898240
757625642242478080
758190013397999617
748730390123163648
757408066690088961
749014551622934528
752809009619480576
753441851894534145
749349737573285888
751178496659992576
752292354397245440
