1196167385977425921
1197858038629249024
1190568718960607233
1194809257851596806
1196158589062328320
1190788818334605312
1199612824328249346
1197233502300889088
1198359998348300290
1197106272908304385
1198841029950164993
1198511045456871424
1195387847253082112
1196109982074331141
1198844262449917952
1194775040384020480
1194573779671945219
1192388797234909184
1196360728627818496
1193915690593464323
1194774178387374081
1194506771949326337
1190206722331365376
1191072304408776705
1194186173733838848
1194602981817278470
1192444576486903809
1192188915639304197
1195850835923816448
1197845260577255424
1198556376143990784
1194157854036545537
1200820046949441536
1200679016522485760
1191063800834854917
1195128143708872704
1196863595386159111
1194990931876962307
1198986026963918848
1194598388412690432
1191655670615085056
1199946840587812865
1196235332984942594
1191990414536060929
1194697999810801664
1190457020631130112
1194304099925278722
1191227330989056000
1191067409752502272
1197088915963994114
1196800362751184896
1193154224647032832
1190729193065193472
1199789143288619008
1196729622903377922
1197791524496515072
1200563106163724288
1190765501162688512
1197295645729677312
1193851144533106690
1197066858840678402
1200139654915395585
1197349195738472448
1196901501945466887
1196314519712272385
1198535905050529792
1191263494869602304
1197811928359428096
1191979846030823424
1195773898924711937
1199763299585400832
1199589227232710657
1191828454712451074
1192686892103458816
1191727434095349760
1197263205648805895
1196288477916205057
1197822246754177024
1193847813425238017
1193864051094364160
1200087415156871168
1198542441709756416
1197778097732501505
1197194996723732482
1198644254400274433
1200718612090277890
1199036850096295941
1191116381682589697
1200536697668349953
1196193807139778560
1197846345803083777
1197568198608068608
1196212685119074304
1193878164864458752
1191357058819465219
1193571398058434560
1194567294074023936
1191266325995409408
1190659245395587072
1195319542119055360
1200778772238262272
1199267348248694784
1198711080840769541
1198600238723932161
1194274765726519296
1191833755251404801
1197222867240456193
1195858236987101184
1197227791445643264
1190457700381024256
1192472356825878531
1192133822948806657
1198147251563970561
1193466097497968642
1195913238090846208
1193318757092990989
1192530952637034498
1191690408121774080
1198270449651716096
1196157207781478401
1196035717123756032
1194015282060234759
1193864886402658304
1197993453113741319
1191994899362721792
1191325498128949248
1191095357347946498
1199000660668272645
1193853247775281152
1192462735013040128
1190760849968893952
1200004330897760256
1191348752914751489
1193876717531779077
1190600997103718401
1195414360857989121
1192101748778909696
1193659636534124546
1192822596007530499
1200888764320669696
1198635763803525120
1199034011621961728
1197077456777359360
1190357189996744705
1191456606959153152
1192346639651880961
1192425720959639553
1194226218557722625
1192690605354373120
1200790629334355970
1195830992331837441
1199956347938365441
1192201874956529669
1191288303921831937
1200335614492721153
1194692725439901696
1194371448846082048
1200459407999586305
1195442462585753601
1196121174843019270
1195660262377963520
1196143625773764608
1196088117733842944
1193665611009863680
1200596605717499904
1193849806499676160
1199590956795858945
1200178918227136512
1197921730133741568
1199595709873438721
1190336185325047810
1198705946110943232
1191102288275869697
1194305327568740352
1197627792072040449
1194895691274948609
1194201351384977408
1192858772542242816
1190238705241464833
1191087649047662592
1192114579213565957
1197800452571762688
1197879561435910144
1197615522906378240
1193211792203419648
1197919067841204224
1198738467863355393
1194347647902998529
1200895966523592706
1191095166293151746
1192531397199749120
1193803863058460672
1200478165384208384
1195096148043653120
1192345006096441345
1194264834885468160
1192091860765990912
1197235386038308865
1196404571020632064
1192376405318873088
1191717581696184320
1200380684969361409
1197893253825208320
1199455481443602434
1194213533644394496
1191099173422149633
1199341349129969665
1191037841553399809
1191487721614839818
1199818103665889280
1191153310629351430
1192549677595602945
1197214729300783105
1198584281934835713
1196714171854991360
1194538209033818112
1197190106190364677
1196474244651192320
1194339629798957056
1200181460956860417
1193485006624186368
1191253146758238208
1198352271425318913
1197223203749400578
1200633138248110080
1192754739156570112
1194027541092347904
1193554143937474560
1192404861553389569
1191089153842327552
1194534111756640257
1193853541439295488
1193985656449568769
1199933101994061824
1191090147921735685
1197241506672889856
1191656312062533632
1198995268429107202
1195431885322817536
1194782982130806784
1200161363873738753
1196051979379843075
1192319348490289152
1192134561020481537
1190961825589805057
1197810581216145409
1193155052892016641
1191817807748620293
1200132203260338176
1194583773725237249
1196000033348497409
1198173942575435777
1191097059325173762
1191015815707086848
1199764205685133312
1194353216189870080
1194773483043147782
1199757930830221313
1199230316273176576
1197196081404227584
1198164595296362496
1196714333734080512
1196692011618914304
1198656007590858758
1195992488680546304
1197587247232684033
1192800773278699521
1192025088008359936
1198414250001207297
1196100728563077121
1191095809607176194
1190703752988233732
1193839022826766336
1197210242968408065
1196770360206733317
1200081605274021896
1190898111201382400
1195678621203079168
1192731288563781632
1198709150022340608
1195991294646067200
1198553168768126978
1195983659691626496
1193903996458676224
1193180815255060480
1194543330031484928
1191820246316986368
1190572945141313536
1200012545848987648
1200143766017003522
1199751450357903360
1197540070875643904
1194619057938554880
1200382881601933312
1198537359488430080
1196288403211509760
1192589503648739330
1196453828998115329
1191329673759862785
1193848225511411714
1196062949863022592
1195397108221857794
1191240752149479429
1197873934751809537
1194370105540579334
1191811516682649601
1196699767654567936
1190463754825338885
1191769095211028481
1191095688110780416
1190686206528389120
1200705155517362177
1194498965607256065
1196080581660086272
1194186987093278720
1192884771845804034
1193619754684207106
1190367731801108481
1194584269689163778
1197210792384487424
1198980154959237126
1191115869268656130
1196069238630420481
1197471319580958721
1197857619446292482
1197130987156709376
1199075150777454592
1200154302620327943
1196227782759665664
1195619212028448768
1194915479921577985
1194518033190047744
1192366058121895936
1191948596834385920
1195215455209820160
1197199874732769281
1195549051569074177
1197779344678096896
1197083189161934850
1191275093802045440
1191047545302274048
1199933331774803968
1199299000362504193
1195865685559332870
1195993739933757441
1195089785448210432
1195080176599805959
1194312750928998403
1200537964503355392
1200037170284773376
1192698307614633984
1190289383355748352
1197466632890802176
1190909257652285441
1197134222114410496
1195682278346764290
1191016061631680512
1198737707192729602
1197872781351903233
1197231771047383040
1196516349314510848
1191054352267513856
1196491270568345600
1199042775146258433
1198333903959969793
1195733552215855104
1195293435957137408
1190452900067258368
1191149984714035213
1197760884254396417
1194353891791511558
1196379620419022848
1199005916919746560
1197469612016906240
1199762997834588160
1194358972041568256
1200535493185806336
1191055819091193856
1194226393149837319
1195108369222250502
1193943733886226432
1196061688971374592
1191087829734055937
1200375615603593219
1197024214089379840
1200001438300221442
1198511661671419906
1196288437793546240
1194920036516933632
1191055339694776326
1199763555601518594
1194312960925143040
1194313298365296640
1197204542225604615
1193118377813979138
1192865619466694658
1192353144623095809
1197260780674179072
1197489861806219264
1193849060987428864
1192343616456445953
1196096236396388352
1192658041113653248
1195087319931531264
1192345312054001666
1191489506664439809
1195738788623998977
1194559076400877568
1192851891773935618
1192733901514559488
1191420826530267136
1197478391072604163
1198533940837048320
1194167955153674240
1192933303453655045
1194339267700568069
1192689702903668736
1200174270128828416
1194783224163115008
1194527633603792896
1196731677546106880
1196931169847304192
1197779160149704706
1194623657508659200
1193921225032175617
1198656547217387520
1193162954058948608
1192763838858330113
1196114272625086465
1191446405660983296
1199741642850394114
1195957252743745536
1196724630268067840
1197566237850644481
1191301653422583808
1198708994677903360
1197618292929765378
1197592376539328513
1196136113133510657
1196072828258394114
1194969227528196096
1197834198834458624
1195041484002779137
1192034811562446848
1196288416578707457
1190727858840391682
1196046129076547584
1197406158065164294
1194000027024285697
1190208202333396992
1198546264054472709
1197207494227058688
1194783565340393472
1194689658556469248
1194362039667482624
1197304777744486403
1193862736473731073
1192894974062403587
1198567565422813184
1193888027535384576
1194781486056034304
1197427548214444032
1200165475088510976
1197988287799054337
1194346915023982592
1196475538610671621
1192459794633887744
1199723920729034752
1196247934389641217
1190641785942528001
1196923241253744641
1200363948819845120
1200181381290242048
1194534058199531520
1199820896615256064
1193898338841759746
1197799031449231366
1197276371627720705
1196068423945601026
1195293397235458050
1196430042227720194
1197792346903138304
1194320489252044805
1196196390256414722
1190398963020644352
1200567928065863681
1194582529916964866
1192549712072757248
1197196664852885506
1193874852219936768
1198128741916000256
1192729848718012416
1195929568206569473
1195688719816093697
1198910177619124224
1196046069160906753
1195986967906918400
1195462859016286208
1196145289117212672
1194609060940832768
1194657422239043587
1193808423038656513
1199260533972774912
1197312065028927489
1196045335644295168
1197267621261008896
1195822297397047297
1194631301120184323
1194623475266150401
1192157814728339456
1193863835553284096
1193939144721993730
1191420915281731585
1198209983185330178
1200101848486682629
1195966377187823616
1190695935212507137
1198838888007118848
1194750057075105792
1194381980638552065
1190358400854634496
1190257244509786113
1191711117401350144
1190976110516985856
1194355473643974657
1192892992593563649
1192429812142481408
1195218192521736192
1192431226067595264
1196091890074030080
1192925979179724801
1191635277514711040
1197892906696290304
1195706552013017089
1195783077999628293
1196789299469004800
1194802674765574145
1196020167463047168
1194190492935901187
1196054139228377089
1193157169614594050
1192009557775663105
1196761319430643718
1198149022743252992
1192462951665422337
1196208909540835329
1193868423446568961
1192354270257065984
1190409115123802114
1193864641857949697
1191119680410411008
1193463684229664768
1199026250234417153
1194939884181630976
1197340214412402690
1200052913051185159
1194774865552609280
1200771353588178945
1194906426554093568
1193842154805878784
1192133634091823104
1191800191550140417
1194775313668018179
1191413870478401536
1192083700164550657
1197293106556809216
1196339732835373056
1194535491552591877
1198693189667954695
1196469832180473856
1194012689330266112
1192670608745750528
1197248340087525376
1197076264638668806
1196956272358244355
1195431499815895042
1197904115503915008
1196773730640388098
1193489350350249984
1194532239431876608
1192777254302035975
1192314748441890817
1200305882409684993
1192568199700795392
1200167169612558336
1197475342421770242
1198995792377372677
1196775050520748037
1196027716069445632
1195318588904747008
1194982788879003648
1194574871919022080
1194541802373681153
1194271035891294208
1192393267767398401
1200134031511302150
1194532393421553664
1194344127158214658
1195290034515128320
1194324751700942849
1193172730583175168
1191268237767524353
1200507978102771714
1196867019649495041
1195450352750997506
1193651319887859713
1193973178068086790
1194330049496797184
1192364845775110144
1191684150610276353
1191450075827965952
1196163617122652161
1196002556264235008
1199291626759188480
1198556304677253120
1193869623512440832
1194935474642735104
1192892395903471619
1191825352299077632
1199838738286891009
1198602725711327233
1197122573777195010
1194341364462309376
1195104975682183170
1197235787810643968
1194633165547008004
1194511812760416256
1194325925602758656
1192133621601189888
1200073683798253568
1197546573334487040
1197213387329036288
1191730118034644993
1200769592748105729
1194390723224887297
1194212037343268869
1196803117628710913
1194658357585600512
1190204799817404416
1197443964867162114
1191611557936947200
1192091521459392512
1190199238954803200
1197491461782196224
1190336878890881024
1200362584446246914
1192556768162963457
1197801112356761600
1195121727635898379
1194205761003540480
1193278866216947713
1197520279876120576
1193863191018782720
1191680587289047040
1193888569963753472
1198625960377098241
1194626721871519744
1197970420403752963
1197657143945637890
1190574119676522500
1197196357183901698
1193852904093966337
1195838748166152192
1195990273731551234
1195677792660262912
1200156381132836864
1197773254322200576
1197236311276609536
1197902102422605824
1197809040065277953
1198189218050252800
1200689916734251009
1197601523989127168
1191032972285222914
1193848006338068480
1192390469491314690
1193454394072801280
1194293136740245507
1198656411561009152
1197907776690896896
1197790074123030528
1197805346624098304
1197415521806934017
1191442007203438595
1193867362920996866
1192185751259303936
1193860585592623104
1194354034741784576
1195087839245086734
1193917284970061825
1192792658076426245
1198576955802697728
1192786751934418944
1194505636018638849
1192697787114303488
1191489177759686657
1197482804398952448
1194335506592604162
1197800338344103936
1200160133172617216
1197783010969604101
1194783251338072066
1193885651462184961
1194188947833917440
1193283257040805888
1192688506616856576
1200020700356059137
1194670122138513408
1191997068761546752
1196026122795925504
1192201384080429064
1191079105690849282
1200333102180159489
1193972916582572032
1200098085927620609
1197808121537867776
1190189612788047872
1200685908116287489
1195393754942857216
1190785762113011712
1190769020749930502
1192881222990610433
1200151374631251974
1199286892107313152
1197422733660962816
1191095741504217090
1193061905239293952
1196909502190247942
1193916169092288514
1192462224515829763
1196135962738343936
1197772729740603402
1190706099185426434
1194494285518966784
1199660830222114816
1200587649662275587
1198297928344985600
1197804647001591808
1191599653986459648
1195379957091966976
1191114332182110215
1191807968901320705
1196288461734629377
1199828908071411720
1190707018144894978
1191352427863261184
1192579566029737985
1197213944978518017
1197342809080111105
1197259526250147842
1190710144071602180
1197219005553106945
1192580056973004801
1198544629186080768
1194797392211718144
1192134486378663938
1192841090849759232
1191127372218748929
1190522325915054080
1194519751139241988
1191691108528594946
1194801335729840131
1191073414330621952
1190696091836129280
1198514575878082560
1194712489663045633
1197598080431996930
1198584675087867910
1197197797046603776
1191781680778010625
1192224641600897024
1200310941776302081
1194668813817655297
1200406048076652544
1195336488864698368
1196158379334475779
1191293794626523137
1190719441962700800
1196030882961707009
1190380149289705473
1199949104996081665
1193999467785129992
1200166885058367489
1192135187183869952
1195431528777617413
1191103681216811008
1193497520808300544
1192919870159106049
1194332997547384834
1194338955254226944
1196749188119375872
1199946910175498241
1192033888165494784
1190575801416204290
1197589722270490624
1199766263888777216
1193928837362524167
1195087199173324809
1200411499686244353
1200100431562780672
1195392130837037056
1192008948515258368
1196795133984944129
1194783546751279104
1194652286468931586
1194384756257021952
1198677633288036358
1196763922071793668
1192532923754405889
1192352274779009024
1191818532864090112
1190377385763303424
1198652033643024390
1194537557905854464
1192969703460933632
1192157644095668224
1190674368151588865
1193782290838630400
1192101745536749571
1197568930279313410
1197789179419250691
1192170993495760896
1198909088232542209
1197235820199104513
1194919248772120576
1200881932432822283
1200897733403402242
1200170206997417990
1198897353085870081
1200054260941111296
1191070052407283713
1194623251529523200
1194341275199258625
1197234547903082496
1196119018094116864
1198673233882554373
1197930740291387394
1193855862919573504
1200182120225705984
1190597783641886720
1192502277745106944
1191817382345543680
1193266681763774466
1196108655646662656
1193277856031412224
1200761515512606720
1191690735478804480
1191258010338971649
1191843370106343424
1200121897360461827
1196189830268571648
1196544891368747008
1198517524977061888
1191337085187297281
1197524963353354246
1193859306380300288
1192362387350966278
1191895436371615744
1194774742458421249
1192162293812994049
1196358766956036096
1199053360864862208
1199030481431470080
1198113932864630784
1200790143902404609
1196288431216824322
1192340849813798914
1200056582639378432
1195845806508691461
1192687274472943616
1192011237598670848
1191753250258718720
1198595975457181700
1196051862509756417
1196052888197435393
1196005065603067904
1194107964187201536
1193871011957133314
1199096464456245248
1191939649008259073
1196119420147507200
1199944832367710208
1191095020587245569
1192147216867250176
1190362718160793606
1191448917059108864
1193564985475174406
1199614802861182978
1192688324407889922
1191054742476251138
1194565430247075844
1193222053828190217
1191411717730963457
1191280445675261952
1190297865740005377
1198602744707321856
1193990985367330818
1200109304726138880
1191996946493452288
1198959792288673792
1198554859794059269
1196873327417217024
1191288948368252928
1192466207594729473
1190586470693818374
1192464918911553538
1193878304769527808
1196473746669948929
1191892924486815744
1190696213760401409
1196288484862025729
1192539551568449538
1190923285875306496
1195779612866949120
1199399776674107392
1194004332901027842
1200153925669859347
1197633731131052038
1198692612842102790
1196040311958573057
1192226983637331968
1192020321987108865
1193611997520289793
1195879088629657601
1197577739269738497
1191096240261480449
1191049573961289729
1192556738848919558
1197197970086735872
1190793563342299136
1193829275759194112
1198942975117496320
1193662392196046851
1195079218100654080
1191678415776210944
1198513493915422722
1195979900521463809
1191341471569502208
1194722366208823296
1195104429743263744
1194400572092358657
1200849344645206017
1197211710328840200
1194703425306550278
1197587618088837121
1195374822110507011
1190652003510312964
1200425077629698050
1193593557963169792
1193536806366564353
1191052604366819328
1198722152595369989
1197433147450900480
1196205133375377409
1194356946230484992
1194342525345173505
1191501846696869888
1192205813072437248
1195019100948434944
1195364591007604737
1194553508772614144
1192086752204378112
1194510282858618880
1198520339116052480
1191834560209866752
1191615582749237250
1191087848033665024
1190631261943062530
1191813120764862465
1190345132119351296
1198718899765809156
1197194512793251841
1194581724019200006
1198978019051876352
1193459171330539520
1200764694484488193
1198603039671758850
1192488133948006400
1199750096864382976
1195282614560731136
1190188852859654144
1193226322811772928
1198554875069706241
1196007223077539840
1192561267308998656
1200140840355737604
1193510432688033793
1191272356511178752
1196160041159725059
1193824014088708096
1198227392604577793
1197552280662204418
1194783142047076352
1196250432076763139
1192713029030416384
1196838786036051971
1195063403221532672
1200273383377821696
1198583087854215168
1192322797479051264
1193870586772099084
1197784167616000000
1196434015726841861
1192729819978567680
1191078937117503490
1196762193662038016
1190252731291836417
1195359148440981504
1193851327958462464
1196137289220538368
1197057675126808579
1194896251654938624
1194038133211435008
1195633322027868160
1197491831526830080
1200427593100644352
1195780256965308418
1191095661829206016
1199663174301208576
1198565774480347136
1197045788062486529
1196073016800825348
1195945685188775937
1194069025015226368
1194541682693464065
1199106498720403456
1192691780040441856
1200054274354319362
1193854192697430017
1193862207257370626
1190308569402531842
1200111071887007745
1195986188940783616
1192337533792870400
1194144975631585280
1199415685912375301
1194230931437113349
1197787511080280064
1194798256229961728
1197177271536300032
1198683210701529095
1200700491333849088
1196191162002034689
1194690032554139649
1195082650345779200
1194376906243739651
1190968777489420290
1197261704364724224
1200335670239207430
1194380187162558466
1191042606890934284
1200172567497183238
1196085890428362752
1195221502830010370
1194171829663019008
1192179622307389442
1197592790265450499
1200352953531547648
1192695544675753984
1196536138288242689
1195206938860105728
1194317338247663616
1192911751332999168
1200042418260860930
1191448918275444736
1191086449480884225
1198956658615042050
1194326434858319872
1193801174253744129
1196424661422235655
1198708878466260992
1193801664291057665
1197397649672069120
1196875519037526016
1194996174031392768
1192798944935333888
1192557340010131457
1197950310137892864
1191702403059503110
1196070311743107072
1198003077011390464
1198562615427051521
1200395959559229445
1199765969066962945
1198685490590949382
1197299026036695040
1195023648458973189
1191128373151621120
1198545541870817285
1195822203474006019
1194526391309623296
1197573677484826624
1193424174037000192
1190607205642522626
1198028852431331328
1196841003434627076
1196152284679458817
1198903300051152896
1194783984611409920
1192473341514395649
1192183995892719621
1192132628385816576
1195833877295718402
1200090748160532480
1197876052892307459
1200002410707636224
1199327136835932161
1196001291929104386
1195702927983304704
1194676194731540480
1193246411971805184
1191282160407318528
1192926578549960704
1197258852598718465
1197516143851974656
1191481487641714689
1196095669565632512
1192390944005472257
1200425644305334272
1194985913245458432
1196503030507745282
1198055625021890560
1190580191724220416
1197517444732071936
1196091765993984001
1191821279646617602
1192096517672321025
1200179448919838720
1193160586156281856
1192388354765152256
1190987273057263617
1190643860537511939
1194320164461981697
1192532019307335685
1197857758504247296
1190423756558213120
1195026519443292163
1194335736578936834
1197152114616782850
1194914729225072646
1190160580985917440
1192134073080303617
1199354435811586049
1198691987731501056
1194597556938067968
1190189513785724928
1195989966121242626
1197234172789755904
1197806624443961344
1195329434141777921
1198554450006302722
1196125864859250690
1195846225872007168
1195788668243460099
1194772647864868864
1194721079954149377
1194189992832258048
1194378802538958849
1193976829020950529
1192729722314035202
1199082221677809664
1199000630288945152
1192513636905959424
1191491027946917897
1192803432928862210
1195793690721243137
1191108630998855683
1193081403803668480
1191999586518388737
1199041895277707264
1194317989082017793
1197852996195037184
1197941556717793281
1190497426848788480
1193891312430469122
1195480076831350785
1192434618957533184
1198157520830898176
1199806256388726784
1196815118497132546
1193222500882227205
1200166802514419712
1192348944153620480
1191357013239959553
1197860153598586882
1194277665706070020
1192374316366729216
1194563674830180352
1192457282568761345
1192326124581326849
1191535898044882944
1198671195794821120
1191141560383135744
1190620566794969089
1194613778815635459
1197794206695280641
1190986330387419137
1198701887224238081
1193947655887413249
1197058773367566338
1193201558386827264
1190696496154501121
1195061476786135042
1194050080208232448
1196505195049574401
1193858086148202496
1199451201236078592
1196412972471660545
1196518768316502016
1196199391385792514
1194321272630599680
1196829818333073409
1194934696968409089
1194549829688537088
1197918814014492677
1197276907877871617
1197263332719415297
1198594779094900737
1191375886618107905
1198563548747771906
1195275937476235264
1193936637727821824
1199268238900842496
1192362743384420357
1196916626362372097
1190298145386835968
1194380202199199744
1197205611760541696
1195086439127629824
1198603172853559302
1192846319553056768
1196897656892735490
1195732223053484033
1194979215818530816
1191085603242303489
1199414655422214146
1195689191608373249
1195244653974568960
1194321460308918272
1192800453907623936
1191094134490226688
1193541430557446144
1195837414117388288
1191497513414668288
1192971767498842112
1196603020466802688
1196050365340405761
1191800259539865600
1191054041889026049
1196030233964662784
1191769833991548928
1198676694565081088
1195300256507973632
1191086517416009734
1197195861626957825
1196120384766193664
1200483940513042432
1199669821371236352
1190668424290217984
1195501436114817025
1195100258801463298
1200633122330697729
1192134823370002434
1197536661934096387
1192905392516485121
1194891430713581568
1192863543433080833
1191056267676135424
1195108118260338688
1198612737221378053
1198938648756047872
1197253113125777414
1195144954013728769
1196078904328544256
1193939531621384194
1191256656656654336
1200060118060208128
1191139541496815616
1191135584540143617
1200248278832406529
1199568242584563712
1194326276439453696
1197788998372151296
1197784019901075457
1197526574855282689
1194741962752090113
1194190953042628609
1197609955668434946
1191105468967653376
1195426554098130945
1193142262320058371
1196840620402388992
1197137998833504258
1195829758409560065
1199963795726188544
1194314678530383872
1198677704628998144
1198400432491630592
1195839232641765377
1194217891383644160
1194157084796866560
1198559114219143169
1192766435879198721
1194783912448397312
1198470551922196480
1200822396674084864
1193870169589858305
1198700109451665410
1198645470752575489
1194494132808491008
1192481120341725184
1191656975802732545
1197226201498226688
1198604610686074881
1196148510514659328
1199622291564437504
1193963932274364420
1195707339812331520
1193174253702729728
1191665450565996544
1197506824687276032
1199928377593008128
1200066994508304384
1197546014510637056
1193079896794370048
1199425473249497088
1190968448517578752
1195025562181476353
1190180936756977665
1198213159385026560
1195989783430017024
1199091228605865984
1200166862912413702
1200703251731111936
1191103770345820160
1194977022621171712
1193112649640361984
1199304347638804481
1194663580425244672
1193142835903713281
1196075739105415168
1192434484580405248
1197785194843066369
1191053274859888640
1190289986257670149
1197841808874704896
1197208940641169414
1196890616237568000
1191958710064685057
1196904012475441152
1199225167718862848
1200529930662154242
1196153613481119745
1192103797226659840
1195995003358785536
1197500660360585216
1191131987509161990
1196069253092392960
1195705343470374913
1191129119293087747
1192886509407473665
1194634651052068868
1193892146916540416
1191469912797171712
1191053050980569089
1196915004018233350
1194303968127655937
1192704736102928384
1191248195852132352
1191497379373031428
1193800119679963137
1190767519830806530
1197492360525033473
1197225000199229442
1196012614725382144
1199736281221259264
1194508043473608704
1191356276523094016
1192485630158233603
1200700389672341505
1195658281001398273
1199770478329683968
1195241586885636096
1194355459567816704
1200315679976677376
1192853905010503681
1191677001742127105
1196122087179653120
1199671699429609473
1196039840611098627
1194191671023538176
1191064905182523395
1196865087929274368
1197196913197666305
1197195889443512320
1197192330169782273
1192591748490518528
1191617778563739648
1192787144349245440
1191022293197230083
1195940890885406721
1191097310253649923
1194524326952878080
1195812266903588864
1199070572988248064
1196813957186674695
1194249305437147137
1192357081598349313
1198686010592432133
1192484383640428544
1192134926176522247
1198677814645534720
1198986199714713607
1198843521580576768
1190233043962859521
1197609268700155904
1195304758392823809
1190241991155703809
1191072867410161664
1199708562945122304
1196783162531221504
1197482150507024384
1195385132187889665
1195696928836730881
1196038125518229504
1197183542683426816
1197105091762966528
1196753805033066496
1192557102608404480
1196165035065778176
1192497819095056385
1190863399720230912
1192686649077096450
1197499753292083200
1196046695731224576
1190459570482794498
1199964105743855616
1195316849975664641
1196471245728100352
1199099753985904641
1196753436592746496
1198393262408716289
1195399835270209536
1192546946705240072
1194536490614886400
1192211973167030272
1197923004388392963
1191850853503770624
1192354724596592640
1191603631268741120
1191139005649346566
1197569085036515329
1196106989128032257
1190629943878848514
1198536753281404928
1200360402275704833
1197586599162372097
1197284707735605248
1196917442443907074
1193858538520678400
1192009119089213441
1190718029790896129
1200636850911748097
1195093981383872513
1193495312188497921
1197467013666476033
1197785298974978048
1197199264386048005
1194782832910127105
1194592490701148160
1199048679132483591
1191298450736009218
1198249093237297153
1191071009862029312
1196010103931113472
1200788194318569472
1191778085626097665
1198513434234695680
1195116809193762816
1198522868184817667
1200114576982982657
1191415655712612352
1199795742799515648
1192689630157688832
1191070655468449792
1191655581679063040
1194346373556166656
1195972352812765184
1194640284149256202
1196419662499717125
1193848181441863680
1200701102330658817
1193079696625426433
1191501870755438592
1191292198026960897
1197895395357134848
1195996794112610304
1195351655723732992
1194362962968031232
1198319102252789762
1193743428321984513
1190784796282310656
1194634509993443330
1193904786955022338
1197199012908142592
1200837527315386368
1197583827721445378
1196884666629967873
1197963816908337153
1191824457012264961
1196108167207407616
1195711628299395073
1193157442798080001
1196125819694923783
1191377564130041856
1195222999915520000
1194012297074745344
1192804100095827969
1198981999425400833
1199365515543810048
1196103212643889152
1197130677247971328
1199798527406288896
1196339629986897921
1196054028532232194
1195130840902184960
1192360297979424768
1198586202045202432
1194476154033463296
1190462197140471808
1192102022293655552
1192800518747410432
1197832078043308032
1191693530974113797
1194366165323321344
1192808125855866885
1195963540382896128
1196550191559696385
1196023940956729344
1195090753061629962
1194971938650767370
1196158588483452928
1191050317540069377
1196035457517158402
1197240572588769280
1196239110555537408
1194223021638213632
1191740058606473216
1197289243271454720
1192361964699340800
1193205692154470405
1196070576814796801
1192085173128568833
1197474243807793154
1194687989999378433
1200548378284843009
1195331010587697153
1196978766666448897
1197218743849562112
1192405083855695873
1196051223125860353
1194372215594205184
1192180872222593025
1198702583461924865
1197792003905540096
1196113473413042178
1193266258713743361
1196080564043997189
1200095635963338752
1194614566090690564
1194193929836650497
1192345142730141697
1192891896802099205
1198747076030427141
1196288471700250624
1195102561910632453
1191422674024747015
1190413288737267712
1192684423705067520
1194659730276397056
1191787203652988929
1200054307829305344
1200052855694082048
1195945699348799493
1193446931600678915
1194342508085612545
1193145927831302144
1198514791171657729
1197300194901155840
1191071836647374852
1191114955271090176
1198665064905089025
1196065468106379266
1197128795708252160
1200288911794331648
1192712101304950784
1196322850245939200
1193645718973665280
1196006176732991488
1200534831911886848
1198548086336954368
1197740307150000129
1192544476969013248
1195089247897890817
1192926447326904320
1195826301908729866
1200567843676393472
1197263325333250048
1191397686903263238
1195962285329698818
1200054706363654144
1197422831820267525
1196232371114270721
1196023702300872704
1197972121110093825
1196025595475451904
1197218192113971200
1196288468403589120
1194681182870487042
1195129837012295683
1200070088180850688
1195043930854825985
1191418570481254401
1198700657903054848
1191807979563212802
1200503446287159296
1191342844209967104
1195674166202114048
1200129133562474496
1195790670885195783
1191925897265172480
1191146700141924352
1200779744435986432
1196199541730664449
1200669841704833024
1198515855392423936
1193879364859027462
1197944798449192962
1192589834818326530
1197540743264399360
1199645234004672513
1191370930171318273
1200036218102321153
1193858395738120192
1192290661158064128
1191723252294402048
1191469727664738304
1193879541426593792
1193875253618978817
1196075652383989761
1196452200999985158
1192759258007449600
1194387963205029888
1200090019068821504
1197659179898621952
1194922792245968896
1199376162507632640
1190627243724361731
1193858800433946625
1200390102268227591
1197040858555731973
1198950533748445184
1198680079733346304
1197234540835745793
1194696261334687744
1194317996510130177
1193627086881271808
1196793301724258305
1198530944518565889
1197937790941569025
1193510846539939840
1199459681858674688
1198595383217344512
1194782025171030017
1191048344010940416
1194176054732169216
1197647901083742208
1192094844694515712
1196753468771520512
1198731423936655363
1192461188921274368
1200596694540472322
1191734549333598209
1198636168788594688
1197492255818502146
1196190036120809475
1195967315189350401
1198737811098259457
1200056585286037504
1197510638890868736
1196919365347745792
1196242879712317440
1191041524005515264
1198536657340944385
1191122481693757446
1190799462895095809
1191302190083825665
1193852670408347648
1191329790609018885
1191100885155434496
1197618681062268934
1194534362139766784
1200364582805680129
1197854560976551939
1200161850522054663
1193849560654843906
1190354914058342400
1192097489085779968
1197201684990181377
1190972926931156992
1197627955867983889
1191432333108416520
1191111861267320832
1191061128425676800
1191086872950444032
1191103739135954944
1192025791523164162
1198675233441484802
1198617324879781894
1193847953699422208
1195238616626323458
1198300256355672070
1198677641211064326
1195986240534958081
1194977971502813185
1192354003776081920
1191298088121622528
1191067960661725185
1197937871069622273
1192409400700522496
1198637228739694592
1196758860305981440
1199036239632044043
1199753959268896768
1193396336869154816
1199372243236773888
1198729784391557120
1196152288143908865
1193907575244369920
1191518163478945792
1190338839035961346
1193907918468501508
1196079517531623424
1199012564123951109
1196069240333328384
1197521446559453185
1200052839747325952
1200827478324973569
1197616745198112770
1191795150198116354
1192692908857708544
1200100838305386497
1199573090939871233
1200774809992519680
1191142084914364418
1194248026702962695
1197989531074662400
1194317525556846592
1195689163011563520
1194439459342827520
1196111211055718400
1194537299943591936
1193488591185424384
1193323762940350466
1194527058094936064
1191385774845046785
1192814712225980416
1191074984917184517
1192903933657862144
1195974868413669378
1191074244274401285
1190182326862520320
1197202285211897857
1193852703815938048
1192308194481074176
1198591302713184256
1194398520146575360
1195491497266819073
1197211679639179266
1195663709873541122
1198958062926802946
1198999830015758337
1191112011725377536
1194298008298500096
1193166601069244417
1192308518499565568
1192133957602758657
1191345886560952321
1193886651237519360
1197431673299832832
1197135491440746501
1193966027836739584
1194397012734685185
1191637476382826496
1200166836190380032
1194783174309662723
1199041449184169986
1197874559107715073
1195736823215116288
1192529937024065537
1200456077000744960
1197653703987277828
1196814125411770368
1196184728698834944
1193926406432051200
1192519925463687168
1198656519463735297
1198524643835105280
1197141462325968896
1194325688880443398
1190383370980728833
1192348299279392769
1191416090078973952
1193847763785732101
1190518222568787968
1192018003845689344
1200343195147739138
1196534863190515712
1195793162322817031
1195461401718018049
1193493870467846144
1191751866247458821
1197116208186843136
1190603968910630912
1191992873790705664
1200572812559298561
1194208572852363265
1191091076137963521
1197814443700305920
1196213836451323905
1191257583866306560
1197229590709755906
1192719327209885696
1192455523477667843
1194520560027492352
1199954933740711936
1190235845791551489
1198146842539823109
1194575208700612609
1196288481766641664
1198638166644809734
1193529547184123906
1193071967194271745
1198191039519055872
1197138393420959744
1190256428239462401
1198216934438899716
1200349567356723200
1192886495834726404
1195096222203351048
1197296565389582342
1195674794240466945
1194774444851507202
1194173420268859392
1193150578559504387
1197826665520549889
1199692909165121537
1192113437595357185
1200102529520087040
1192209840007008256
1199338821315264513
1192097361218195457
1191076738652102656
1197046758444093441
1198545563228217344
1197486115311226881
1196031487537242112
1196712599888510977
1193930883931217921
1190736859678334981
1193211531250610176
1193915068288819202
1191095585794936832
1195704609203015680
1197073341766676482
1191771579715375106
1190635629899636737
1199822001042530305
1193861213131857922
1194518008963747840
1200709488493449216
1196163849558351872
1200182597189550080
1192459192851980289
1199954324648013824
1191112570498879489
1195322525749788672
1197100317340504065
1196026645628571649
1191728807474061312
1196115062718631938
1198562727641440256
1195410872732139520
1192821864680378372
1194014001979625472
1192472895097839616
1191736477102858240
1193432626104807424
1192519759797071872
1199947848198098944
1190203707276898305
1198662005391007745
1191684098324127744
1196110767982026752
1196900546264870912
1197617090091458566
1197573685013630977
1194374167531081728
1191433581102608384
1197503252708900865
1195305562667393024
1194648876772409344
1193895328023547904
1192919844875882498
1198501618154704897
1200463364088045569
1199448646443515906
1191054184499568640
1197806822670979072
1200189463193964547
1196901317136003075
1197598349966356481
1196747311965233153
1193848841411465217
1192804109776232450
1197962405172649985
1197158458245754886
1197193769076117504
1195415349061132289
1192744215740080128
1197240179892871169
1200352934556553216
1194240073518272513
1191783451126620160
1196364613203349504
1196673112873603072
1196065494031380485
1192488645896347651
1197210818363961349
1190644028687241216
1200025078408339456
1199223855635718144
1198170076135882752
1190233713096966145
1200787395010027521
1192069701221912577
1199566820539293696
1190203432159842304
1194732418277740545
1192092160012750848
1199963540129550336
1196915837472591874
1195703698460233729
1197180812698931201
1193486505093816320
1192411686843625473
1200189423884914688
1191418460431159298
1190220866606575616
1191111885388746755
1197779531999956992
1192172820098408449
1197550890242195457
1200088661011894273
1198616536367403008
1198464855293988870
1194865730862436353
1193088805328302080
1197270380181934080
1191016526629023745
1198531257841397761
1198693935826296832
1194150572133429250
1192102785820569601
1200340585946726401
1200707919362371585
1198560649351172098
1194007420974063616
1191755490348404738
1196073054184656896
1190255382926635008
1195637407091220481
1198677133385580544
1194969057113624579
1198676449080811523
1191057687070593026
1196895436877049856
1195321880267362304
1200137052584652802
1198971739964923904
1191853291803680768
1191627950514409472
1195732686662459392
1200029683468906497
1198995393805205504
1193801944424468480
1195794841843748865
1190238102561992704
1198227540579667969
1196520671230214148
1199777388567105539
1192891571219435520
1196055404582711296
1191326333189668864
1200058405219647489
1190302874556862465
1194028907344912386
1194546904790654977
1196146189625937920
1191825910879674368
1194564036404424705
1200360313595604998
1196352366548856832
1197800652220571649
1191419732655783936
1197869248489623552
1200822987752116224
1193796782490312704
1192932306853302272
1198514555502125057
1192334358935244803
1191062025679654912
1200822701063053317
1193491530360725505
1195321630895099904
1195042253498130432
1198637003438465024
1194530269308608512
1191287144087740423
1197300297753866240
1192456942377209856
1191419141808435200
1200395323518136327
1194644490436456449
1197416969772908546
1200373590476103680
1194369142687703041
1194366148411895808
1192064687468425221
1193852188491223040
1190233835679731715
1200042450582147073
1198682117053517825
1194954071498723328
1194507375018950656
1194340870784536577
1199827046043725824
1196793355923009537
1192773901887004675
1191483483618791426
1196068019564400640
1190186930371211265
1200806726712381441
1192309671803015168
1195442931320205312
1200104308391448576
1193890265959976960
1196708460349534208
1194953216779333637
1191267632047099904
1194243166033137664
1191778434810286081
1193900494214901762
1199924138539995137
1195857119989452800
1193256808091201539
1197797244734492672
1194398257637666819
1194154444235137024
1192730043824390145
1196042815270248449
1196257983434543105
1193864476350656514
1198678693784231936
1199358644019716097
1196133414719635458
1192368165323526144
1194569338285625344
1198601703316176897
1193636632844476416
1195636957268905984
1192499881560231937
1193463472866156545
1193816703538520069
1192913587095953408
1197056745895583744
1199011149599125505
1195412646906023937
1193258304153235456
1194383128611176451
1193285965495914502
1199603601695526912
1196342236532920320
1190356062878208003
1190148657288495104
1200117046404698112
1193801599526821890
1192486033126023168
1192201563969933312
1198519775699374080
1196799560619876354
1193437154518720514
1200718192781512709
1192466059732963328
1199395530314526721
1198997321972961281
1198513706856067073
1197195933370507265
1195805194522628106
1192200423953895424
1193916836427026439
1197880915650891789
1198562443657654272
1195977393971830786
1192476076410310658
1196052545678008321
1197805399098953728
1196743573305221122
1196811946282106880
1190315591237849088
1190203905893969923
1198173482611363847
1200888201369526272
1196105826617966594
1191982296401879041
1193471086186442752
1191058938353061888
1195971091950374913
1193844589637099521
1199109517465804805
1195982415191302146
1190914809849667584
1197483793189343233
1195808804153315328
1196040304450850816
1192234653022904324
1197491930185240577
1197404651425017856
1199772334015385600
1196843215175004160
1196414023832612864
1196098169886707714
1190759984163885056
1197127932831051776
1190596785003225088
1193822438263599105
1194633419545661448
1193151032412581895
1191705585445724163
1194309431191900160
1197790283318136832
1200073868133773313
1194350466165026817
1191438037013716992
1196123435618967555
1196475256589996033
1198691267863023617
1199752727703773185
1199075277835513856
1198568618096758784
1200866626578657281
1197973256415907846
1197920801128927232
1197228428145106945
1195334969935220736
1193888226534146049
1191293532155367425
1192345615272837120
1195720945115242496
1192744572851564545
1192130884528484354
1192455279188815872
1200596861762932736
1199800082847150081
1200395455802331136
1194609751130288128
1192456923490246661
1195788095997796355
1193609009825296389
1199264050204565505
1194692821262966789
1197065735845089280
1192156832523051008
1197170941442351110
1200364345684709378
1196484669174419456
1199073788610187264
1191286410671775745
1194333239478931456
1194227030134599680
1198709115071213574
1195475286755880960
1200170956972535808
1199345008056229888
1194344313397940225
1196152177141714950
1198639728440033285
1192542338880544769
1196356288130768897
1199230540836212738
1192003685699731456
1197177202623877121
1190289112793845760
1196427012782592005
1198413576144375808
1199828683789422593
1197780585709789184
1191663394434297856
1191306859329839105
1192445771016278016
1197256715705696257
1197230595191050245
1197457310534295552
1196535306612346880
1195407583072473094
1196159836175683587
1194512209122074626
1193520660259180545
1192407176620449792
1191061267924049921
1198602345568972803
1198629305783406598
1198519504827011072
1197837781571031040
1198341085782786049
1196288488787906560
1195801150940942337
1192352519722164225
1191768692880760839
1191428163152351239
1191689825625227265
1192352761435828224
1197268669417558016
1197483415798452224
1192142342943334401
1191777752522862592
1198654581984702465
1196054167279882240
1192005660092850176
1192118212479111168
1196425184653299714
1196149035217956865
1193491572844830720
1197243969517838338
1199820656709455882
1197453979099320320
1191060935403884545
1194774205017022464
1192492286183116800
1194979642832310273
1197624200837636104
1200024991808536576
1194978944765845504
1197992900275122176
1192956025558765569
1191058084371845120
1196494485024395265
1190350230321020928
1192312886271631360
1192194896561606656
1194387762805452800
1191067403477753857
1192006799962124289
1191493010028142593
1191492517306490880
1192817170373369857
1200400503739502593
1192550336407330817
1197056817311948801
1192113519317139457
1195488385042964481
1198603491402493952
1192557780139462657
1195080038334550016
1197434652308516864
1199084925108006912
1193679694320881664
1198313489233850368
1192493256275353600
1197212009240154112
1200890450720296960
1192475442701307908
1191050958081609728
1193155278893649921
1196198797354909697
1192187998508605443
1198324146356334594
1194149099852967936
1193960407498657792
1193497432996425728
1192487086651252736
1193855296172699648
1190650766022889472
1196309105742417921
1195733771011739649
1197830373029371904
1193216635454328836
1197126367281864705
1191447445827465216
1197557774940606464
1200309618506977280
1193733012971765762
1190670977354620928
1196074846704328707
1191044943328038913
1194326579100282880
1194535578219556865
1195669117510049793
1196142453251813377
1192105271222509570
1198583652482981888
1200516342425759746
1196725539442180096
1197195903393775616
1193461315441975296
1192036170236076032
1191231383039070208
1196787979194445825
1190234077384859650
1193908970324398090
1200358051133493248
1193181188850159618
1197147747142516741
1196197459090800640
1200405889687179264
1192736014734942210
1194896499420913666
1197196783174205441
1193149775257968640
1194190030111158272
1192331634437185537
1196382134895882241
1191763978604687365
1191102282080935940
1190388648165945344
1200346539937423361
1197898258917527552
1194323004521697280
1200302845817479168
1191359472876343296
1190560780317581312
1197486162773979137
1191105096702136325
1197491515444121600
1194546599529189376
1195808645856010241
1194601582555467776
1199092970424811520
1192427265734463490
1199638939100991489
1194641979868688384
1197926957591203842
1200038063067598848
1194547135838138370
1194294794010402816
1192357022303322112
1191827698462662656
1193309437991309318
1193917500016209921
1192554356069085195
1194872415085629440
1200567896793112577
1190409746748190720
1194023677064630272
1195079783039811589
1194373355283140608
1190181199194537984
1190189725602242560
1193149317722386437
1196161847487082496
1190204551179227138
1194740124615086080
1196084341727739904
1197515591613108224
1191092954225631232
1197404117330792449
1192402015185489921
1192281109993807873
1191386798393643009
1194363891125542912
1194799526546161666
1197235310159159297
1192866474211389440
1195964801660411905
1194347836525219842
1194241440810983424
1192411474297335808
1199044870595330048
1194353095083462656
1194604577204649984
1200112812288331777
1195050522790780929
1191063083977969666
1198691302487068672
1190247364134670337
1191506972346068999
1198605880746483712
1199260631838408704
1197492418137989120
1193117427942465539
1190668081472913408
1193079571677093888
1194242747475136513
1191062770122444801
1192442546678632449
1191104723220336640
1196039038853095425
1194633405922598914
1192430270898692097
1197378998105493504
1197102445924691969
1192354028794961921
1194284954781437966
1192358704819179520
1192557485267312640
1196426895220445184
1197510852917768192
1191998782726189058
1196553666427342856
1199672311135264774
1194502397416136705
1196729763668385792
1199675305943805952
1197098408525344768
1192412975178682368
1191055694327357440
1198858282036801537
1194304046481494017
1199637078637776897
1200773858694971398
1196232859717193728
1194214021513252864
1192538727102525448
1199570120651235328
1199444772810903552
1194728389204217856
1193844571400220673
1193858967308558336
1198583531439562753
1191829255929421824
1194194739115044864
1194704369540878336
1196838918110547972
1191645557829361664
1191696446535487488
1193877848723001347
1192197881626857473
1190915427855192064
1194338781614223360
1193239824469282825
1192090741079773185
1197778011048861697
1191739275550896128
1195741082581114880
1194593985051922432
1200873626008006663
1194335309691072512
1191307663574999040
1195728196400025600
1197917049076568065
1191141308175441920
1196144751466156034
1190700963729948679
1190186688926142465
1195090733759442951
1197306380044115968
1192480365224583169
1194336784416686080
1199664309573496833
1196708614532161536
1197652728333373442
1197224969253638146
1197500169622900737
1191657684858224640
1191257526018461696
1193914026738290689
1197069135731134465
1193889866687270912
1192399910395686912
1191306225817935872
1199332745786212359
1200042426410393600
1192358912520900608
1200142616576311298
1196288408588566529
1197264153922146306
1195177554635841536
1196065752782135296
1196742068913233920
1197602598083321861
1194772521452789766
1192357701138948096
1199235986275864576
1192359741521092609
1200134798154620928
1190708482120568844
1191059642836754435
1193653173921157125
1193469191468269568
1191984745527296000
1190706751013822465
1191021044242550787
1192474263934115841
1197875664076058624
1196166694902870016
1196083074292994048
1191671679635853318
1200761671393914880
1197291749808496641
1191053792407695361
1190203738604085248
1199329774008705024
1192460123710599168
1193257793706434567
1196915809911746560
1191157219636760576
1200054803893825536
1200605534769963008
1199970868715241475
1200477563598049280
1199410065943474176
1199076058391359488
1199331078303047686
1194312725163323394
1193989680582320129
1194315708768890880
1194707728633147397
1190706205410369537
1198546179866406912
1191111536175132672
1193100352310202368
1191499001776017408
1198513922447421440
1198969963706568704
1195008535236661249
1200161353362812946
1198642075056713728
1193797909512425473
1197315273440813057
1197276774910103556
1192134066038071296
1198579107870720003
1190464336738865153
1192685994782461953
1200330109095419905
1196247914852556800
1194783115140620292
1192308793973100544
1195053874928914434
1192578551683395585
1192515935460102145
1197950371928387584
1198731649619578881
1192362990433112064
1197940910086074369
1196216457593544705
1193879760348307458
1193645531270205451
1197931335110795265
1198589659116457984
1193874357153603584
1197467037934718976
1200042431535861760
1196718430411509761
1196541796702134275
1194680393007546374
1197827706882273280
1193443233969377280
1191786832364802050
1197762201844617218
1193561047938076673
1192553103129763841
1191716801442467840
1196195160478158851
1193909829934419968
1200834907083284481
1197494927359385601
1191354410833629186
1200679836810911744
1200485898649047040
1196288441631289346
1200530343511523328
1190963905822101505
1197262136713601024
1197782486010474496
1194609146412355584
1194555184988540928
1194531145267863552
1194488517700804614
1199003727455281154
1200354530325610497
1196694271186915329
1194349386643517441
1200056558195003392
1196148518240620544
1196096253324677121
1195053585647702017
1197477181963808769
1194210980433211392
1197231960835403776
1190612595792846848
1192091160359116804
1199780797798133761
1193782554333208578
1195018415129407489
1196893680076042245
1191879280764104715
1198191809547161600
1194323225599193089
1192474454896582656
1191417421250347008
1198219343861035009
1190253471045505028
1196923867534680069
1198313493612523520
1192176795627458565
1191769911959396352
1194604756880240641
1191769590554083329
1194352545579315203
1196137186749550597
1195335816844845056
1197440456273076224
1195815346495795201
1190212414781849600
1192785895772033024
1198557591170891777
1198543935985065984
1191286918778105856
1200899043720867840
1197216130701647878
1191342991664963586
1190899701761134593
1194304173732454401
1197580736250994688
1194341655954018304
1200196543946604544
1192220107306655744
1200369879116898304
1198185868323934208
1197045525285081089
1190621017435193344
1196149440031215617
1198532840280993792
1192352331737624577
1191447070487367680
1199329034250969088
1190211899868295168
1194977990649749505
1198958981219323904
1190693577321582592
1195825296953561088
1196225020558794752
1196022702575947778
1191110443668058114
1198585922348109824
1190629107161354240
1192416405401952256
1196016181402112000
1194314016132349957
1194527350735720453
1193899851265785857
1199764178220781570
1196076789208166400
1194313208191864832
1197981200268365824
1197564314816782336
1192185976359129088
1193824047483772929
1197251780842860544
1190578250495475712
1200036276877103104
1190613476781244417
1197605917119991808
1194773761179967488
1194252762487365633
1196080565751074817
1197296462310318090
1195955993416474624
1194627759437279237
1194320156744454145
1196158703784906753
1198896359153291264
1196897688199081985
1196151038950154241
1192143290923126784
1193495170647502850
1191116133124001793
1200145704015949825
1190535295579676672
1191460925280309249
1200101355693789184
1196169366997553152
1198982542487171073
1199228242999291904
1199142056729497601
1192440201815216129
1192412306573025280
1192370828983382017
1194571532628111360
1191074259352924161
1190900344328531968
1197135825592561674
1192931294881157120
1199583668819369984
1192582243786657792
1194970796277583872
1190790804710854658
1196782465521725445
1193364873012490246
1198517230671220736
1194347005587402752
1199779977740406785
1200506264268218369
1194314778002567171
1200083453238222848
1200820939035951104
1199617719689195520
1196200637530345472
1198830796011913216
1198668304048705537
1192471182588731392
1194417871792824322
1195442348257361920
1192557257944371205
1196220233289281538
1190549927061049344
1193812810989494273
1190140691176939520
1196741766088667136
1192431507463229443
1198294259725668352
1192073734355636224
1192825873747054592
1196060769370169360
1196085982011019264
1198537800112627712
1197442053921234944
1199766362081677318
1197605709824827394
1197417886052233216
1196013578727374853
1198549109411590144
1194664593794183168
1193663573781893121
1198628502364413952
1195260490055868416
1194692480438022149
1196096994130960390
1193876551395348480
1193436441277284352
1190359405595901956
1199770568335200257
1198551855351173121
1196897361634758657
1195803116622495744
1193945171752345600
1190234362471763974
1198092470971748355
1197146368659394568
1197194240004108289
1199432765290229762
1195275244115832832
1191078423583772674
1192392296983154688
1192579743935352832
1199802239969374209
1191428755551608832
1191048140037726213
1196128024401448960
1190321834664833025
1195833657094787072
1199322559562625025
1192341102650646528
1197892327961976832
1195831819142385664
1193849880579657735
1196978789537988609
1194701706501804036
1191271365401350148
1197846102885703680
1195673905605828608
1194019623911473152
1190562669956419584
1195937115621732352
1194303682155819008
1197782609339846657
1196182483496247298
1195818487349940224
1199136862775992320
1192161023639375872
1190555807861157889
1197879813119234048
1191320648867557376
1195081355757019136
1192690965426921473
1191509075198173185
1194236692485591040
1192548623130775552
1190600689766092800
1193170405319696385
1196161342652272640
1191945553099276288
1194193889961402368
1197628283770282006
1192135611874004994
1191247849436135424
1190353505661411330
1199741349865635840
1197542934247329792
1194539064810188800
1191074961689075712
1191074124543807490
1198664906633076737
1191180373973258240
1198660603696623621
1194531590472454144
1197050149224275968
1200333075571449856
1192490554166333451
1197130360980721664
1190638692404203520
1190909226161324032
1192550522907242519
1193517959295229955
1196735661233131520
1200480379523805186
1198314560203231232
1193612633187999744
1194127688384098304
1194339396121587713
1194544270868451328
1197173858735968256
1195038051455688706
1194979612339712000
1198541003457748994
1197595497227259907
1200363839700774912
1196725356704751617
1193989275911688192
1192856555453992960
1192772187922608129
1196091188136337409
1198673480750907393
1193840024976023552
1192011279285866496
1191975185303457793
1193929714202791938
1191096905750761474
1191102477732634626
1200367205873070080
1191970230349774848
1194340904921948165
1191768095163060224
1190397996820766720
1195984940283957250
1192360568021274624
1195991037740769280
1196293341366767616
1193174527070605312
1195685150895554560
1192530689905831936
1191791580266532870
1198828074160328705
1196871746130972673
1198662365040037888
1198569557226602497
1194535525178396672
1191973991298355200
1197592710888247296
1197448041378258944
1191814132586229767
1193797089165230080
1192939255045206017
1195777947120099328
1199675403251671041
1191976324006584320
1200192962816331776
1198679804956041216
1197654275712864257
1197058312342294528
1199043211123200002
1199009564496150529
1194224928003960834
1194340805332348928
1194703771919638528
1192429754965790727
1195022775087517698
1200408043156103168
1194774596463009793
1194353856483692544
1199383317956714498
1197474829676556288
1194203513183752192
1193466796118020097
1196918930184519686
1196493954356830208
1198688730594336769
1190268377803186176
1197417106851205120
1191295327804043264
1197523078743506944
1200868449083367424
1198974761692467200
1191149788798111744
1190684998174728192
1195455332350398464
1192361908772524032
1200108149979713537
1193473543754919936
1193235839557492736
1200227947786969088
1200433711994613761
1198520759334899712
1193667074259902464
1198968728857255936
1198661664633184259
1192890287644958721
1194356396046860289
1197630415189790721
1197553299630768130
1195606941566783488
1198180654984433666
1191655155860680704
1196006763646144513
1193881136734322691
1195662451141951488
1190471371165437952
1195588116611907584
1197591805673582592
1197531559492046859
1194160377795424257
1191820042649903106
1194641214882111494
1195713027514998784
1190286262772613121
1196693101454200834
1195308686601838597
1194676089274208259
1194303636299534342
1198711199988355072
1199992227705106433
1191822782847504386
1192483389292662784
1200328322342887424
1196201361987248130
1199786917900046341
1192316521135190016
1196288424854118406
1196083854764859399
1196698290324221952
1190917000173932545
1193167490211368960
1192707822011719680
1192411104426770434
1191679822596116481
1197765427482501120
1194200517959925760
1193849755073437696
1199074384364875776
1194980586177347584
1199644535799726080
1190558558389260289
1198912584315002881
1196763793394667521
1190234416427208705
1196118325446746112
1194968812648632321
1194032407273455626
1197781328793653248
1194515804433371136
1191448109819273216
1194006995495464961
1193821010170204160
1198532350302392320
1194531107686891520
1194194604054237184
1198619562838646784
1193118773311614976
1192710679557488641
1192004312957882373
1200696873167835136
1195843028377882624
1199595091444281344
1195815028122886151
1196815465743634433
1198345088839147520
1195773176652935169
1199693127952609281
1200051620337405953
1190252991313580032
1196034992465465344
1196131126684856320
1191465379392036864
1190976144260120578
1197850905913245696
1199433801786679296
1193858903404154880
1197585695314976768
1193905365655703553
1200051630173032448
1197492958230130690
1198662923939459082
1196025206764179456
1193846501321129985
1190636440138461184
1195868320978931713
1195853931047530498
1194546141364457473
1197920157307416579
1196021436764360705
1192031071518392320
1192174793761730560
1197572739105804288
1197546166738735105
1195959765958119424
1195738807250903040
1194660111236644864
1196809786815324160
1197784268816162816
1194775537907949568
1199970698585952256
1194318380783812608
1196288497340039169
1199365779583569921
1193920378038566918
1195424282014355465
1192360486941024257
1197482894266114048
1190462937921675264
1193111551215120385
1199413357587120133
1195866580560891904
1200310313264005120
1193851311952973825
1192000896022011905
1193254660817195009
1197961064001998848
1199000061683867648
1199227120616116224
1198657454130769922
1191874126878781442
1195080082731208704
1192134804051046401
1197251716829323265
1193891318335967233
1194608973338619905
1193861057074339845
1197141685379182599
1193101305251803136
1191096478200139778
1190725877543378945
1200824285369184257
1194783744114249729
1196032095526772736
1198330691303460865
1199412414942523392
1196288501643431936
1196099436281249792
1199737604712861697
1193857939792158720
1196838892000944130
1193089968496885760
1194277142667956224
1200114577834479617
1194532120657575936
1190611639957106693
1198210675782365184
1192933237527592960
1200154911482241024
1191356309079298050
1197387489004027904
1194995633226166274
1198165554869231617
1196471138681012224
1190420844503326720
1191037114546343937
1198607864115400704
1192758158516723713
1191727939198607362
1190361957171417089
1192400078662750212
1197212324291059712
1196199401687068674
1199295753883131904
1195356574790881282
1194153672139321345
1200405467471724544
1193884406030704640
1195085170380025856
1197006828959391744
1196200062461861888
1191487502844121090
1200285038409125889
1198356063927582722
1198988321915097091
1194512465205301248
1190762957816373249
1192345149881192453
1196288458085588992
1192086611665797121
1200111973544988672
1194358990781788167
1194347144083333125
1191049036087861248
1199404428505341959
1190357207428337669
1190956836058476545
1191322720862134273
1197673209048567808
1196571355182968835
1197619770109169665
1197283632873902080
1200119687436210176
1190458499010052096
1196927640395026432
1195050296000602116
1194538743685890049
1192578934166212609
1190601192939966465
1197794916287549440
1196335760632434688
1193059040726855680
1190253065481474048
1196878431209824256
1193887151475347456
1196203451371466759
1200342611153891328
1200518664644177920
1194323250874068996
1196041106238115840
1192105469302706178
1191378436348092417
1197239097020030977
1200425532623601669
1193667971417354240
1200495938910834688
1199039065598971906
1198518404275212288
1193172457517146113
1190727711288963072
1192088253844865025
1198516690709028865
1194774027010760713
1192690433656344576
1191443391600627712
1194351944036442112
1195443580321619973
1198677269167951872
1197193895869898753
1196333802127269888
1195107733252583424
1196846883362267142
1196937654505496576
1194920355112112129
1193930502476107777
1192023545578176514
1193500978231816194
1191330665486311425
1191057083589890048
1197805474122358785
1199820776507088896
1196090701743902728
1200718707489681408
1194626637028974592
1193565779142332417
1200132154795139072
1197131859194462208
1191738666634416129
1192594568002314246
1191100391196430337
1193466228653858816
1194397997167267840
1192091613637558273
1200022778000355328
1196288492474646528
1200145728691146752
1199863979557953536
1195721524239581184
1194671019505664001
1193879068120244224
1199699773214920704
1190741794335662087
1200272720858095616
1197241960655929349
1198572225907036160
1198587143645487104
1198541769870151680
1191396699312459777
1190641327798661126
1196016389653438464
1194893223203942400
1197210674373517328
1194963022395138048
1190898863042899968
1193122120169070594
1198839116483514369
1197256662245105665
1192422426862399488
1200462804735680515
1196190681573797891
1198852803902496768
1193657687529197570
1197884232632274945
1196004898250330113
1191818621795876869
1198211550059933701
1191790512535228417
1190670714912825344
1190749705740918784
1200047751981084672
1199389261587533824
1195975268365668353
1196804812442161153
1197163644875952128
1195805202881875968
1193821837643407360
1192132127250407424
1191419140340363264
1194559604308545536
1191642311475810304
1191621973727682560
1197943383559462912
1195440731697156096
1196288465161330690
1198333951514959872
1196781461246029825
1193235608006774784
1192345605655236609
1198590270671130625
1192010672072204291
1194581344531165184
1197273271638597632
1196093258348335107
1193928043942703109
1200106357040582662
1200326156802838530
1197479252779814912
1197470964239470592
1197823726148050945
1191655482211090432
1200115602163142657
1190547037936345089
1197602067554209796
1194874814516858880
1191479172281126912
1191768725818630151
1196539723411599360
1192069828598751237
1200064770688389120
1198351299374436357
1191415311431618562
1198751002423373825
1194204532215107584
1197201179081621504
1195252703456313344
1193923668973379590
1194967925679120384
1199755721937735688
1191098066125905922
1197826790561058816
1199099634527997957
1199809147635740672
1198678605590650880
1198545073916596224
1193851300426977285
1198628620354359296
1191097286270558208
1191139724385239040
1191418457541238784
1195804126627676160
1198316549750304771
1193274867807903746
1191094273128697857
1191126553788329990
1192142691179646976
1197554377868881921
1193915232193851392
1196859970744193024
1196091067671683072
1195080009821696012
1196254208904835072
1200159166091943936
1197285527852064769
1196073626203774976
1198974711339913217
1198561797101502464
1195471237771862021
1194234430694608896
1193246468959875072
1196533094704177156
1196808770334146560
1191512859697729537
1197088088620703744
1196864761566318594
1197459462279303168
1196081876022243329
1192015442023456768
1191141357617864704
1196076795545735168
1191202354852442112
1197137805413093376
1193620822713413641
1191235776052416513
1190902077079392256
1194229496750202881
1191178825339674626
1198526493263052800
1197973612495560704
1190696740631928832
1197276311087173637
1195695033325740032
1190486805323436032
1190309849298591744
1198548419901566976
1192309736689012736
1196801481623691264
1194364549027258368
1196221129817542661
1197872726926643200
1194383126019166213
1193850473402568705
1200106040131489792
1196156076577693696
1200065380380815360
1195039991153537024
1197059946912899072
1193134907847036928
1190561023750746112
1194145928221003776
1191717899913830400
1191142671672365056
1194581423287656449
1191984628531388416
1194294985341984769
1192794814355574784
1191286273954189313
1197946488917286922
1197160572049117184
1191474436794400768
1198979204521644033
1192134650308833280
1195001077915099136
1194859086841597953
1194603159760625665
1193211516432064512
1199572185351958528
1197783725691613185
1194783482309939200
1194156798980300800
1200487377879404545
1199960816877023232
1196008411915268096
1192486685763874818
1196224008162881536
1192926133857214471
1198012541189984257
1193850698020118535
1196754975944323072
1192451447214002177
1194532161610752001
1200064925021941760
1197154241036636161
1194723431608201217
1191430706360176640
1197797857966866433
1198677851765129216
1197598156562808834
1196060643738161152
1195064612573655046
1190368901210750976
1190238619216146432
1191995408995770373
1191832588362629123
1191494977106391040
1199312096430886917
1190335165668757506
1198684084375035906
1194488529478389761
1196078217549041670
1194956348703805440
1192427958486605826
1192026485965635584
1191082038130085889
1194237673067692033
1191845863565484032
1191080036192964609
1194319392919691266
1196116027349880833
1191809234201169922
1195487219177406469
1198177313244033026
1194552641499598848
1193668474784165888
1195716868532789250
1200902565627645956
1194573979979116544
1194538689818435584
1192188686722572289
1194847117346557953
1197443536922259458
1196573281299697665
1191366653176614913
1193868388260552704
1200905396552130565
1198949276291874816
1198554143704731648
1194876071667290112
1199409975778594819
1196088244640927745
1197503569349480449
1196288508668862465
1195010732238221312
1195671505973194752
1192114690811420673
1200083918923452418
1192354889101434881
1194035865162584064
1200054332995059712
1198641081090498562
1196816969363861506
1191095910031384576
1199014320425881602
1198579986699096064
1194235637446139905
1200105299572658182
1197473089631801344
1192360107729981440
1198679142008578048
1194257310958444547
1192345723448090629
1192135034863521793
1191315817192927232
1198563313552109568
1193863179413151744
1193604358258221060
1194532646539407360
1197756692366278656
1193261645163900929
1192771044056223744
1190549673678983168
1192716997370494976
1196748809885376512
1196653626787106816
1196134112010100737
1195803483628331009
1194783605555433473
1193831834905395200
1200323509249101824
1192199896465584129
1190725972976381952
1196073150154452992
1190731046481874944
1200558636340260865
1193546948634173441
1191059702702125058
1196565511649349635
1191910078888046593
1199776881723297800
1191330086907240448
1190342754032902144
1194623391476510720
1195080166176960524
1192439478629158912
1194018324339920897
1194000004580610048
1191810559483752449
1198506607086374912
1198175517540831234
1194549948416704517
1200316389954924545
1194017736734728192
1196081840504868865
1196156060928753664
1200317408541577216
1197134252569182209
1196013755814932480
1195384036920872962
1196822475826434049
1194275562430369793
1199267984969273344
1192906369986433024
1191841678904168448
1196190508529389568
1197792051682856960
1194515426107166721
1199821122155556869
1200064993166798848
1194313890567479297
1196789265843335168
1198883625393147904
1199752996759986183
1196090603655847939
1197194240671002625
1200478219255857158
1191410112910503937
1195016638065709056
1191377886877499392
1197775932519522304
1198010142970851328
1199327169765421058
1193903729818394624
1191097521336147968
1194019692261859328
1197483772113047552
1190285795736854528
1191515266871709696
1192905223754436608
1194775004531040256
1192375144561479680
1191365022070591489
1197268453448704001
1199403559411994624
1199428378916466689
1198728887628423169
1200016159912943618
1190561035578757120
1192458518663696387
1197499593094774785
1198731204721291265
1196596256895885313
1196685334886703106
1194521954167984128
1193441469278883840
1196032758172323842
1197240401612197891
1198665982388166657
1196590536230162437
1193547511165837313
1197591782445502464
1191409357407297538
1194197418641936384
1197275902473908225
1196078329293656065
1191596073153957888
1193215150674915329
1191330358396100608
1191068597742948358
1194334969650466816
1190192784365543424
1191415494739451904
1191053141426487299
1198051395636727808
1192131942403186689
1198883612977958912
1193795020203200512
1196036587240468480
1190635368976191488
1197242324830609408
1194371250656890880
1190760688597241857
1198239291568197633
1192409034676228096
1191351070183841793
1191385221473722368
1194523258625970176
1193071751649013760
1190398198516465665
1197344901010251776
1196186032896647170
1192179286284886017
1195677674666106882
1194553672522436608
1197846543749001216
1198237483940679680
1197218529394774017
1195753047286255616
1198529205945950208
1195066044337004544
1194493979800289280
1193551947338530817
1193897122422312963
1193211506592296961
1192403828827553792
1192189323187294212
1192061690692751360
1196756003112529922
1193657577743298560
1191617965558509568
1190310668731375617
1196993641635602432
1191242584330579968
1196073032470736897
1191248472881737728
1197404359153389568
1191327894691340289
1190296789318086656
1195856695215439872
1199307577995284480
1197142228214452224
1197593100736180231
1195035149660033024
1200627310455484416
1195238086030049280
1192692866939834368
1198852047753433088
1195743782714707975
1194193723376181248
1193850431891496961
1191616406640644096
1192732203534475265
1191677376276639744
1200708611741224960
1190680509459902469
1193257974439043074
1196077335629508614
1191337941257375745
1192774380700553216
1194783261689602048
1197799570266304512
1196009206031278080
1198450765968265216
1200477858231177218
1196919533124161536
1190392615742693376
1192685768201965568
1192347052795146242
1191656556783374336
1192448524794900480
1193474377733562370
1194568097862225921
1191345549720670208
1192419848002912256
1190674400695193600
1200355005435383808
1194542666731659265
1199763711780626432
1197496694981767168
1193999741224464386
1199477331754180608
1196906566286532608
1195305619949010944
1199332682775351296
1195776648509034501
1197673239817928710
1192928316891815941
1190266843937857536
1190215628294180864
1200143359198806019
1200323679038705665
1198454054634041345
1196171164760125440
1194303732869152769
1192810084650364928
1192096427494854657
1192422240492687360
1195704589863006213
1191285345029103617
1199601170567901184
1198620915644485632
1197627798837436420
1198988432128847873
1197553414227537921
1192120498571939843
1191764478687416320
1191287274601885697
1197776823603671040
1198753586055913472
1200068315584049153
1196813169370521600
1197503320371400707
1195808195463319563
1199024957017198592
1194316189062848512
1197197007787626497
1196190611663142917
1195702573644300289
1197856989398872064
1198175120092782593
1197277425073377286
1197837770749829120
1197241290133508102
1194209957299785728
1194191105568509953
1193432843214606336
1191991179644166144
1196838896274935821
1200035038978547712
1191680839320555520
1195944667340328961
1190200112150134785
1192160124263174145
1196114539269558273
1195870872978034688
1191095404609323010
1200368424054140928
1200303115196682240
1199269132954456065
1198707948664631302
1196910781356531714
1196495016836907012
1194396698023538690
1191393652221906944
1196288421267955712
1193117737171722240
1198172377487695873
1192825649133740035
1195388423743442944
1197166198741442568
1196547968637292550
1192090727406280706
1199376160934772738
1192486364157222913
1190806094282678273
1200088409571778560
1192035918863052800
1197785317996212224
1190595848012476416
1198732275107676162
1198696100577841152
1198679857078702084
1194303886040977408
1198514994834477056
1192555923115515905
1193802147231682565
1194345393158524929
1200878441308004352
1199084292476981249
1197176446298546176
1196728034126106625
1194965258160488449
1192434432952586240
1192009296931938304
1198724821196169217
1192370482563207168
1199850181027610624
1195032018914074627
1195613241193439232
1193264440919175170
1199093804650893314
1193177827652313089
1198531964032172034
1198631118599270402
1194213392342568960
1197576211012182016
1192134538211840000
1198138519371288577
1190367938395738118
1192458257710960641
1198589370753835008
1198553033094946816
1194685774928711686
1193180412681621505
1192538419941040129
1194136341988171776
1194539564116926464
1192592204231041025
1195805284545040386
1198564392708771840
1192115127094562821
1198693155094323206
1200857143173365766
1196844950085877762
1193889251424907265
1198281882397478912
1190252600450584577
1200132153360687105
1198704895655907331
1194323021047185409
1194198313853210626
1197939419094888450
1195775495847239686
1197241662583517186
1194979201075548160
1197124830618935300
1195056028980776961
1192337553602551808
1192220890018304001
1198590876144013318
1194316852522041344
1196047861819023360
1197793991829475328
1197501904034643969
1196164456142819333
1197146459663216641
1196847757899776000
1191052671077236737
1196078397497188357
1191094676096475141
1194546022162354176
1193185220197060608
1191415861132873730
1200132249083154434
1199074137748189187
1196130805040525314
1195982292260442113
1190568103182307328
1192545942710423553
1199753586705666048
1196174933107388416
1197510267871154177
1199569104736280577
1200437485798600704
1192446687916253184
1197155493652901889
1191120010955153411
1200170501924102145
1195460529814417408
1190264842634047488
1197046946109820928
1194478476851630081
1194401647621025794
1195318057222254592
1196085630981345281
1197559175263531008
1192133982911115264
1198723935791144960
1194329900334886915
1194636805926215680
1200151568781197312
1190667497810386945
1200614167486402560
1196403201022611456
1198690127465373697
1190127837098852352
1197805527251800064
1194586456687284225
1194269603121246209
1194533302109118464
1198041420684242945
1192491292783185920
1191316755198689280
1196703598538903554
1190382673749053441
1200166223411077125
1199087065029369861
1199590779557175297
1194172085452623873
1196835756653916160
1193876465928019968
1196186262727790592
1196120867304026112
1200062499183382528
1196833759422607360
1192351946889318400
1191376930169331712
1193853000202309633
1196017654999461890
1190587826351616001
1190910073423441921
1194493842713698304
1192105655664025600
1197475906551517190
1196391003684507650
1192710942838198272
1190612168930217986
1193220797885759493
1195099750938423301
1197421653581545473
1194238249398607872
1197479212317335552
1197259823030685696
1197153723392364544
1194639942804226049
1197845772269740033
1190205559271763969
1193885910754086915
1200042437047132162
1191144054421172227
1199055397199499264
1198602584514289664
1191263280234450944
1199675610957787137
1192856357751476224
1192011848960348160
1191055882374852608
1194345792904912896
1194323982713053184
1195847949361844224
1200084541731430402
1197549301758660610
1192577356906606600
1192721204622352384
1197261475485749248
1196187566975967236
1195982009744494592
1199079673919082508
1197874162179747841
1196196321746726912
1195754702216089600
1194240809924780032
1195336164149993473
1194332003849650176
1197900544817405952
1200743851503300609
1198089163540746240
1197549381110644738
1197500606602268672
1193897451884892166
1199793862925017089
1194341578673983488
1193909472672067584
1192712000310304768
1192452064565170176
1195379860899844097
1195021851103309825
1199932844530962432
1196841444247519232
1200150597221130240
1194767090542170115
1199044103947862016
1198592923786498048
1197264087190843392
1199229792782102528
1200012470196359168
1190696451086725121
1190695606320291842
1197890493977370624
1194388780100268033
1198608725256228864
1196041430587912192
1195460721200500739
1194360172145266688
1198121923898757120
1194782734885015553
1192114190628130817
1200056616915275780
1194343276406550530
1198604705225723905
1191112647342743553
1192402330685255682
1190936057010966528
1195981970141921280
1195674466967314436
1200063221903843331
1193953447223218177
1193057488897220610
1192731886218567681
1192409280772788224
1197396874132676609
1197242674400636928
1192433221587423235
1193071690315681792
1193849822543073281
1196551869079969795
1191770949885952000
1191507307777146880
1192162296790994945
1195030065052110848
1196288450149961729
1194560746476253184
1191356288627814401
1192348731129106433
1200671806660759553
1197233325204811776
1194612259521085440
1193868152058384384
1194353704075292672
1192161430755254272
1193308148460851202
1195804685359362051
1199263041503842305
1191307617802444800
1198567013796503552
1196457912744521729
1198063864690225152
1198654721067802625
1193883159890403329
1199100713240010752
1191642477096296449
1199139368289669120
1194333478361468929
1194334750753853447
1192107325013803013
1200330111813332993
1196042917682528256
1197327990876725248
1192133843635048449
1191393113048276993
1197530781851246592
1193670989395243009
1193292380415418368
1192554680360013825
1192205487640645635
1196093350035775489
1197092081031876608
1191514909277900800
1198529425379414017
1200424623034294278
1194331317082763264
1198538051154251778
1196803118962331648
1191799348360876032
1191698752911790080
1195949702866444288
1197198731856232449
1193872770309992448
1193139703186374657
1191744421043298304
1191259272266563584
1200083533873795072
1197194252092133376
1193571869137539072
1192361588499587072
1196802028577705986
1199079622740193280
1196718659919589378
1192826219806576643
1191242181887111170
1197287292257390593
1197217688344506368
1193872149460766720
1198526897476505600
1198303619520618497
1199936299253354496
1198641143698853888
1192590286909845505
1194212404244164608
1199374428473303047
1194743661520674816
1198668279688126464
1196435192770125824
1194571366810431488
1192778551512227840
1200365414729048064
1196686497145073664
1194532545800687616
1194331526848233479
1194011972360134656
1191776457602801667
1196911087226171392
1194201090079776768
1195788571388583937
1191758275630510081
1200369937673527296
1197233405647347713
1198665092935684096
1197846469274951682
1197267895581061122
1191074373123354625
1191823897785753601
1195287650275606534
1193357369708814336
1200434574536384513
1195466964820516864
1198718810725011457
1194523358014124032
1194268925246267395
1200875753975484417
1197172399428587527
1194563265948504064
1195401924935335936
1196732442704580609
1199566530050220034
1197091205789736960
1199390747360976896
1196767663768424448
1199797349926801408
1198132616471314433
1197224520693800960
1196535491069386758
1199766045134925824
1196086808532209670
1194312863197872130
1192917765570605057
1199675420968411136
1192701798282338305
1192462372696477698
1193850511281283072
1197128047255785477
1192084523946786816
1191980073613692929
1194303615478968322
1193478405670486016
1200507088016986114
1196586018536857600
1190778925246566400
1198597250877919232
1198534238129328134
1194176232579043328
1194592366792978439
1192165122699153416
1192493928517373953
1199404629995507714
1199700624000069632
1197137804704264192
1196035706692493322
1190629483256205313
1192914441651838977
1196057912344555521
1194544453790384128
1192506132536930304
1191783542117863429
1192838717997797378
1192554258455056384
1196217728920621061
1195344489323384832
1197619596410474496
1198725830073049093
1190553436653314048
1194303991762628610
1192056612812447744
1198598480886939649
1194597267459788801
1192554595643535364
1198562684893052928
1192812800634171394
1192539095333036033
1200135883975987200
1196559372761157633
1196144738111565826
1194962173430292482
1194161420587470848
1198576776173228032
1192031994533859329
1200512880988344320
1190535053446660096
1192438187450359809
1200261652500889601
1191717963163996160
1198741309382692864
1196197584773234688
1196142456296890368
1190652106706948098
1193259995493797888
1191112712836853761
1193871191603331072
1197961080686940161
1195682390125010946
1190200764360200194
1198700445562224641
1191599635632140289
1190193461158432768
1197353635144970241
1192339830262452224
1191094415219142661
1193849038946344963
1198227658565402625
1196725529501749248
1194798784057921536
1194348884463456258
1196866450331439104
1197785004866187264
1191273659459084289
1193613816644472835
1193102392692228096
1190612423968993280
1196010107731169280
1194540286761979905
1193848265005060097
1192134368837455872
1199364805796278272
1194536307827073025
1194152849443348480
1192786678827626497
1196046591355957249
1197133264777097217
1196141012281962497
1192830583807922179
1200868404179152896
1198540169349124096
1190290140461174784
1200135673434583043
1196146003050676225
1197485381144453121
1197793571203629056
1194921221827239936
1197805723176099840
1194277409643794432
1193891895652618241
1191621425762906112
1195659037632794624
1197171897458450432
1192189637671968768
1193508501718544384
1199674205807230976
1196202667892195328
1193925465234432001
1200276851119144960
1200345787911299072
1198682652133482498
1197887846616576002
1195997517705613312
1195814678754144257
1196177636420136960
1194149842458677248
1199300098120925189
1197809478814633984
1193843859178086406
1192814091372519425
1197137657702293506
1195997813601116161
1192361213365080065
1193157826769764352
1197551780604854273
1197893676535603200
1194351483271176197
1195126220393996288
1197212010305470464
1198625727840686082
1194359351999373318
1194341124971864066
1199618830437437440
1197613151182823427
1196088761253335041
1195947185910759424
1191357489264115714
1193839635673341952
1193865735078064128
1195813888773767169
1198612703948017670
1194774825245511682
1199236708040167425
1197124259295977473
1193842652443238407
1193540758680326144
1194719858660909061
1193163848427229184
1192156967764209664
1196398931753754624
1194866300549505024
1194180027572785157
1198667192931364866
1195393524734119936
1196785597853110278
1192531862704590848
1192603466616705024
1191763617395466240
1197159613990342659
1200711757913874432
1200469788990099457
1190682541805768704
1199306577821483009
1196288504902365184
1195293616169766912
1198127148206346240
1197939959392620544
1196288446630965249
1193917891437051905
1193503510186352641
1192341533716045824
1191661920010547201
1198326883135447045
1198971441590333440
1195086165193433088
1193904687688364032
1192713563334479874
1192179659687022592
1194976582630330371
1192698393044439040
1196115667054927873
1200826032833601536
1192554516434104329
1191068001119985664
1192420843122577408
1199333620462186500
1196288412845608961
1191442417523810305
1196396846169632770
1199779721720082432
1195858487856812032
1194313034333917191
1190933264866979840
1196178710044585985
1190643149120720896
1198507195199086594
1191996659254857728
1195794571734781957
1194543611930697728
1197147462143754240
1196170801407496192
1194726623997771783
1195948441748328448
1195987452349075458
1192485434988908544
1191052373621383168
1198662998354792449
1191117237488422913
1197194684042555392
1194326004140896256
1198526743558131713
1198227412145901569
1192349760956428288
1190911111677263872
1192526171222761472
1190561708366090240
1195379861788991489
1194319029202239489
1191342525417701376
1190654792584044549
1192462882254073857
1197044785233768448
1194979587404513281
1200787428782592000
1197097626598027265
1190599742671245312
1199636009861996546
1196156736740028416
1192554302214213632
1200101851821150215
1193581423560724480
1194350329913135105
1191049195395915777
1196476533940072451
1195773125100810242
1191489685471805447
1190216371398942725
1198544652451897344
1194659841714864130
1194782853076340737
1199802064743882752
1194541364085772288
1191097403966926849
1195954734554857474
1194688609166729218
1191973027589885952
1193933634685874176
1190206158927204352
1197466943227338754
1191074996120178688
1198360355589836800
1195766762442280960
1195419785284268034
1194315239619268608
1194200244466126849
1196897718892924928
1195319666761248772
1193924520488255489
1196896278883553281
1196199917477343234
1191025327373348865
1190338526191202304
1192133527967539201
1196209226684784641
1200470295775240192
1197855723063037952
1190204170730639360
1194721646009094144
1191096233709973504
1200081446263758848
1193853215655284737
1200083296916520961
1199975016399540224
1200897717138014208
1200049696070361088
1199064882949349378
1200792249187082241
1194332970796105729
1192188904042094593
1191757399239135232
1196118314424119297
1197136952866353152
1191039661269037057
1195933343872880640
1194353336650211328
1192350467596177408
1195085457706692610
1196738514395836416
1200340195528327168
1198360386774405125
1194209066106667008
1192072878423982080
1193824696690712576
1200083497651785729
1191068178878738432
1196036585558609920
1196000438266535936
1192756155581444096
1191824738726895617
1194673765499785216
1197050665899573248
1193990447536001027
1197258233691430912
1199973690282299392
1190907214921420800
1196037784592629760
1198183077585063936
1191416659967385600
1190550169554698241
1197859584179941381
1196066899026690048
1194583306366521345
1194569029043789825
1191250749176631296
1190697521426907138
1200549078196801536
1195036857672712192
1192402048328896514
1196231560355299328
1197982391320612866
1195969837127868417
1194366125334814721
1200464084837294081
1200151715208671232
1200702870091436032
1196712580011765760
1195794101532270592
1194152889759019008
1196773040132112384
1198640203742744577
1198362029079384066
1200185046386257920
1200129082924699648
1199231463528566784
1197457815872397313
1195809254600585217
1192097489546960896
1192052972731162624
1196187300205600768
1191442111218036736
1191049709449822208
1190550847920492544
1194493864947699713
1195295556337315842
1191892539206488069
1199751610601267201
1195686392795455489
1192855480810512386
1197176811546959874
1196155641930403842
1193852228152496133
1195785652828299264
1195266953407057921
1200377717486686210
1197146753579069440
1194375301637255168
1193187529001820161
1195952220476448768
1196288512552775680
1196370523334283264
1192917302079098880
1192134362751553537
1195709171875926017
1198616173304262657
1195705311220269058
1190587502744211456
1196905550824517637
1193078665623592961
1193908964301459457
1195660509619642370
1193210230290702337
1200180359729692672
1197812048735952896
1197416435838009344
1194597756641386498
1200045450486853632
1196517437220544513
1192135453782220800
1191469764666970112
1196082638655758336
1199025383917727752
1200797692361945088
1199022914940604416
1193561270563278848
1197500491967729665
1193856426676047880
1198329359683207168
1196288474955026432
1194000221363146754
1199054925432606722
1194359675107598337
1194982226745798656
1194963181128552448
1196322286367920128
1198638412946903040
1190604157843132420
1199319599642218497
1198568030743257088
1194479897898573824
1193649713062514689
1192537647316656128
1200051729074720768
1198982821873889281
1193941253068644353
1190364565839794180
1191280177302704129
1196128519966863366
1191054191063715841
1196150131692843008
1198528826537631744
1198400413772505090
1190183780918669313
1199109353451573250
1192446580445593601
1199597187556139009
1194150129319792640
1194521235289452544
1193590852024700928
1197485235459506178
1197459301352296448
1195781444985118721
1193040816421380096
1194375662498459648
1192162234295898112
1199423647619960847
1194332705892241419
1199063069537787904
1200801290978246656
1191995123929944066
1190349855111159808
1199008183202779136
1196015141491314688
1196724213941444608
1197169668546605057
1193210647896625154
1197793716670476289
1198547727648464896
1200540903712198656
1199040539871645702
1197786256123580416
1194605724367773697
1199766925036990464
1200869290917928963
1196066972225736704
1193553916094496768
1192559859142713344
1191786647932882944
1191159894554087427
1190721893357301763
1193797527142895616
1199590670941478912
1198918028789981186
1192358564737757184
1192368766727966721
1195988795142922240
1194649589602799616
1195857928458309632
1194350779148181505
1192026370769063937
1196762664665567233
1199674577884000257
1200370672482095105
1198971331963969537
1197795480912175104
1193859376060272640
1197915991570673664
1191323874060845057
1194303707581693958
1194353647024508929
1194336999026630658
1197871741546221568
1196129636108902400
1194557602857988096
1190565836207075328
1192085521633288192
1190059715851632645
1200301046670798848
1199053727644053504
1193480808419512320
1190454076535967744
1196075467905929219
1197826096269602817
1195641906547642369
1192439998525644801
1197224890249682946
1191257879183085568
1199754350979100673
1194400865173606402
1190200193481891840
1199509728088514561
1196125756042174464
1195259860536958977
1194100459688144896
1190588039023800321
1195834059928330240
1193894650110722048
1193580414616702977
1197914133011869697
1195758745659281410
1198684927665090560
1193291689600933890
1194934710557958145
1197232481113706496
1191846703969779717
1193867830879494151
1197129689732661248
1194519909436477443
1197043402438774784
1194318254132609024
1193865507885195265
1196005145999478789
1196076785299083265
1192849949249212416
1195134661384712192
1192060312784195584
1199477617323397120
1195019296679874562
1194317356228599808
1193219134303158274
1191652666050514944
1191991735871852544
1195978641957625856
1198691711670722561
1196797668498067457
1193984162434338818
1191428417436164097
1191595423745609728
1191652908376481792
1191334171253379072
1191416303875026944
1195828176464875528
1200075007117922304
1198613128679845889
1198464110746316800
1198173629021900803
1195364890787139584
1194176930624487424
1190680462873772032
1191049705486245888
1198631840938110976
1195679153451917314
1196746940953878528
