1444947458656776195
1446762442957238274
1449014935447654401
1446747355349491712
1444665217598824449
1449855271262695424
1450437912508739592
1449306358189334533
1448714135219355650
1448473324837875712
1452402061841215488
1450731197353676813
1450400785637023750
1450509341187051522
1450580229563588616
1446345225107087363
1452389216030179328
1454483041120923650
1450569139249111044
1445745195253854212
1454418675809783810
1450500107498106885
1450424006713151491
1454738796050780165
1454517905580777478
1453351822647758861
1452273417554735105
1448762154451193857
1450007608262381584
1448720715788824578
1447349206616784901
1446418070310952960
1454783553296797696
1449264945061838848
1445906756949843969
1448180742371086342
1450466192221687812
1448060669295738881
1448354146319577091
1448769468025516034
1453605174560362497
1454737377604382722
1450901548117200902
1448926243500462089
1451682891201585153
1450939506912284672
1454368385383505921
1446215863691059200
1450546039384018950
1452671126384033794
1444624934786027523
1450572239687065601
1443801255697129473
1445133009376751616
1448353501487190019
1452637020598251526
1445315332034416640
1453663005791727619
1451849575703228419
1448618318064128003
1451583767773159424
1449686803519266818
1453554898927247362
1451202923401256961
1450406857273749504
1451594084213301257
1445034574120169483
1445757004266426381
1446716130555465730
1449312059720667136
1448364164406202369
1448027215690706944
1446031115639312384
1452378041708171272
1450538602769887234
1451863815587500035
1452388538327175171
1451813286924754946
1450550803924754441
1453691401368113157
1448873257168429062
1445836923457658880
1452175822182309891
1451865131143598085
1450555654456975362
1451180128663482370
1447211864597934093
1451220994056667144
1452235950491422726
1450481378915766272
1448312201576603652
1450867718744334336
1444583248999456772
1449331214805082114
1444559199753674758
1451114789762174979
1445169844912115726
1444337345000579074
1448392782213681164
1451062124210540545
1447876837330362370
1447868171818516480
1446158684862783496
1453054684659388418
1445691135624572932
1454396283939131397
1445016995867643905
1450752106407899137
1448765019198476291
1452670927997706244
1450403559640649732
1445119534801866761
1451096114921361410
1450446153770799111
1452342650510712834
1451287341868494857
1454408045174398978
1446487268320022532
1449682511945158658
1453437017845604354
1450437679255072788
1446170741859311627
1446133506568978450
1447232752160493579
1451934242301267974
1451847575045353473
1454367567469023232
1451088168757907457
1452569738417262596
1450484190827401223
1448793965931683841
1448338252746874885
1447325280440393733
1446873634270744580
1450131464100646917
1451862219206053890
1454712725242777603
1446874163445178368
1443935908399665155
1450372476676960265
1453009252423974912
1452193083685212167
1452575326312308741
1445711195172851721
1447208398370615305
1450407855945916416
1444738409466056706
1452671510422949888
1448516524474519554
1449372403553947653
1444299897998495754
1450569957629173765
1450385805248188420
1448349120943595521
1452982753369206796
1445812765252222977
1448527960504512519
1443967690448773123
1454372250921029632
1452383488213147656
1447212593945497607
1453513455860916226
1447355765598130176
1448681267898175494
1446786751775789057
1444032732259028992
1447491412182945796
1446904682019016710
1445655106087649292
1451922016261509123
1450609226225684481
1449040506831396881
1448887704473722901
1444660140137922565
1451248267476537351
1452182645555748872
1447581441186013185
1448915665658826768
1445791557806739457
1444690494920003594
1452636841925038082
1450468240531013645
1452981000070443014
1450383584498491394
1448340107296116744
1451601627278761986
1452313214671327235
1450439123815305217
1453861112122855430
1454701217804922882
1452216020639301632
1449087528686993409
1445675451444203527
1450477142987493383
1448223352519331841
1451075352835592194
1454781146701651969
1448386697385889795
1449027084165201926
1447472737325305857
1445762056737619974
1449365049483558915
1445354781883650048
1450857967373402124
1450365632319479808
1449646309028282368
1448043871003463680
1450577667141558278
1447577755470729220
1450690181875617792
1448874458341588992
1444584132336574471
1450212613745516544
1444392079182925831
1451477245546188800
1444293021768437765
1446541151692075013
1449299106791362563
1448347302448484352
1447204041071620102
1452333814794133504
1452368858694787072
1449305794273546240
1449294753858740224
1450930626379534342
1448354467594874885
1445762649828986892
1444806659537346565
1451777855826931714
1451606008309104641
1449169041948565510
1452660315359952899
1445264571720216579
1448759998864150538
1445755415753478157
1445645902538895361
1446914542458609675
1452658550568804354
1454775143981625345
1447326467327676416
1448331146413084678
1449495920911990787
1447863259625926657
1452126117301784576
1452886302693675009
1447505409313488896
1445466691270373392
1450533778397573131
1450074156272394241
1446852494387200006
1452967549256220673
1452311078893981702
1450744802463600642
1446372359259238432
1450802084278849557
1450694570661105671
1454774905124401152
1451501614683021312
1450762027044065282
1452671285792854025
1452400118360125441
1449274810392010754
1448919969350275106
1448528229418012672
1450372956341874690
1446771521805066241
1448348088431697924
1451902611288887304
1450874944372547596
1449304326992797697
1452923023279919111
1451948781826625544
1450425571037569026
1450270451150856194
1450581545392218113
1452803397569163265
1445811029213122560
1448287450011426817
1450846474980450304
1446400059805949954
1450403551063203841
1450378013380681730
1450499018233163778
1445857268646486017
1450056147164180483
1447859216677486594
1450557550089457665
1451944497903030274
1450603351939375111
1452341995318435842
1451509058272256001
1449735134547165195
1450906066640855040
1445672242709360643
1444546533727379456
1451186293740748809
1444218069635801089
1445857810676260864
1449352174039937031
1454827901157879808
1448385494291787779
1450575167755796481
1447155686568341506
1449298543454396418
1454341394005430275
1450991345854664706
1450398636848947202
1451886340287631363
1446737048879177729
1450797571195252748
1448204814534463488
1453303688060153870
1452173294132776964
1449467543215910915
1449286431898222593
1450474845137932305
1445636813318549507
1453325827609931790
1451826366475874307
1445083366848700417
1454511282665705472
1450678411719024640
1448046950721499136
1451404213309911041
1453391081178075139
1450943467681615879
1452927926958186498
1447129823390932999
1450200885171265541
1445834980685459463
1444967350806192133
1452180590560747532
1450784618538586116
1445401347134824453
1450920597370908672
1452630375927328776
1450655447854239749
1450561596795887622
1452236327068577798
1452359707923042306
1450903840929329152
1450460666813427723
1450737254247378944
1453555471227531267
1444181133986566148
1444024906811953152
1449091596625092614
1447518947528646662
1447553067725975559
1449109577828556802
1446887330900549633
1445399898912874501
1448835461221212161
1445393076659359745
1449380994428121091
1444264766915162113
1450405067387977732
1454444662870188032
1446338955314614274
1454848059154870275
1448352383537397762
1446396182926876687
1449279277745287171
1444994585076408323
1450410300293976070
1452223862070988803
1447181259302744067
1451097631397134336
1448406337340248064
1450414247406669827
1448076229723185162
1444424601270947849
1446904671751319557
1452636963064983561
1450560056995483649
1449477847148548098
1446377069156446208
1452980206575276034
1448364599628206088
1445900779735248900
1445715066771365890
1450750079422304256
1448413617020456963
1450474880063901706
1449345289375166469
1451118149127004167
1446968864139534336
1446937561289699336
1445728456977887232
1445842362450722818
1451621235834507268
1447971016773353472
1452026256904671232
1452385504993886219
1449407655722749954
1451981234477928458
1444340363607617536
1450441762334445570
1449369902914097166
1450499954733092870
1445378950830698503
1451204985451171846
1450481187361808392
1446049774004838403
1448344196872613895
1451984696942944265
1449386752817438726
1452716506048045059
1452175024576663553
1444195558168596481
1448196099630637057
1444908880094449666
1452356189954658307
1451589866869989446
1448348868593213446
1446911373854842880
1451983993738518535
1444676024915087360
1450568025111945224
1446018329005674496
1452598245474062341
1449288602802917381
1447438043556745216
1447563321427824643
1448060863399841792
1446121155987787790
1454450924664016900
1445656560579977222
1448534563882422274
1450448786002784263
1443859508258877443
1450480465975156737
1448708174723309573
1448907097916198914
1451157134473900038
1450874040906878985
1452998461255786505
1450455289505923078
1450190492981997573
1454184077800652807
1450412346158026757
1449384243038236672
1451415293859930113
1452250513844707337
1450779712654041088
1450661740342136833
1450492866409771008
1448387151842926595
1450872981174030337
1447078320433246210
1450839672079388672
1445812980134912000
1450507105006465028
1450559138426236937
1453973490235674634
1448051767560843269
1453302439730368521
1451065168918728707
1448366812433948685
1447571424110129154
1453141710389841922
1454731525291974656
1449684387537297412
1452500825666899974
1444672949466902531
1448527364326141959
1449008729677082625
1449444926224322561
1450502881703075850
1449281056838914050
1448518191995621376
1452386859817050116
1449573183045181440
1448620394013986817
1448224546578911232
1446340068705194021
1445915146182922241
1443801951477583874
1452385668894707719
1448334553668587521
1450539248092946437
1448340916335484937
1449280105218547713
1453331351466348549
1450561354079821828
1448052247506690054
1449621471484055552
1446070269500706816
1450502979598041088
1443984051870867495
1448176549098889217
1450460505462779911
1445774116452065281
1452543637833793539
1444205614683541505
1452563293781037056
1451104757691600902
1451068909088616448
1452236072948273158
1452417526550384642
1448764920443645952
1449028021407649796
1448337969199427585
1454365296156893185
1454064262092034052
1450850710032162816
1451865246587670537
1452385894070095880
1450829791456813057
1448030929906245633
1444995784571826177
1450504038513094657
1451167657714200576
1443965480881082370
1450575567032553483
1445631348870238214
1451862260633280514
1452532928139911169
1445704417903271936
1448356859350499333
1443873487677018130
1453674558855147531
1450394706253332484
1448061021034323969
1449243404328701957
1451179968227123205
1450433916532363271
1450888983559516161
1444451571790712833
1445821162450153483
1454323992714678272
1451097476832825344
1450519639193231367
1448205615218798592
1446949399167488000
1445506337069092872
1452652595156242436
1450690781468053505
1450036369154314244
1452334839198322697
1453762898367586315
1452315171960074247
1449830261865209863
1444748436004343820
1448759148468916227
1450518084121419777
1450383469503209475
1450377944489156608
1447971467770085381
1452584461254680578
1446398670988009477
1443821069744418821
1446903551750557698
1452314628566966288
1451582259505553412
1444048040051068934
1450404860424343553
1448025333089947658
1447182572866396161
1445717212896006150
1443976441180430366
1450890520474103812
1445901880039645186
1450416981107253255
1447955276510945280
1448184804508372992
1447839958165704708
1447710595034361863
1448395493759934469
1447859461712982018
1450557644742221829
1445725651378577414
1452300097128214534
1449286103765331968
1445973745135505411
1454789784698822656
1450736451272970241
1451867200332173313
1447550217226801157
1450705719569825793
1450430551954006016
1445707426158690309
1451448922438840353
1448756746261041157
1448823333819240448
1447829247456862209
1450918916537176064
1454523386806292482
1449145658141728774
1445980190954381319
1444559495338811395
1452250235351224323
1451836300257005577
1443899417778610180
1451984950861778944
1448364353036636162
1448354449693499395
1452555281225986049
1453949835736850447
1450920453988622341
1447817361000632321
1445549437846122509
1446358677712220164
1450382892513861632
1446013627396497409
1451987641721819140
1451196444275187721
1450379640338518020
1449855798750978048
1448363677745393670
1450829118505951234
1450446280459759617
1449333258194407427
1449510199488880645
1452070431930867715
1447212279326515207
1450545817237004295
1445704446931918856
1450132928005083141
1450599526151168008
1444204405784461312
1451878078989455361
1449468110663204866
1451059141649240066
1449283611224678402
1450732681608765440
1452248360690323460
1448333324997599236
1452670972767744004
1446723681602916357
1445723705246633985
1445104469159649282
1452396672735227907
1450466233732763648
1454508647699124227
1452385536711266318
1451204669389348871
1449472073819205633
1446556362759081984
1443801129914183693
1445826230712815626
1450591390619078657
1452175666934341636
1445723789124194305
1451991514289168394
1452244691957788678
1447169620394315777
1448293876201033738
1450187177632088064
1447536120745635846
1446858671569395713
1453554942480953347
1451191043928428552
1449020542087049223
1445695802806988820
1450503130051919873
1448051395781931021
1446901365947633674
1450399274529968130
1451849217815846919
1444980847208247298
1448276577683492870
1445683084167241730
1450928014280335367
1448756050514038791
1449021376115974144
1451924273145253892
1448528281779818498
1448174167824781315
1453271941029285894
1453277121401524239
1451496054898167809
1449330015796178945
1452719971725938694
1450105456391823364
1449101391746764808
1450485045865721856
1445708982459400200
1446772601028857857
1446486255227785218
1451983375598858252
1452735911444234242
1452360567398801408
1451936564129505288
1450560870258409473
1451573597827391491
1451477578540277761
1452391503654014980
1450508409204269062
1452946533935206408
1450375604541534210
1447433069187715073
1448374332988739586
1446777401330044932
1454729136661008385
1452503378895020036
1445355387788664835
1446176345629859845
1449518189659017223
1445792917562462211
1444647072393744388
1454073157074231296
1448354139541577736
1451491381424410627
1446124482087698436
1451086534778757122
1444675547016179730
1445774286828892162
1454411675373801474
1450480243203006483
1454881498222505993
1450892193103757312
1448047674394136576
1445002407776227342
1446882215753834497
1450449264790974472
1445669568874123273
1452341595299270667
1451051197662744577
1446401410199871508
1454795321104609282
1446466708458311714
1451114085509173248
1451254053183295491
1445103235337969665
1452390121421029379
1452387168979140608
1452656223359176704
1451923044583329800
1450805918396940291
1450414693374382080
1448578031354777603
1451997120748146690
1451541217418809360
1451630874169118724
1453782848465420289
1450481714413834242
1448211532123414532
1447613851608834048
1448589245527076872
1448764493983592453
1449784769336725505
1447492684092956676
1450432823584862212
1445677298972303360
1449404980000141317
1447838266074542084
1450483558817181698
1444567501690519552
1450505862733250562
1449865769064570888
1447487593768173568
1451189087998603273
1449245316943863808
1445319133877477377
1448340421197840386
1453384882902687745
1450439271010250759
1447954020417560583
1448052212245139457
1447433129296371714
1452239109896998918
1454749706668609539
1450389492003753986
1448429844480602123
1448757326240960517
1451415531735633928
1448671536580280323
1453950507966296072
1450911181036740609
1453113001595265026
1446158807718109189
1447903812547710976
1448407144487915521
1450556055965126656
1451230228584480770
1450885637796728833
1452988433002082311
1452198983108005889
1450056368464007173
1446584410300633088
1449057951885496322
1452384126955307011
1451106273529892867
1447443641610420225
1448362794240327687
1453978641138950145
1449297912106819584
1450407058390593540
1446192755873550345
1447303421137129483
1452893326210895878
1453631634134212610
1450105363701932033
1448333598835331077
1450404671009525767
1450384034886995969
1445628100570533904
1444687626523615233
1453821415971504134
1453308121691066373
1443814353111748608
1451107370638188548
1449293195154710534
1448364267485470727
1452382843640844288
1445769919652499469
1454394791727403012
1451974068459147264
1453585854987911173
1453948575692378121
1453502307765731334
1446206933724172290
1452384294895247368
1450825239542190082
1445350312835944455
1447052517230227456
1452979826030088201
1448610677711572998
1450576694079856642
1449487835661221894
1446759241071665153
1445852697312251905
1444974870979391492
1452384522545377285
1448664590888292353
1445646447446085639
1450461340708085762
1444179598678298624
1451080043543900160
1450412767845011456
1450423791046254593
1450490919204098052
1445747457753710595
1450430655205105665
1449828306375823361
1443864177458794496
1454111842553499659
1445349780687933446
1448532526335729664
1452214425176449026
1452312437324193797
1449260684160741383
1448333787587391497
1446083670562025476
1444036382070956033
1448490539423309824
1446954964333572099
1452248717432705036
1444975254057672709
1445844853191942153
1450429642049982468
1445487219918073866
1447318471616966657
1451823914607333383
1451517199785598991
1450435154028027912
1451897939505340418
1447303214748119045
1449245686093033472
1450926581292142605
1450440189508210701
1453102153267093505
1451591444213506072
1453454516356096006
1450159748385370115
1446541211020496914
1445924723808931841
1448392068968091655
1448209926732632064
1450455482443964421
1447956587574874113
1450802216537841664
1449866742990315522
1453557293078007808
1451283215503683598
1450550986511196166
1450557925198647299
1448183299894087680
1445785932225921035
1451866570872004616
1444797337092624387
1443976033980620804
1445346283670155268
1452041174341013511
1451311963380887558
1451170344446959622
1450394407782555650
1453407960387002371
1448771734082052096
1453960672912412674
1453644146229534722
1451928093287976966
1454022925204561920
1448831141444788224
1448646118460452879
1445749504787959808
1449316667721453570
1452156994148839425
1450775810927902725
1445735595691626502
1445700788949426186
1447290329976250377
1453102825672691723
1452896707402928128
1450409392642265094
1445313574029697025
1449313347682422786
1453558143741579265
1444025487676907522
1443833162715574304
1450502768783933440
1443818752156618753
1447224273362370566
1446011669801488386
1447225001929752588
1448772825444241414
1446003980346302468
1451841648661520389
1448401100026097670
1449860368709390343
1447542155233402880
1451259284914855937
1448752139141009412
1444595689372200962
1448383970060775428
1444094832297775109
1449306426678120448
1444778810025652225
1450379003819282435
1454719394626551820
1446757613904011269
1447564069473562626
1448349878313267203
1445982890651750401
1450587768774701059
1454464987544662019
1453557885108109318
1449358045570547715
1450595606112636931
1449479498865553409
1451889199569940481
1452387429772664832
1450549090077511687
1450452111498649605
1449312966675992577
1446771775405187080
1449519691773394946
1444339302738153475
1448374741211963392
1451866339048665091
1452390391265865730
1452938317310402563
1451250541208772614
1450891420802424835
1450484128110071817
1448023733197758471
1448688496953241605
1447832152696053762
1451561600175984640
1452176513214947341
1446106859799252996
1445688913473855495
1454618662707646467
1449480562809491476
1448642245490470913
1448568745677541377
1447637048555446277
1444161195636822017
1452385900923609095
1446154834495905807
1446773534668296192
1450491901333868547
1449277735461916672
1448396698036883461
1448674499067584521
1450569174888206338
1448337794800160771
1452981919533215747
1450905554579333120
1451775961142267907
1453260193173807104
1448361493226000385
1451248037356056579
1446517860218589185
1444953169046478849
1443899461839826949
1452242961106882560
1451562270811697158
1453724279283933186
1451275395685355529
1448176298317295616
1445817004372357123
1448762626469777418
1448758440613093378
1452390002340552705
1452068254579662848
1451997371831930883
1448051582776614917
1446206351319908355
1447625553746485257
1445815096035270661
1450748776579096579
1450558788151435269
1451513996616638467
1445012966877896704
1454184441354596354
1450367598936436738
1449475149309358081
1450386540702613506
1453298920071868427
1446819585299259397
1452725411826348034
1450448927661113350
1451125912511070208
1448387560733040653
1445646781899968522
1447659367927586823
1450509258773123078
1448627148516782081
1448642346187468803
1445597383102894091
1447965290730491904
1450490626324172806
1450371744561238016
1448196010971435010
1447135788416868352
1447815967300587520
1450382832749195265
1444814837868077059
1448962004945981441
1452560611305533451
1448401686213664770
1450906088853889025
1448934765088870405
1448747370825625609
1447622892615880711
1444943557219979268
1450557607605833734
1446153774414929926
1447114980860563457
1445697927481946122
1450578995225976837
1447506590639263744
1445558795329945606
1444954321863561218
1451087603336458240
1451474027701280768
1450944616035979265
1454771499257278465
1450520873404936193
1450474561959514115
1452212801066393606
1451021834355449856
1452388874831994880
1447794659435106304
1453242698496978947
1450767362106564609
1445681909309214722
1449646363889766403
1449339474836705282
1446147257104060430
1448996231586398231
1448763239270072321
1447549856352985088
1450803098637815813
1449383916645801986
1447828325397893123
1452954090766487558
1448575091751755779
1448083629461098507
1451090819717468160
1450723731232501762
1450728848325320707
1450476606292697094
1449286797880696835
1453668894921592835
1452247381962117120
1450386292332797953
1447422981437800448
1446943513200009234
1450889194390306818
1446908261098196996
1452361461456678924
1450537638193205254
1447072777962463238
1448358283614490635
1453113359990239235
1447247616052506633
1449257583420837889
1447228154746216452
1444967958808256517
1447974012357730305
1451573162257391634
1451197300982751241
1449475387692666882
1448772025858891776
1448762727015620609
1450816368090173453
1449387721261297668
1448934950644895744
1448666865287503872
1450765567128965124
1450430551412838403
1447437544115871753
1451898669012246533
1444563423795220480
1454801957101654016
1453111534071189504
1450945138755244032
1449284316605947906
1448313673672531974
1444746491676012552
1444648676094353414
1443929905343959047
1445703074689941506
1448551724734730242
1444586839646552068
1451738536890146829
1450862041435095042
1445346432882458624
1444586627922382849
1448740504896774144
1446111046100348940
1450585061431156744
1451174353467490304
1452387330862559236
1453010756140781577
1448551300615086083
1452629781757956097
1451865708514660355
1447241344116723714
1452636829610647557
1451828681849069571
1444340884884148227
1451499886332030977
1452351268782022662
1448756835599720450
1446786544229101568
1448872210249179140
1448337019688689664
1454713485821104128
1451697591972925449
1450426976121069570
1445318674592813057
1451858017817964550
1450503294422487045
1450563702521012225
1450395165080817667
1450087847948599297
1449783190676246528
1447449362846597123
1450821659611570179
1452032309742514176
1448336012132950019
1450829877096198147
1447537791806677000
1445085116515115013
1448821138482679808
1451813502943961088
1453333495946825728
1449682425039228929
1452728372925186056
1447557094287155200
1445112804101459969
1445492266773086208
1444505564353077248
1447823425272221698
1448966556122292228
1447315157269422081
1444781956097576961
1444261108727140353
1452258617957261314
1448985117855191045
1448518887608360967
1445768722333851667
1451070560079863809
1444688631260753924
1450562375753609223
1451858317266014215
1444430898276052992
1444006486963851267
1445315775074607105
1452282999697969156
1450359413223608321
1452199243322626049
1452558784887468034
1450677584530923524
1452741047688310785
1449244350878257154
1443804633030438926
1452225777097977861
1449381768016977929
1452514006439170052
1454578083156082688
1448729863607787527
1445715467952218117
1445700404289970176
1453069930438533123
1451091027822096384
1452322143727988737
1450509100639526915
1453228341373411330
1447468950175064066
1450408910893064200
1452671387689160707
1450544565358891011
1453613826394529792
1452376123678076931
1449828687902396422
1448710061430345738
1449308991390109696
1450881264806936578
1450489142689902598
1448393738238189568
1448363919924412421
1448081726589259777
1445009747174957064
1452243993392295936
1450484834082623492
1443845530795323410
1445271753127829504
1444920776843538435
1450861971620995077
1451437634979573777
1446424605191725058
1450874841645600774
1447638502015897615
1452394308288618499
1448398259970580481
1444417175851261954
1451972268305915909
1452307368319016961
1444586959557517315
1454569503883505675
1448392154682990593
1446718901212094467
1450380503253721090
1453361065975324674
1449622440523468803
1448166027750256640
1444426401587859462
1449554382404603911
1451287496063655939
1448346588016005127
1445011078140866563
1444625557874900995
1450490777478615040
1449491686770585601
1447609406024265731
1445801673478131714
1451596512887144453
1454740093571305472
1452690263852392461
1448427628252311555
1447974552617824256
1452352876387393547
1451291184060641288
1451359853440557057
1454047934425837574
1451648587352395780
1450387705188257796
1446964726676721665
1446755185343217664
1446125794279845900
1443829047046414337
1453455629016879116
1449352701461073921
1447855685149118467
1444215228510740481
1450100772172087301
1449570772662558720
1454576597093203969
1453092204134735876
1446358418453901322
1448760520685797380
1445521182707519501
1452032258710425602
1450422861903114241
1452383881957609479
1450931843071680529
1450423355207737347
1451940782378733568
1445866545377329153
1448637951957667843
1450682801246900228
1450353877623181313
1449310440006332417
1446130951860326402
1445652947644215297
1450213558076182538
1445993253694758915
1450726925303959556
1453609145492443137
1454412010112835584
1451573090664726528
1450501684141101056
1450496216341663750
1444283608995409924
1451617729836986376
1444373929771081729
1446215685718294535
1448639563476320257
1448570366977265665
1450400580707360774
1450670883060822019
1448359093849178116
1454896150377553922
1453687425427988481
1451868264716505093
1450890598043602952
1450528504051863555
1449297840937832451
1446897997783224322
1453784202818822147
1450926050205216773
1454334261255880712
1451590830628691973
1451183053225660426
1451203526969868299
1446393520802127874
1452539319470723074
1450391082961936387
1450539064072065037
1451443362842751011
1450557431013117953
1452605610210385920
1448911160854601728
1453026258321817613
1448646543947354117
1447595372705193990
1452965548153876492
1449429462584598528
1450571647224881154
1448761605521559554
1445724289064480768
1452334630951084038
1450363108598419458
1448533053186445315
1450364963772669953
1451998026856341510
1451562353217179649
1450835384057872385
1447099580156456961
1450391634957553667
1445700876425850888
1451934288899760133
1448548158431244293
1448198811646631940
1445325323705458688
1444610007283208192
1447910861549543445
1450931624930168833
1450817146120986626
1446479745323991041
1451132282639638530
1450408944711651329
1447910813461852163
1454766675849629696
1450587054451142657
1446191768341520384
1454920815602962435
1449368651216392192
1448845896893018139
1448360020287135746
1452405695123533828
1452378104597524485
1448963599087640586
1443801669444284436
1450561113934925827
1448360700032819204
1450477609045868550
1450557729391710210
1450557364294197253
1447263361012535301
1446775839459364868
1452712832059981828
1450454409717104640
1450692068762963971
1450714762745159680
1447808738769915906
1453458759355928579
1452590358748176384
1452380281529327616
1449681480783994882
1448229499263463428
1448399699686400004
1445704387397967872
1452250262589030403
1446717321981083649
1453271608920051716
1448794034089123843
1452605987865702409
1449472966258053124
1448927290029756416
1448930913593724944
1444623629602459652
1453757216587231242
1454035969422893057
1450700655434293249
1449154870016188421
1449070602254524422
1448180701656981509
1444021775839420425
1443877072804499474
1451978280928698369
1453773709974638595
1451483332366192640
1452509260554854406
1449245015444705281
1450388483172929541
1446005979297075204
1448543627513323527
1451193886185902082
1451843471564754945
1451449716751814660
1449016688939307022
1448183242557886469
1445670042964688903
1451876061906673669
1450080130118914048
1450401907231662084
1446056331799060482
1452389024589565959
1445765013747027972
1446845314690920457
1448962428285427735
1444944085094182913
1450920934353866752
1450408829355712512
1446137156553125888
1454148770032144390
1454921402344218624
1448530568824725508
1451375524471738373
1454756155767525379
1444116217502044161
1454154704263516161
1451458519761395714
1450559655114158084
1444682630839087104
1454192261042999296
1448351357698727940
1450522616507342856
1453739684949946384
1450424225593012227
1448204408962048003
1448343442036297728
1450730543218401281
1453425952982278146
1452958723085852673
1446861619984797697
1454669709073436677
1448778132002062338
1445427313794064402
1450395735535521793
1446949194737070083
1445856982720819206
1444994594870120451
1452633138786717701
1452385809601019908
1444715973626540036
1448902174176694295
1444264430213091328
1451862783910453251
1452813739938439172
1453078205380894726
1447180233879212040
1449788931336249347
1445849947220463616
1443832880275337254
1448364577503256580
1447382347700215810
1446009008394018817
1445807394877894660
1454162542603931651
1452671312028123146
1454177436485230595
1452368526484942852
1449993455392993281
1448678744856616961
1450894523333324804
1444021858471383042
1443895772647395343
1448759372969033736
1448201509628485634
1450418781721870337
1452011034953273346
1444564099912933378
1445660286640267269
1453101972488392709
1450709237810741254
1449647716607434755
1448009270767849479
1452573455178768387
1450822093709451264
1454140991590608901
1450499720896466952
1448391362974474247
1445336388099100677
1454017650007416835
1450873455134511111
1450495781207674883
1450288114107240452
1450416585739575298
1448982047096254467
1446765756860014594
1452899476356616199
1452671142242697223
1446060315129548804
1443955205922566148
1450380381455331332
1447230498174947336
1448411291748536325
1446155179183771660
1448371448247201792
1444956189926756358
1450474409333043210
1444298827717124102
1448804692021161990
1449060121250828298
1447958862519324677
1445441858906169348
1443876478442262545
1444005956044705793
1453401842474438665
1450417834585112580
1444995109142114311
1444216267427155971
1450383939097530371
1454907207976472577
1454453417489883139
1453445724390268933
1451476132759588876
1453727647855304711
1454321448084987904
1450324322938146816
1454894941986074628
1451890129858187269
1450577390044950536
1450394703296438275
1444418437091102730
1451762512282759171
1452087171909881859
1451195365605011462
1448055390646775811
1449325898185027587
1446171409303183360
1445315437131145217
1444341355547869189
1450412156944592902
1451932517955772423
1454443514096402438
1452600047711969281
1449423641544962048
1444950572327702528
1450558749853245452
1450412743073439746
1446468497299607553
1450517916026294273
1445680244543815687
1449679237565370368
1452551763001753601
1449294949430726659
1447437357674909696
1451297269551149059
1448345781740707850
1449975305007947777
1448051978765053952
1444958314576678914
1444942879227580416
1451881090948354048
1445696163718434826
1452693524156194820
1444732534663917568
1452412092653375490
1450480978397483013
1451197751513870354
1453653041903722501
1449154573080436736
1450910615610986497
1447261571474993154
1449313379819167745
1453671223465070595
1449772577510023173
1451088080379826183
1446932543454986247
1446718250058911745
1446108586988347398
1453556062997655553
1452645208357810180
1453919981398286342
1454417803415629827
1445650906020605959
1446391344579203072
1448742580829687810
1444609265356791808
1450486719820689409
1450463799111299083
1450423870771638280
1444183054734528514
1449838957731139588
1446547365033349147
1454798361001926658
1450907584039370752
1452392004458057734
1451777595541004289
1453671220012982281
1450450819090894851
1453568115875401728
1446212188042104836
1451077866599370752
1443932976769871872
1452323505605857285
1450405851009888256
1453244100308787205
1449155370182709249
1454497527978356737
1451922821672751117
1445901891259355140
1450548515818594304
1450323979512778752
1444442909596598280
1451502440134610952
1450902557468119043
1443839793511739392
1444643179333132290
1451108592451522563
1450739882368851968
1454214486018117635
1452574219301232640
1452391494174887942
1450551238303502339
1443999103046848539
1454140560143437824
1448693381039890434
1443860737877753858
1444334737229819907
1452554685144092676
1452025041047203843
1449306327453421571
1451092556926930946
1446823694702153743
1446783964526620672
1450388107287740422
1449284566582181892
1445838293791387649
1448363327982342148
1445783697974775808
1449470654651191297
1448394166959067144
1448637357318721538
1447593699899215873
1447434793805811719
1445079575151718406
1451453514304135171
1452645316151422979
1452914253615312896
1448544255794950147
1446094640562819072
1445005488387731459
1444946437675130883
1450859034999918601
1451618999742107651
1450535555935227915
1453790448376549383
1449493914629586944
1447522196100993025
1449300107921444866
1450559627909808131
1450372747297689602
1450540051272769538
1444386426766995457
1454927071659143168
1452896686502600713
1452387061265321985
1449280218988961792
1450588874099630082
1443841151744815155
1450366016400277506
1444275182655451139
1451887304025518091
1443918296613629955
1447962450154958854
1448632479833800706
1452392456985665545
1452272177479180292
1444957497727586305
1450849626282659850
1454519205806673923
1451482140806422531
1446122791623741449
1452017171303907331
1449302428323655680
1448332774906150916
1452734343185641472
1446726991370231813
1452248303542931460
1444228296082927620
1454512608342577153
1452384149571088390
1451581941120131072
1450376638366105600
1448355403746746377
1450558952039669760
1448198739420721153
1452609060440788997
1447475919518642177
1450417308149723136
1451229295964217344
1452880388095946755
1447234082371510276
1444982952530780169
1454369820523126788
1452900942341365767
1451704012701589506
1448377568927825923
1445760855035969548
1450876675760304129
1450811784672301060
1446472523625996304
1452388106770976773
1453555244567257091
1452922701014867970
1451635961427812352
1453565728452485120
1448962361520500740
1445677834584821764
1450747138783207428
1448338541151498242
1451538823561764873
1451097780815077380
1446772657463209985
1445669763418660864
1450368212181323776
1447321120407969798
1454348664814686211
1451099649876664320
1444641715906879498
1450396596953305093
1444554663978799106
1452875628735238149
1450583355108610062
1451196762866085898
1450374076204212226
1453773100911316998
1451868424699789312
1452025051033718785
1449241883163729922
1448661054947352580
1450414910417121284
1448304798311329795
1445801269805862913
1453798448755585030
1445670494699540492
1452390480189210630
1444609091272384514
1444618386034540546
1447848058075688962
1444751686917033995
1452158049863540736
1445700245132775428
1451135580977369089
1452671240179748867
1453255243135918081
1452538925734584323
1450408957898539008
1448940266463825931
1452678442286202894
1451968858298982408
1448570192011743238
1450801286270574597
1450389755359895558
1444094221992988677
1448716621728686086
1452412510758445065
1444679112073916422
1452693317960052752
1452344748484800513
1453268003102109704
1448414623825289218
1448423291459342336
1449312418274885633
1451103696046153735
1444689819255312390
1444396324921745424
1447985410743980040
1448366713796505604
1448518450490613760
1450499840409051141
1454103489806807047
1451469590790393863
1449999700841664514
1447954777988636685
1446924031958061058
1446392748488155144
1445668792881672199
1451234880365465608
1452944081810821120
1451843602511024131
1450461643129884680
1450397849989132291
1444577052150190085
1443993236347961345
1450405790406299652
1447768822996475904
1452993003707117572
1451090580851802112
1451728363924692993
1446160326500683780
1452676779005681672
1444399884778577927
1452175470267674626
1448754169729454080
1451506820699283458
1448354540038803458
1450427059638087683
1448897297971138574
1449015759716425731
1448398549130022912
1448575711598493699
1443968225209987072
1449764957332049922
1447259250737229832
1451421024470323201
1445129432642035722
1450877366125924356
1450789593545158662
1448377895823581195
1447647995571412992
1448646361302245393
1444560372162306051
1453318062388793352
1449621121217843201
1446938824035164163
1446082072662233090
1450905663715123204
1450162226527096838
1448908505994481690
1446411985348878338
1446604368925663245
1451262737259110401
1450967320264839170
1454779641206542339
1444441973503496202
1447878891603955713
1444550017985826824
1448518752052645888
1448930195092672512
1445771803465437189
1449242644090085377
1445761777921249287
1446002533340745729
1448870209893376001
1448893006791200768
1448411310358777859
1451297861614936064
1446824370408759303
1448621975564345348
1450540977404456962
1452384879577116676
1444671689661599756
1445708635670138880
1448875966277816320
1446752638159278082
1443734216777388032
1451237664649203719
1452983383273922570
1449654518644449281
1452504653753634820
1450465197773266950
1451466686327103488
1452606820200206338
1451192961052463104
1450892600555225089
1447533337485185024
1445712099221512201
1444028091014262784
1449279699289579521
1452943805133561864
1448336412236029952
1448332532236292098
1446395539503865862
1450386873583644672
1449307359105388549
1454932596262154240
1447522365118758915
1449817056539549699
1446896005828550657
1450402592039833606
1453980187742412802
1448365507913072643
1453439028301377540
1444393458509168670
1450357740723920896
1449279571929575424
1449287296486891523
1446039503307673604
1450495842935246857
1445163013871443969
1452665213568827397
1447323780578222083
1446961389407510531
1451898655967952901
1444010195101880345
1447438269088686083
1453040962842755078
1454588554236108806
1444386189197381632
1448020383383228417
1452263318543118336
1452892030145863683
1454569676760129543
1452670908347342863
1450816598877552645
1450543161726677000
1447203252890656771
1448753308345176067
1445366224595079179
1446400733511835672
1452163855690436622
1452334951865753603
1452270285919604745
1449026623332814850
1450460857121624078
1446785620781801473
1445782762141720576
1448027282623377417
1448308507896389636
1454454465998766085
1448584202623008768
1454515305347223553
1450397459113463808
1445601845032882177
1450491905419194373
1451314664797876230
1449107766715486211
1447475808818319362
1452312176631300097
1446489724139491331
1450546047445569537
1447994813035466755
1450951206227038211
1450374992965869568
1448624519913037827
1448006316518264834
1451913184219176964
1450561042476634120
1451107210902310913
1452982942406414342
1445315725489577986
1445155204601630728
1451111060233236487
1451655120450637832
1451644360462934020
1451860652302209025
1448302822164946951
1445762803164274704
1445069377750110211
1450357846126780416
1448883920355876870
1444635876278083586
1449494717226487809
1449160351581458433
1450862087639601154
1453779778721525774
1448904665815568395
1449294223489048579
1450855207009652738
1450731136804691969
1450921332250660867
1448930887479988236
1452172880893071363
1448362607178616832
1443809983221706774
1450392226715025410
1451191318860873728
1452341414449324040
1447332750206414853
1445710384279613449
1452680028605624327
1452233541610311690
1444609826231836673
1451043080552030211
1444379027733630978
1449027345839529984
1450441831204982791
1446760500721864704
1446436636049526833
1447201962739515393
1448381983139241986
1447259501166485511
1447983046184083462
1452269991634612229
1450536693858291712
1450576609141010432
1446883328976691216
1445746197591834629
1454447171189751812
1452576011904761856
1452388708548812802
1449293161688440846
1448387080518778887
1445078182428921861
1450924111664922624
1452383750763991044
1452411692596539402
1445641219858747394
1450617222456651779
1450567938914885632
1448353868111306762
1450794093454536715
1452152783780683776
1451323359644499978
1453300340057681932
1452572069007437832
1450679428275654657
1449269876388990979
1452700374985490445
1446820477633286155
1444049848257368064
1449373019697258504
1452024878614433802
1452392128827564033
1450386010811080706
1451207418197823489
1447484713892028416
1452934210860326918
1448380405095276544
1447074312461111299
1453582558009204740
1450906340193341448
1448339351771959302
1450502021530984451
1450775513224601603
1452694412228808710
1447464186141945860
1444680411800604677
1449443011264499719
1446764715380813829
1445786545382772741
1452181372404129792
1452947056822296583
1449363693511323653
1447598366175768594
1449096278542069764
1448018280774578188
1447203499238957061
1450499700826812423
1450394464967663621
1448395012128002059
1447252453641043969
1453699084267708419
1452922384382627845
1454506720957435904
1446060761743245318
1445694063622049795
1450557491650174982
1450409459159797761
1453101364758855681
1452200844607250432
1447541045953286146
1450384245118078977
1448308792018538497
1447569632517296131
1452424214594654209
1450731042399260674
1452906568283037696
1450398299123601418
1449865813276696576
1447101777866903554
1445877230467526659
1451314661362700288
1450926304237432838
1450502219065970689
1446745091926810624
1452753040642035723
1444265143534297099
1451841395405336581
1450373885505978370
1448991818339729441
1449445091597332485
1450406379555000321
1448888658984161280
1446713438017818626
1446719120389644288
1448634904795828225
1452514183182946306
1450474009007697932
1454794801635856387
1452331520421777410
1444904743558651905
1453774821154869256
1449688923421151232
1450827098172628992
1449290753369313283
1451117248454725633
1448338769032224773
1447488652259512321
1452645216708616200
1445834250813689856
1453136059324325888
1454873854359257095
1451196647971508240
1448354375534055428
1446855708222398473
1448386453701079044
1448017976066707456
1446946275073708034
1448366580132425736
1444996516205240320
1452384270803218436
1452202072804315137
1448768939878756353
1448393632717975559
1452423802588221440
1450558400253894671
1445724320341250049
1448347804762460165
1451096689964634116
1448929977538334720
1448558205043240964
1449826729149800456
1446878730471739394
1447213164744089621
1452557720956047363
1450366267400114178
1449397429242109961
1449477363427840000
1449137009734426638
1445821693176557575
1445718850662801415
1450819363456438274
1450346318375919617
1444362546224451585
1446113244469334023
1450463059961593869
1448218456004890628
1452336781660205064
1449045589405147142
1450504068766617600
1445321343294128129
1451057374677057537
1445842103678894082
1447611000497258504
1454324195047923720
1450738210561265672
1450485878112063489
1449307331188121601
1448364682457362440
1445138099902758913
1447729276355235845
1445761972599918592
1450434268300300289
1448218606584664065
1449096995700891651
1448343207545348097
1444096205290676225
1444937320998875138
1446943851852312582
1446365499454074925
1449026145438011393
1452031884221878277
1450559535656153096
1445500218028429321
1452381851411263493
1448746637610860549
1452527891909066752
1452952833888817153
1451309000700612612
1453555032612298754
1449493701873618944
1452671067839938560
1452606206925737989
1445126449523007508
1452660164180516871
1450917198294290435
1453424735946162177
1454482274108551169
1444660281100152840
1443934397686820874
1448052331652726785
1444116430442668041
1448750939096158208
1450455352470908934
1450504354109267971
1451090771944349696
1454735982696271873
1451912395325157380
1450903508660654089
1450709532234113024
1450078347179044866
1446915741362577417
1450411676390539264
1448370713556144134
1446746058684608512
1444887056208044038
1447242840619245568
1451943450061025280
1450561185124847623
1450367696521027585
1448774110809559047
1452574176661942275
1448553950500818945
1444684618368798724
1450584290819981312
1451974472618106890
1450388058294136834
1450396552405549057
1450464574252195841
1449465762830245891
1452008125150736392
1448740226059411468
1451495324657258504
1451437086431715329
1449618427899953158
1452671254322941956
1448352530325463044
1450407839361642499
1452232074551824393
1448176420665143296
1447497112770449410
1452026073521266695
1445689737847607302
1447566543890550789
1445782025315635207
1445723833797906437
1451475175405506595
1449654055429722115
1449289166504796161
1447571125827997698
1444769543809912833
1448335917232578563
1452635181995765766
1446100490517942280
1449302122105868291
1452670870900588552
1444336355992080391
1451449495363989528
1448621139404722190
1445473877933506567
1448047552100773889
1447911546005475340
1448625920051499011
1448563661434404865
1449476356711063552
1454515672889888771
1446014758533148674
1451191077776461824
1453742683206397966
1452157559721369602
1448357356295892996
1447184054449754115
1444427107304681480
1452588508938387465
1450523101918334979
1452417714027368452
1451931045155287051
1444958378414034947
1449288628820119556
1451274867374964741
1452636934891872260
1453471646615052292
1451887560863715331
1445728234612486151
1452526753805742081
1451116863539273734
1448197923859271685
1450194890474672128
1451956115185577997
1444597298621779971
1453416660476514306
1448370613928828942
1447504524067868673
1445706145763512328
1449463082808496128
1450034428646940678
1446460011375366149
1452655961559257093
1444206946937147396
1447184527605084161
1450724280375947270
1447585260343107588
1453271758178504709
1452616408068759553
1451458553047396357
1450415195965296641
1452541977925459972
1450464624080457739
1450373068145274889
1449299659889991691
1448971102567403522
1452983785251868672
1450920843773624320
1450412499015245827
1450550688203919364
1452721880792715275
1450527919848280068
1448258836184317957
1447983570459533315
1447205687482884099
1454483524162097155
1444640151309848578
1445432097976602631
1444613165996822528
1448772216276013066
1444447376085823489
1454917368275259397
1445774873922441222
1447574171718803456
1451198734990077977
1445683489467092999
1448785421253623809
1447885243365609476
1452284636059557895
1452251922287714313
1450574251875045377
1444565460905861120
1448762143709581313
1447596919623200768
1451935279556829186
1454435107884965888
1452616730354888715
1452395473927553033
1451099921239711746
1450904197151535114
1452313890453340184
1450890469697892353
1450739461365633025
1450200146151620611
1452861066422243329
1449326271264079873
1448489844162895874
1448394490952171522
1448385814627602437
1454449259101704193
1452939706489049091
1445708717480038416
1454757701305737217
1450508080987389957
1451850144513765379
1450423737904418817
1450475087556120580
1448332435998060544
1452980918281461760
1450500752489787393
1444358920064098309
1450022566106632192
1454152505055748100
1448166295011201025
1452550510913990656
1449444946193354761
1448309899612545024
1445844392254791680
1446923128945397760
1448364464718422026
1450357251865260032
1451250683957714944
1452387782840705024
1448584860881326081
1452653577994899457
1446781835665625089
1452175011792490502
1444678816258052104
1449288302000025601
1449264218004508673
1450488772659855364
1444413900305408000
1448315555136552965
1443809187289608201
1448962711472250896
1450891090391977991
1445710450738434064
1448760344327897090
1448363862449864705
1453584194123272194
1446389374774616066
1452386441821147144
1452195920439824385
1450483767789957128
1452555421919633411
1450496931864662023
1448564978894704640
1445003059483000832
1448384838868799497
1444733844540870662
1448179796094164994
1446014368144142336
1453965862830952463
1450917645373612033
1453489100296794116
1448158189422321669
1447889534700642309
1448723536475041794
1452334901345271813
1449273687992115201
1446584972882628610
1447838206154756099
1449621204378259463
1450406621339918338
1445700644120137730
1451640010948681733
1450380803679076352
1448954308133855248
1454073970647388172
1447560226102710279
1453427617722421250
1448287453194895369
1445123395994243085
1450512173625749509
1452706963205279761
1450483128250904583
1446882493412646912
1449489892048842756
1450834194188447744
1448384979571023874
1447210109172686850
1445656901060988931
1448776998344667143
1447591827293491203
1450542573148327938
1449992381361688577
1446781695773057027
1444447066051301377
1451987286611091464
1444375777919778820
1449828316999979013
1445073388452655108
1448252653461557252
1450447634062364673
1453719574705172481
1448547565461549057
1445761042991116293
1453313645362941952
1448003766259757060
1450930609304526849
1444575160087027714
1454100352890986499
1452388833102868484
1448937781024133122
1453423090709450757
1446519933811236865
1451575258583126023
1451248215118974978
1450700329444683779
1448987937488650252
1444555133057224705
1444960272322543618
1446859789699592195
1451991492889821186
1452666460640317455
1451816984304357378
1451200616865271817
1448996355028946948
1446103877972004869
1450480981404790788
1452510122564112388
1448362122019278852
1452615081850720257
1452013943375937544
1451853513181515776
1450503005497958406
1450378818678624260
1454872309563592712
1450464214770978830
1448886677880070166
1447664412685475842
1452356755690774531
1447492697925865473
1447268695043186693
1452981598643707914
1453750251194626054
1453043183563202563
1454515432380059649
1452390718874525705
1451038221652185089
1453389886199943173
1448379443274260482
1451810654407495682
1448079511388672007
1445998698576687107
1447278387840622601
1444670559476977673
1451271003288522764
1452986097454260227
1445400592575250432
1454029912118022150
1452348591243202576
1452542599206735876
1450840231360581632
1449380539400663041
1443845469650759695
1451857688346959874
1454913289998241803
1450481991326081026
1450397174005702656
1447726959723679750
1444965641367265282
1451645367465005056
1450527530776158215
1451283985028505601
1450480955223912459
1452188457858748418
1452384913060208644
1450421952850583553
1450411562242609154
1447821107730567171
1446827889564037121
1445902301340778496
1451186223494545416
1450416345821089796
1451257505770872833
1450926063840899074
1448333265761361926
1446041502325657607
1444613490992459777
1451625149858516992
1445708182563680261
1443860494478200832
1453218364885716995
1454494079300079619
1451059484810489856
1452171005145780224
1454437476139950081
1448347362863325187
1449274094483091456
1445304625473724420
1453756491370991619
1451446268899831831
1450087418686840840
1447902002495827971
1446791953039904779
1451635959125118987
1449531875622588422
1450483119765786629
1450411784960200709
1452230726674489344
1447321015877521409
1450905830635802625
1450562496247521287
1448397370132213763
1444702660737835015
1452863927604371456
1446010440262332416
1452384888439644160
1446835724335161347
1444956355987755014
1454725848435761153
1449294205898170370
1450433368122970112
1450559527338786819
1443874721628672002
1450765535948517376
1450135639362613257
1448018660845629449
1444432608188895239
1448036052481019911
1448388470637056004
1445680632240099335
1450739676244021251
1444646987962503174
1448743365068169217
1448801958748467203
1454734174842142720
1449260583791079425
1448342347113173004
1449790590011510792
1450526087822327815
1452311900314800132
1450846242100195339
1446916538230005762
1446472505330442254
1449640898124521475
1454610561036128257
1451889360362737666
1450567711344545797
1448364962657755136
1450446261061132293
1448988172462002179
1450716531583819777
1444664370487758856
1447308238202998794
1452385754164965380
1452323484332351492
1452391124644077569
1450520214207074307
1451213153094799364
1447970752444108806
1447220298986708992
1453482596709638145
1448362277493739529
1447095333310377986
1448348888881156101
1445011396673015815
1444621491878998020
1451287389951909904
1452766724416229377
1451869628829929472
1452648551155183627
1447686844100001794
1452371614805499904
1454531261062688768
1450536740733825029
1450888799072968709
1447613695870345222
1449279523351105538
1447971291374444564
1447624293882400774
1448042518059302913
1452559418739068928
1451074469968105474
1450364678664859648
1449636902416551937
1445638201675108372
1451900827271053324
1451727964647960580
1450090089359585283
1453581601531731970
1451681305557614603
1453605507789434883
1452333019952553996
1450807774267514887
1449466968441032705
1447144912386940928
1446146139191926786
1447840744765591553
1452922203209670658
1449244925615353858
1448183662030336000
1448161822540980225
1446921638147198983
1451869188126031872
1446791557294796802
1448802820652687360
1452185515189538820
1448210157658427392
1450597836651995141
1452311213413654539
1449279340802420742
1450583993502650370
1454518527084347402
1451919134602633219
1450360600182263810
1447826980246802439
1452383777246830593
1449270101681840131
1449153721955401736
1447461884928610307
1449297043512508421
1451755960532443138
1449361718874972166
1451147282641035274
1450217818033737728
1446792050792439813
1445790466067345408
1446135983695532039
1448898037213024273
1444649188910936068
1448742573049327624
1448029600672518146
1450808431259049989
1446881333914083337
1451420528493875233
1453657337617698817
1445051816279003142
1452695719559708676
1444686196853071877
1452025768238850058
1447103676103933959
1450943747756335110
1450409485248434178
1446884763344805889
1450679109735141376
1445619997951152132
1445800757295472644
1450500799449141249
1448656839126568976
1446540344779280392
1452601261988237316
1446146699190276101
1448926757764141056
1453558344409665553
1451862247295307779
1450915521751392261
1449997497301147649
1452619090355437587
1449293299475525639
1444738804175327232
1443897939840180231
1447218998203060235
1453474113088000004
1452706910587834372
1445872856823320586
1452965330729451534
1451480196553510913
1448908486272864279
1447962653868142602
1444757903165071363
1445140168919367684
1450387012524068869
1450676645254291460
1453302788881014789
1452539143280603142
1451652835024769027
1449558290053091332
1446593130317426692
1450945195424600074
1448935649487228949
1448377484941082635
1452393144587366402
1445703144327954445
1454733151549394944
1448245242403110924
1447111166686285827
1453364302828740619
1454926256730935304
1453556615567790081
1448346145198067720
1450888738914115585
1451883333206650882
1451159630307024897
1448209882637815809
1450525789456318469
1450755174876815360
1448363762851909635
1445982664390021121
1450923457642999811
1447683876562817024
1454510802975739906
1450414006947176448
1446502281361477632
1452250288346353666
1452357587211538432
1449417692344209411
1451859696416141312
1450348005622796291
1450412355557466117
1449301833541996544
1450481415049592832
1449079523920785410
1451528384962519048
1453411588933881860
1451892797150220292
1447542910396899329
1445723681695494154
1452388861095682054
1449526860556161026
1449279665852592130
1448892811269529640
1444423684672925697
1448934550655078436
1452625994230243333
1450474444523249665
1449907369522122756
1451624893791944706
1452026206279319552
1450397072327389189
1448923379155841025
1447794946816323585
1444762661376385025
1453426397561589761
1450692131094421504
1446726793428361216
1451252725971230721
1447622062135291904
1447201985678258183
1445123685447315457
1449335986404610049
1450505777366671364
1447306053025243140
1445881760659693573
1448516780708794371
1445841361358426112
1451690561333829638
1451639716730789890
1448357528195280899
1448362210657542144
1452287202898194434
1450579361665622022
1444673875590197250
1448218353722707969
1452533675552296960
1450557954072236038
1451190985392676882
1447629047475970048
1444155434068332546
1448160273848750082
1450950918539784193
1452838152218058754
1444414263150399490
1452500166674509825
1444030097757986824
1452368039257808899
1451590417766653959
1446603184458326017
1452127038165356545
1446568326164004864
1452546740113092610
1446113176492265475
1450551602012635141
1444444862250635265
1451423915146891265
1452307719105531907
1453846112717221904
1452947410087460867
1452388304532516875
1452976827262283783
1452337545988149252
1454014833943253003
1450385750571290629
1450427815745163266
1448930487599255554
1445396559852707863
1448779293111296002
1450700572340916224
1450561518777556994
1449305745204330498
1450443084504854539
1443998458541748225
1444678781927575554
1453423479466909699
1447540319998853123
1443850461417820166
1445630551885377544
1450453890311331846
1450818722520698882
1450836711634882563
1446900502650839050
1449665237121175554
1448962301328072705
1450287158653112321
1452385198797099016
1452489474500345857
1451982880381546500
1452638774006009863
1452337604079271940
1451480738738626564
1454508914935058441
1447275136210583563
1444445361880305668
1446141466858885120
1453815326337126412
1448714469971013632
1453343979777441792
1449764817183526914
1450481961009664013
1444343618383265804
1450740286410436609
1452415064456278028
1454796621712183298
1454734009255202816
1449317206274109446
1452673353140088839
1448397129668509705
1449310266894737409
1451698540196081671
1451265456434733060
1451122378797367298
1451889465560076291
1452284077630005258
1453260699388596228
1451185730340880393
1450556236609511440
1451884061480345605
1453184650101334018
1451564290469683209
1450919190739759104
1450856959071170571
1449087157071753216
1449279897449517057
1448320166031413252
1448294988442374147
1448061089791545345
1446949002818301958
1448404621039439879
1451863009509445640
1449194969734991874
1452387123777220610
1445403885326282765
1451039125025533952
1448253918442622977
1447302346644594692
1446380297529012250
1448370448551628804
1447565645072289797
1446504960733163527
1449379220598185989
1451480466545065985
1450130132665053190
1446870769313714185
1448582843513384960
1447009673878593538
1451994478798069766
1447299585446137860
1444775288433516545
1444690855898587137
1445637867619770371
1450466947448049672
1448397777218772996
1453447448454647811
1452733535522115587
1452657820411777024
1448717329081196547
1445968133852999680
1453362822893740039
1450476715344646160
1448301036125491206
1451588433193967635
1450426562181046281
1447438249992019968
1454893079924719617
1448527840018894849
1451589285283467265
1448358971035766790
1448692168416190466
1444325728787390473
1452636988566298635
1452630389596508168
1446084624547975168
1452333267139633162
1449646547013193736
1450876963355254791
1450074808914436096
1452173931142647808
1448923490929815553
1452887926728273927
1447893578294910977
1445723181759803394
1445327867676594176
1452056375954137088
1452896240530771969
1453107626024345600
1452918360065335298
1447126250540109824
1446205748900417536
1453571433532203009
1450521320001843207
1451969732186365958
1451661611278782475
1448813487942250497
1448167782743429123
1450469459706224648
1450027905719881728
1446562540889120768
1445303111849971716
1445898616992780289
1450426262099484672
1450514766108188673
1448364483252994050
1449295287600750592
1449842121310146561
1447203085940633609
1452570651965939715
1450767651815448579
1450011449200414720
1449867988232986625
1447928869097512972
1448169511589404674
1452623201847156743
1452399410181296140
1452398326847090688
1448771349040795650
1448385306751901698
1446429918842310679
1450689832422883331
1445731838480191506
1452631601851117577
1449264924245495810
1448560200223440896
1447506511798878211
1451115162174476289
1450499510371864577
1443828827566845978
1454013326070059010
1450569667702108160
1449754173445181445
1450388677587308552
1448973623998488604
1453467446032089092
1449317780537417730
1450499778148802568
1448792083251273729
1454929876637659139
1448766367151296512
1447158546894884865
1450547198488350724
1454740175012179969
1449312100791242752
1450474889895456780
1453613348822700035
1451927091675598851
1449263612523073536
1454161357855657986
1454774563162796033
1451480546417258501
1449082644986277891
1448891688513069057
1448938232322854924
1450569988889272334
1448604685775032320
1448566909184659457
1446762357678542850
1447463494002036736
1445731365694152708
1448966662800220179
1451484845343916032
1454344301903761410
1452537641870766080
1447227764638208004
1445106781122924550
1450868004166815747
1454310997980811264
1450358551659036675
1448930314718437377
1448690159151632386
1451479148191490050
1450482709353086981
1447270978602610690
1444589898338643968
1454505202149646337
1452153310455214087
1447716190093205506
1447225837896585217
1444224521263886338
1446938293787111424
1452246621534793731
1452516993849077762
1446975423519281157
1445801574551404547
1453617704049520641
1446764873237639168
1454532235181318159
1453380442904842241
1447211680899948553
1444449999060865029
1445850461265805313
1450549125452337162
1451288557616869382
1451432267629334532
1450496566385594368
1449293137407614980
1446922686928674819
1450444849375858698
1447662099061219334
1445867461274963971
1449002196318699556
1448333298330124292
1448751434196033541
1452160189184892934
1444040901756608515
1454760872505745409
1446754751253712896
1450399859169767426
1449298584617242626
1448297653431832577
1445666572111003659
1446862001393786883
1445335130692853763
1450508065854394371
1453695162308247553
1452724771892912138
1452287741408972807
1448872784663306241
1454534458816729090
1447541519603351556
1444548264108363777
1451836794111250432
1450768907556560896
1450542204645224452
1454049722788888579
1450836519363747852
1450396471300345856
1454905758643101701
1450537476901249027
1452870258856013825
1447600209161334812
1454812895024459780
1452950848288460802
1449381030910119942
1454875982553395203
1448756999194349573
1451197867578724369
1452615266119135240
1448350643119403012
1447898076807639040
1450775752383901703
1448337582887260166
1448238874443005955
1449883331521306627
1450483844860293121
1450401487922794497
1451199895713452045
1450886981349777413
1445748437593444362
1444801301599113216
1450369663397994496
1454911767943909381
1448345295499276288
1450714922376118273
1444724329737068548
1446580809989824522
1453494634043281409
1452030684315389952
1448158833902342145
1452389414802427906
1450731847235813376
1447484571658989570
1454221142542200835
1452350249922711560
1444365626710110219
1452400327282548746
1450506463739273222
1444724432937922562
1448218160012877826
1450408333454848004
1452636891317161984
1448047191520600064
1444224245907828740
1445085433378058248
1449016590423494663
1450440577342914567
1447608875713273856
1447332858272571395
1450031926551662599
1454450389311442958
1445122750364979202
1444263229706981379
1450475032329785357
1452679951828885516
1444205553622867968
1451983473368047630
1450444099107102721
1449422084808101896
1452338755642220544
1452921728267694080
1450885484385873921
1449403431416893440
1448731128530153481
1444976732134592512
1448737840976760845
1452385758447390726
1451925030066081794
1452386489711611910
1451098429103513603
1453022057218912262
1451093602403225607
1450855709105606664
1450443202314571781
1450484231331880963
1450428002538491905
1445982948067524609
1445315230930767872
1451170002657239051
1445078720553889793
1447206316846485517
1450375997401047040
1450843096443330568
1453698719703048195
1448938106929942538
1445755788983562253
1445693761565065223
1450501453169168384
1451574202637619200
1450505897688584206
1450005785325490182
1448319295365304326
1444525610370584576
1446364921978105856
1448554265060970501
1445437871524126720
1444616390347010049
1451250473625919498
1452430699982729220
1450555939501879304
1452204910695550982
1448399120876589069
1451811363513421825
1445976233410445312
1450522137194733573
1449851708306337792
1450945278018826246
1450357754791612416
1450162495109410822
1448785899198861319
1450752437812334592
1450731581841281030
1448388417428066309
1448239873387806725
1449369163508682757
1454849078727221259
1452383644878790656
1451720706434207750
1446222285027909643
1445031216328097799
1444325562214801411
1448548272059166721
1446320972525621260
1449138040346193923
1444017017900740610
1445692543950221319
1452683658469560325
1450462115437948943
1451172292478787586
1452388695881961476
1450539711764762628
1451212743625871368
1452273031070556169
1447972971189051393
1450474493051346945
1454848403393978371
1450487546589466631
1450904428308013063
1447508273788293122
1454860286574448642
1452718723245162499
1450570273347063812
1450503172179599369
1452008401861545984
1450209692488241152
1448392420421419012
1448047405908299778
1450397676512727043
1450486964260675588
1446782634718281732
1449071753020547081
1448916730609389592
1450393821188001793
1448761440387600385
1447813812535582720
1453465320497324046
1444998405315497985
1446974154205433862
1452299062179422214
1445332136236658692
1448588310503428096
1452384134488371201
1450499825766703105
1449458660179070980
1451860150663401473
1448537235670904841
1450906741697286145
1444972547511029760
1447523779979194369
1451152428674523141
1446668956513734663
1450325175535288320
1449112629075750912
1448728667488722949
1452612768721428481
1447213180179173380
1448016736855408647
1444185031539310594
1454715099537608708
1448403727568838656
1452380609469374465
1445708569660182535
1444608815857557508
1448168146410610688
1446573648161148931
1450535126866223108
1445319659645984774
1445396506727624718
1447913052372938755
1445698834500182016
1445713449426636813
1453389797721088001
1452726352302551053
1448612263229804545
1450577400648151050
1447451950673453061
1445841356627263495
1448538430913359874
1444447448655699971
1452745614047993859
1453997686684852225
1448995529610903563
1448210041891401729
1448315059449606150
1447539069639143429
1447951916143632397
1450818458296401922
1447470672112930816
1452383539387895814
1448399814375448581
1447475996286926853
1448335261679722507
1446784365393063944
1452332118340743172
1452725415672385539
1448332515958210562
1445765417910222851
1446381239208980496
1454840547953283072
1447624298231959559
1450527646719397903
1450884160625823744
1454444898669715462
1446969464407351296
1451916815441989649
1443843527537012799
1444348943870091264
1452188420068020229
1451105506945347586
1450836155784642565
1450195869228281868
1454367937452728322
1447621437259399171
1444974673050193920
1452384717135831042
1452175690447654915
1445014465787932672
1445797130614890497
1449279244232765442
1451076909228601348
1452405695815487489
1444301154985328644
1452387232036315144
1445712029348614147
1450748206636314627
1447078381741383680
1454046502989541376
1452622711671463939
1450405244416954372
1447862755072090116
1448374254689456130
1451601565215756289
1448211736390209541
1447831631906082818
1444966619185389569
1444716724763381763
1444585110892912642
1447811287153618945
1445565261155749888
1445694021817434115
1453627447665123331
1448521945738354688
1448397640450908166
1450824588565393411
1445358062966083590
1451696122901188611
1448592068129996802
1451193386099044358
1454076386793058312
1444786254030295048
1448551241114660869
1453651466900713476
1444561186784223234
1452719381474119684
1452671159758118922
1451614143472185351
1452741432436002819
1452369043072163850
1450498099932274694
1450299998701240320
1452953595574378498
1451998926924623873
1450104156199571463
1454146325096898561
1447433457110593536
1445005722996121604
1448592950955581443
1453555538181165058
1452952802934808578
1445805353233309711
1445782562983460868
1447203501831069707
1447225575316369411
1445660068167380993
1452560777777401859
1452383730950103049
1451109593317265412
1450571119057063940
1446749602967920640
1444586886882856961
1447704390073139203
1452636760400408588
1445834516614959113
1451274477933895684
1452370170287099909
1448216468752146432
1444745283418660868
1445723864256827392
1449106801581076489
1448305711520391172
1450943293852897287
1448754358452211715
1451071418855264259
1447632845023989763
1444410917358297091
1443845753135378440
1444964602329116676
1450623131241099273
1452384317527805954
1451251998217719810
1450582289923166216
1445629854079074305
1451454427022364676
1445715467839021066
1448753787162742787
1446026942449344514
1450482934486609920
1452383582459207682
1450821422775930890
1452396281674993666
1450795825639170048
1452389880336687114
1452335538934108166
1450938692567289857
1450893783382511619
1450031438443782145
1448385223658516489
1452644697097314317
1447714933190316037
1447237544974983168
1452883699821907974
1450571038614597632
1448639151235084292
1447557094253662211
1446392479037669383
1450425078139793409
1450873759141797894
1450414901223170050
1445818954883076099
1454111962997182477
1448485986313412608
1448739689062715396
1446857286253748232
1449041979531276291
1445788693843873793
1452383909161885702
1450536275828740110
1445824493843214336
1445711194807959555
1446837932359290885
1445732178172669954
1445828478885154816
1451161243142742017
1451070964062633987
1450578086140039170
1448691159170273285
1446370245812367385
1446912975353352194
1452202808460070912
1450423335825940483
1449272537771294721
1454401887646670848
1445696580347068424
1449500180613668865
1453667014824714242
1452620155238948874
1452021087672442880
1448384223228858369
1450482482999091202
1445254039852228608
1446153791980589066
1451992172220370949
1447320989944188942
1452449368938725378
1445696140633001990
1453623099161812994
1449246446528630784
1451064326496923652
1448160723285291009
1451667325443350534
1446778725572431873
1446563736064516097
1450794179932655620
1448060913555283975
1450439364006146052
1451119514435850249
1450378662256287744
1445362689065291776
1450738183071797250
1454170301114290182
1452245555833446411
1453185560550445059
1449749068574597121
1444956220427804673
1444677208342151168
1450591541668503562
1450358886121316352
1448543303515918343
1445799783369560066
1445011188505616386
1450547050345648133
1451484919541161990
1449638820144680969
1452398877265563653
1450875990629130248
1445127449227014149
1450444703451729927
1448018107931496448
1450386182253301765
1452418581657014279
1450385358189993989
1445303955412635649
1448773781615521798
1444425097176096768
1445294937398992896
1451247978912571407
1450553553337073670
1444405410941784064
1453513226080108547
1449414373915639808
1450889929924427783
1448921416754253835
1450437451567271937
1453734810841616391
1452563146783301633
1450378334093942791
1447570294407839751
1446883816581251073
1450021006240854019
1447668408733011973
1450750779002953736
1448217135000473601
1450005100035035138
1451474882219462663
1447256404256034821
1448792531995709440
1445810001591873540
1450774145181093888
1448332310089175042
1452633176426287104
1449294505824473088
1451302855818813446
1451511695856312335
1454571233224310787
1444764979245330436
1452852160841007108
1452384256357978115
1451868543025299460
1449633417058979841
1448961811106058242
1445831824048107520
1444060142199246854
1453843000094826505
1447471413548421122
1451860439760084993
1446843043324309513
1448305258355101703
1448889081941876742
1445821636523925508
1446396074936131608
1450485389345579014
1451202001073631240
1449328447474618368
1446119408116502530
1450709550617747460
1452705695875403782
1444563608600465410
1452892262132764673
1447744486101168129
1452709009799225350
1447629940246130691
1450381742708301829
1454231165485867011
1452384304663826433
1448400216584073218
1453324633969733637
1451080982333992963
1446891323747880967
1443893701248421907
1453388641078857735
1452716904548868099
1448940075170009099
1447616861630353413
1444997226690981893
1446967897016909828
1451985883750612997
1451827408550731779
1451123310998310919
1445695758829690880
1447142502243487746
1450579821478699009
1447392348359610371
1446975072154136580
1449315668545921028
1452687735051874307
1450883215179276292
1448228817672282122
1450431852767023109
1445695946117947409
1453010935757553677
1450776402127556613
1448546526901460993
1453481638869012487
1448045061065871365
1446389662361264128
1447201952182509571
1454246216523517952
1448899674644140065
1444993912507150345
1444448437521506308
1450823013834895365
1449310164507668484
1450538294543060995
1449086950552526851
1448383787826618373
1447502451955937284
1447227821210968074
1448364936871256069
1454926148262109188
1445774488654598153
1453328945563291653
1454891017723863046
1453693126472765444
1445869135909502977
1454947729675804687
1450715580017876996
1450698081088032769
1448925528950444042
1450387042534363138
1448277093066944515
1451881903045369856
1450667797122519041
1448264174069497859
1447836171627864066
1445854573093081090
1452670953977270277
1450646250676572164
1449006212410925068
1448610058028388356
1445730565068558337
1453522681765285888
1452385305277960195
1449733579139915781
1450363590112800773
1450479349698760706
1452368719229882383
1449023189867188232
1448785635318370309
1452671108520480769
1452381611933249536
1451101344249614347
1448911461036830721
1447629902845513734
1447261824248909825
1452608617757114368
1452715371996270599
1450773692200390659
1448353136914182146
1453607952296910849
1451808892317487110
1446980996000370692
1445124397887590404
1443900167258877957
1450497574444617733
1449678130436874246
1450470990211919873
1447844334741688321
1444220573421379586
1444263674630352896
1447591005037993986
1452763110029340681
1448956649708957698
1448121878284050432
1445755218398904321
1450536555894956037
1445695343174115341
1446469840043118610
1445661245693206528
1450521182516793350
1454570348633104394
1446945544862158850
1450503028180717569
1449281983121608704
1447438701005578245
1450035861538709505
1446070251356049412
1445982835718897665
1448765285821976577
1452644627870330893
1451981034321494022
1450755837115473924
1451116545820827652
1452239346740965376
1452649335498453001
1448197643998568448
1447630363430379526
1447587734080606217
1450807352408608769
1448735735503261699
1448792609766481923
1445825093028827136
1452386101767725059
1444356186275553282
1448945835337715751
1450487115154874369
1450430710783827969
1448397692799967238
1448899141413883908
1450379937005854722
1449008805325459463
1450756188224823296
1448459789919531011
1448277495392964611
1447644710147956737
1452692106129051658
1454534479159123975
1447473733367746566
1447120901644955650
1446942941444980739
1446885328216862728
1446838003977138178
1445700670179328013
1450136876325736456
1453933500105584640
1450833522378280965
1452386359973486597
1448056111618273280
1447462426862133249
1445029424445988867
1446968595607605249
1448185717679706113
1446531276413050924
1450458010241884162
1447798686214279170
1451205627406073856
1447288966890364930
1452384036895305728
1445151743235575813
1450407830796787715
1446575559316840451
1450412426449592320
1449839782960447490
1453297822279868429
1445646274305224704
1448426424013139968
1448213841658142725
1451209312706174976
1444568715631149058
1446289910286094340
1452067180787421184
1448998713209274370
1454444263618588683
1447089821558657024
1454180063801401344
1447609642331217921
1447593998449889289
1446089500057296897
1446079642381791233
1448166608367652865
1446517325222617102
1452990512663834632
1452766503259025410
1452383158033428494
1452404463470264327
1452158974728581120
1450937394962780169
1451858410161508355
1452386723573506059
1449710529782566914
1449469321449639937
1449136195859095558
1446058904891310083
1452718307778437129
1446012294752780288
1451790855619100676
1445800618183073793
1444753304752463872
1444616857349070851
1450502899570782216
1445772930139373577
1444592291897872388
1444418978101833730
1450479570075979778
1447318527409541122
1452224423965114382
1444955456208883713
1450797381793030147
1450900256292474895
1450475753385103382
1445356060529758213
1445085880268562451
1452911063612145665
1447475653125808132
1454830416964292609
1453411712581898242
1453296443427536908
1450420697679937537
1451672585331253249
1452892386816839680
1451797842985689093
1448921835089940492
1448336710228746240
1450505909545971714
1450394577593114631
1447622514507718659
1444006822780747776
1450357052031868933
1448364078158815241
1444972414404792320
1446752267248537605
1448554310078504963
1444439507038838785
1443730127137947648
1448049330292670469
1445791794395025415
1443757561249865728
1448685833444335622
1446053358377308168
1452745549745172484
1447602392619360257
1453282720960888844
1450550672580042754
1447004809320665093
1450358884305195008
1450078314983526402
1447186683158568963
1453217576574717956
1451972924521566210
1451103718359937026
1450797041819557895
1450522905704648715
1444264033398501376
1451420511012016174
1446765277249736709
1451254996947906562
1450580529200484361
1450752968945541121
1453601840822620162
1452617911072432130
1450041073363980290
1446485038686785541
1444039020212805641
1444594564040433665
1450717781217923072
1450582764881948674
1454734094684803072
1447201513168904196
1452245448794722312
1450386801076711428
1452669926242725906
1453056194529173504
1445399640145268739
1443790525413294084
1448743362077544456
1447497198871236609
1454498088366886915
1446798464361373697
1447088136866127875
1452891950974226434
1447443898897362944
1450729505241411584
1445149214640590850
1450734332524601345
1451116345429463048
1448401263813697542
1453976627856035840
1452409156934291461
1450481834522030086
1450446613978226690
1448760711870496781
1444748055224336384
1450357055756410880
1447084849194536961
1452377162619707393
1445700112387166210
1444431514872201219
1445763057150570496
1449374706474393610
1451973987144282116
1446892905319342080
1447692345349128194
1449143801365344258
1451913122323783691
1449906835536945157
1445764170448654336
1446156313961156612
1448162239442206720
1447467580168589315
1451095454129790976
1450931819487109126
1450378810625511424
1451894879894790147
1450917850076569608
1445700772432252933
1452179182742609925
1447830560118919168
1450480187385200643
1447830911245033473
1451819708324384768
1450746919979036673
1447246496936742912
1450379172568776708
1450657173424381953
1452385812960665600
1450905556387041291
1444045434801041410
1448347627544879110
1447136228181266434
1450500878859968512
1448420458500657152
1445792252962373644
1447304709748953089
1450395947880566785
1444952271285010435
1449345197167595522
1450868424360538119
1450201105120563204
1446850416784908292
1452201157674377224
1450573577326145539
1450929951100874753
1450824563579920387
1447546272949280783
1450582823564464129
1450068115669327874
1449290434967134219
1447488137459113984
1448520727330709513
1450456301973164042
1446483171466518531
1445621181390868487
1445658512873467904
1450422227359444993
1453330590405734401
1447543586359234560
1452369277579939840
1446946528480923649
1451604807144247302
1446768960595181571
1449259265626157058
1448999681082671115
1450580245686497284
1451856367753498628
1444446890926477312
1452322509307662337
1448273121434349572
1454050763576156162
1444231043696021508
1450506534224547844
1448718823167758342
1450559956634279943
1446807235825446918
1454738544589787136
1445084409011519500
1450890689085165576
1447992773848846339
1453432168580005888
1452384070688722955
1450473125037084679
1449499125519720454
1447719525730947075
1443874499779350578
1452249344753774593
1443879219700944920
1450762769259798535
1449028664918777858
1450444171878322178
1450394635558326273
1451863285582733318
1450908507046301701
1445968072406409219
1449268435297390595
1452328719566184461
1451966551926710275
1452384070500036618
1446078115030175747
1449016334906441730
1450437769894010883
1447203101497307144
1450733689869119489
1444094466483269634
1446211550344359941
1451256369621897220
1451983007636590594
1447608634209300487
1446834095481311235
1448052041583050755
1450504275768008707
1445048952030695424
1446404224019992576
1450687543834517505
1448580448951717894
1452388290259210241
1450506700763582466
1450894601288552448
1447984149982322700
1447979477431095296
1447434037241524226
1446717934026608642
1454735488259137537
1452175059448209413
1450546869835386886
1451199905389633540
1449298115723411456
1448774905756110850
1447310212264779782
1446562614591508488
1449318613807161344
1444993804164030467
1444549417642639363
1444344919578054669
1452385694643589125
1448335405762424833
1447499519256584194
1447496192980660224
1445982752529059840
1452387041141051392
1449625950690369537
1448530307469152256
1448520003033174017
1452178776641654784
1452880612356931589
1449671515482513410
1447470452142743554
1451734601852866560
1450551258524180485
1454906736385662977
1446370207019249672
1447849552237707264
1446335265014960158
1449356563618086917
1445015883655569414
1448922434179158026
1443898078394781700
1452611665137127425
1451742153596493829
1451277157095907339
1449839551371956231
1448345181128953858
1448340935658643458
1449319213026496514
1446085118150520840
1448337636830195715
1450562891166388227
1446603037372522496
1448507803463790594
1445342141128056843
1444554151883649024
1446912226040991748
1450386735679033347
1452988152327643136
1446946108215898118
1446217915670335498
1446051315063349248
1445610165806399488
1449317173378183172
1450891105499766790
1445496142309953541
1452384189551190022
1450085155016691717
1448663658796498955
1446159993879814144
1452865728135192577
1451629100817334274
1450562745909321732
1443911023589740544
1453272687288147975
1452335648434704387
1450554493205106690
1449800473150636032
1453556144794918913
1450911274100006912
1449016957433483286
1452502665380904962
1448850574615719953
1448532178124611591
1452411572043780103
1451592061866713105
1448339294771417093
1448771581744922624
1444341047144898566
1447533511053910024
1449285298429497349
1446360627086307344
1451119310575915009
1450505322435592192
1450487842434543623
1450707617026826241
1448412795549138950
1451989075062296578
1446857109203824642
1452037497882558464
1449676968744652805
1451287738393694209
1448739636168253442
1448340618468597761
1450442061539381250
1445712466940338187
1451777627375685634
1444307948860329985
1451285140618072066
1446392437501579264
1445826150832300033
1450578732842987524
1450386706394501120
1444325842658611201
1451474129270591500
1452394345190109189
1450423690747949058
1447426435099021312
1453472835922497544
1452223942249361415
1446107278453608448
1454742817218220037
1447677061045305348
1453477339640352774
1449290785401229316
1449972138832707587
1454214193415139334
1452011549242056708
1452384736475820032
1452170566430040067
1451803373414584322
1453762988624785411
1451662145658130435
1451624523174981633
1450754734697164810
1452373572257779712
1450482676629217284
1449074350573903872
1454787933924298762
1448046732231725057
1452389081866985475
1447553425856684032
1448897128642891787
1445765430379888655
1451627407400742918
1445724275541950465
1450572307332751372
1447614408142639105
1452388248274227210
1449058741383573509
1450908216716562437
1452245077741514755
1454817634441170946
1452671187092484100
1450408878190080004
1450442405472317444
1445981238242729984
1450812231881576450
1449352467871846402
1453425570193231874
1448548045570945024
1452866565595148290
1448052212320645123
1444999982793252865
1444340904077275146
1452254429370060805
1453557089410895874
1453589619509956614
1453995251442532352
1452301290005016578
1448333146701942787
1443877779225956385
1450688089349820420
1449532375197683715
1452673126395940869
1444644878047191042
1448171283569594368
1445417464620269571
1450884187666276353
1447126828502724609
1445709540226334726
1452352615501684751
1445803229296541704
1450557404417073153
1446983829151944706
1451738415804739587
1451265224800092173
1450476873633476622
1452058577959591938
1450789489169817606
1448970587288838148
1448943728371044357
1447464959961714689
1447208025140469760
1445800590051794944
1449397643831091202
1449201764465614848
1444181979516260354
1443923074605326369
1446438960801239063
1449849355159080965
1448779248236367872
1450498117535735817
1452658581690626056
1452510309554475014
1451273286231412736
1450404438078889985
1447274707733123074
1446481147244994563
1444027787497586689
1451938484181143563
1444345566713065472
1450753665590087688
1447669732740681729
1447431711009218565
1450478795354525700
1444182953525919745
1450386156173021185
1447633801337790467
1448061540347883522
1447438368132972546
1450580994474532865
1448160245994463233
1445634152603160583
1450503179792228356
1448410027614740483
1451214002277732352
1448771090910691328
1453556722925248516
1451633962254798850
1449717452636672006
1443816730304913412
1448207714375634944
1451798040377901064
1453459080929071106
1452383022049812483
1450128404603355139
1450504221330190346
1450385229424758786
1449641523390435330
1449283709534887937
1450560068064317452
1449385386690613252
1450784425084608521
1449105351933050880
1444951294104555521
1444972403801612289
1444613447099031552
1452312917282627597
1450581772010405888
1450471184496214018
1450387009516736512
1448028916849971211
1452639714985578498
1443965825476698119
1451572804885925892
1450353716192858113
1454534087364993025
1448294889658195971
1448167364088975367
1453441910949953543
1448426756759859206
1447272926118649860
1444017190953488425
1444601997974515716
1454955263539224580
1451560884615135282
1448589844054220807
1452043750780379139
1452859539506663426
1450495930617192455
1449278423407501316
1446952054941958155
1450411807051501568
1445712004061155330
1449107055831392259
1445695430906433546
1444960670227869698
1444414734850211841
1453796554335207425
1450736307848818691
1447216727994028037
1450500085893275659
1451496231839191042
1451199525922635786
1450377044634869760
1448765922278313989
1446321097826258944
1445623202210738177
1450818421894139905
1450535533944389643
1450437350509760516
1448766547938402305
1450716555537485825
1448313433015955457
1451176433120911365
1452384955976273926
1447999097408036868
1451871855657226241
1448359795837358082
1445727196778205186
1452230248607719426
1445712228187926532
1445090440294842378
1452894178078334977
1448402722873614337
1452898292363403264
1451086195522420739
1448046196354953221
1447227694375178246
1450525292217446411
1448351996898127879
1453274624196857859
1448160291569733633
1447582853210988546
1446841128817410052
1452381072709361665
1451837803818590212
1453364068874608646
1448084000703188999
1445403653452537870
1446212956614795266
1448006339855331335
1450476638681116677
1449315857792897030
1450408391306850307
1448772571806244869
1449814179305689090
1447971391567974400
1450571166821781505
1447433732902764549
1447299467674361860
1447228829462843396
1447140774668275712
1445692417953255432
1451942588248993793
1452279067814858752
1444985870097002501
1444954584045297669
1452383581649653769
1448345140838404106
1446706906400182273
1447643125514653702
1453970286815047689
1450559330118426628
1445737101299834887
1451933247793942528
1450504848085065737
1450357365166022660
1449350629877600258
1447227769138647053
1451284012887072768
1452389612480040962
1449079015172673542
1450547933066182668
1444679305892614149
1444456237232541701
1452975155794300939
1448338780591644683
1453561305038741506
1450426054821154817
1450861547618775053
1448564857494806531
1447542096093749251
1453645339630637056
1448208842777575425
1450406992682618880
1449003247348367370
1444895221741883393
1444399510864769024
1453426417321095174
1447841163482914821
1453708464761495552
1450537086549901313
1446693490428108800
1447804895701110785
1451096301077139457
1445642311220678658
1447990435440435211
1446324473926463488
1447971765641261060
1446242054414217216
1451109657267867649
1444954312107560961
1444981223974125569
1448798719869177864
1453568338882334722
1453425808970715141
1451491405604458509
1450394535952097280
1449842678674477057
1449062511605600263
1445316850267705344
1451089581189832706
1451590388385554445
1450233451983028225
1450755264018255872
1450581657237524487
1450722223254278145
1448742859054649347
1445692211509612544
1452270929682239503
1444006130636709893
1446150816432283652
1450391122950430722
1450455440232419334
1447231139228393481
1453727633406001158
1444370216868270081
1454376961762074624
1448397426511986689
1446812656975990784
1451170518221082624
1445571222243139591
1445601310183546883
1448379600959164418
1454463829816061955
1452541952918966272
1452389277774622727
1453715370376773635
1445326564607025154
1452229505175769095
1453472043987570691
1450883817351307265
1447095165739573249
1446781269426147328
1453230400948604930
1449768296056766465
1444670307919437827
1451922791461175305
1446080938706882563
1451150205215297538
1448338655207206913
1446096980342677504
1444904458551500800
1449824998269542407
1447878813766070275
1444380036702814222
1450442788475133955
1451273362202898439
1448040546904203267
1448773029232795649
1448694229966991371
1446115411922092041
1453787912030629890
1449129205632053253
1444360892007784455
1454933982664175619
1450734315319570432
1452136781168644110
1450363906459848708
1450498982736715779
1452722607304937484
1449565866002112512
1449277695884468229
1454749952597499904
1448723127572258820
1448570615942848516
1444528136289390596
1444263684113674242
1448219163734970369
1450589801833435138
1450815810285576192
1450456331366932497
1450386834291298305
1450566693659545604
1448075962076303361
1452383630987337729
1452494917465485319
1450490436980772864
1451185158455906307
1445818923769679879
1450849409592348672
1450519923990671361
1450992685536346113
1448305162599256069
1450434171738931204
1444209082789990400
1448377253088333824
1444578276656259073
1445698627951742978
1452350969623236615
1450561862785974274
1450910491690287110
1451275467286274053
1449106049064226819
1448639305677787138
1450998329110720522
1445643326586187781
1451859903388299268
1448183145606615041
1446493013702815746
1445708506477170695
1444583522044420100
1448042779557441536
1449957643309789185
1445306753080516609
1451793807016660994
1445785854958444547
1451118573435428865
1451539760183455750
1445051320864579586
1450507925122961424
1452862554615783430
1444923338250457092
1452389365682946048
1444182960983379968
1452675760632782848
1446749253351653379
1448384053237911552
1450409445209559044
1449249691917508610
1450384048321351683
1450359678534303745
1454834214931681281
1451429395973935106
1450911101043027968
1446766585360928770
1452387630755291142
1450748637370195976
1448928124683571200
1444795300321931266
1452017038680068099
1454522917065302030
1448939374599606302
1446777505180966918
1443867823407837184
1445750502101164033
1446813446385844225
1450821376445722624
1444917722631057413
1448584958872887305
1452516145068662788
1448022749193150464
1447542338931367937
1453663688058101761
1444009146530074643
1448961941033082881
1452976328576315409
1444023920491966468
1450356880933539840
1444038259575824385
1445712980386070538
1445324378846203904
1445991519547232257
1450923239883120651
1446194269677576199
1450393666271449094
1445336810209566720
1452307881559265289
1451188701044756481
1445514869734735872
1445296489551519744
1453454637869289474
1453168068809695233
1451981421275398147
1447174606964592641
1444959897439846403
1452693859599851520
1452590308370288644
1447433352722669568
1446338040872456227
1448371381423456256
1445327921845915648
1450539566440587269
1445785472559616000
1450436216697106434
1451832848323944453
1448045144939319296
1454900539343491072
1450488953182859264
1444899037652688896
1448760329954004994
1450442946780741639
1445129745025359875
1450814940164628480
1444525586463039488
1452277645685710854
1443865509653536769
1454733948932743168
1450414986032001026
1449798277713600513
1444431616722538497
1453215480542601219
1450385927960936450
1452526410849996801
1451826233902346246
1452028574945329153
1444026356988272647
1444918268892962816
1449121526427570176
1451126204090695688
1450408608286511105
1449014934080196610
1448334372382326784
1446471525255745565
1447223910576099341
1450492753780088837
1445780047256690691
1451882829722308609
1451561678949208069
1451918039407112192
1447825213945696257
1444678833899196417
1445411832898990083
1451061310087643139
1445992804262555648
1452337503906713620
1446106632983924736
1446529196147318797
1452394280903970819
1448185709400055809
1452336058369204227
1453378262671966215
1453957301174341641
1448382945878855681
1452384576517677058
1451314645814349826
1451081515195056130
1452383685177708552
1450444998089052161
1452911232160309252
1451867177770946562
1448688257391284229
1444701665601462277
1447491007126376451
1446296546627268642
1452634462165032963
1450418745009229824
1453748824514703367
1445289744682917888
1444516134737387520
1444286860667326466
1444324588578607108
1450443003730878482
1450872585290452992
1450748866018660352
1443963641490022404
1452233111299923973
1448208234649694208
1451115073221636097
1448276827055742977
1447568637699760129
1450746781520773123
1452389628007309312
1450344327692042240
1454661031096197130
1452220598118146053
1452027067244191749
1449639666118967300
1449443101676904451
1447684316109148167
1451900168358481921
1446366099256324107
1446338683356041216
1454050560492150796
1453557148923875329
1448276979418009600
1444975949460787201
1450508058673754120
1449375377890099203
1450827004132134918
1453297681665859592
1445690192417878016
1451131034670620677
1444373483878817800
1452225687729889286
1445706718650847237
1450765241940385799
1447295883666763778
1452674157636956166
1445306759162339328
1453558961484058626
1454304718772129794
1454078782403452937
1444626362988437505
1450759841862008837
1450415029573066767
1447798937834770436
1448645494931030027
1450552935738392587
1445078164317868041
1448752119050293248
1451241947419578370
1450901165101682693
1451892636571287553
1449852913971515397
1444413456078315522
1446871040232202244
1450530148139380737
1451451652985270303
1452385200437071875
1452143040538292224
1449310416363040770
1444182284064677889
1450567474555019267
1448300542208380947
1453703945990385670
1452973197981331456
1452671565888475150
1451197643212804104
1454751446226833408
1448726305487429634
1445320558640566275
1451119659890233346
1452666026441719810
1451830568337936389
1447025711504674817
1450512314629861380
1447819629972369409
1450797490303864834
1448430992562212864
1448363498703106054
1452678245833445378
1452388823489552388
1450565359212408832
1452596497044983810
1448235150807031813
1447799726909296640
1447278862417682436
1445012578586013696
1453285049370087426
1449489579707338752
1450570300614119437
1444288178941202437
1452744250559451143
1450677287704223751
1449421450541256712
1452005578650304515
1446010835344793603
1452383902627155978
1448219282912030728
1447133935927021570
1448931919975026689
1449509749758865409
1450687560385273856
1448766676703580165
1445093025085104138
1448761521832701959
1447434909811884033
1451874169637986308
1448338316026425350
1445679857774465027
1447996585992990725
1450559269468839936
1450710287355629571
1446125763766329357
1450693944128454656
1450806623136583701
1450524613692297216
1450456219861278731
1448332409808855051
1444005056441954314
1450885779027288067
1450694373486776326
1450687116745248769
1448591493095202824
1452242929158852608
1445698592887345157
1444443732032565248
1450709654468714496
1450394841079242756
1449307283586945027
1453263714954657800
1449711335315492876
1448565541711515655
1448519208585908227
1451198434036248583
1450425047609393154
1448900345397141504
1452670996666851333
1446012334477033476
1450500373697998854
1450481167510159360
1452714988624359431
1447310779615752193
1444611137463590912
1450388643454099456
1446820927791108097
1450383983104118784
1446070280712073218
1453545640735256579
1454502248755732481
1446988913374113796
1446396007474937856
1450554040123801604
1452028082777378817
1444557058276302852
1453505678304333831
1446070019754975235
1449262624059838467
1448945922512146432
1454774929598160899
1449713551371816960
1450932542434074629
1446466635380965381
1447993930906284034
1446933526675435522
1451849993980088322
1446145291653050369
1450466211683356686
1449381048131915778
1452532936679608327
