1442366728852295681
1437775508884832258
1434108986660253699
1438786834516041728
1437882929686978570
1441869223802798086
1442826655186276355
1434832011357794310
1439274851861213184
1438610933472022531
1440284927946211331
1436242853236256770
1441053031316008961
1442071415793061888
1436239689313398785
1435132953827450881
1441268552082739220
1443478873589657607
1439318739590189061
1438560345241624581
1439532319241560065
1442093259099017216
1439260066251780099
1443168446217400323
1437892584517652484
1433899089675104260
1433871824304152577
1434086877980680192
1441628733614534656
1441465192848756736
1435140391246913546
1439103312226291712
1438612123794477063
1441002009927245825
1442165800589090824
1438780276310781954
1437688321652690944
1436962612382769154
1434273700409446402
1434051967010152448
1443651842093748227
1438170906594103298
1441881894975688705
1435694230983303173
1433067197891497988
1435738198211235840
1435314423892226049
1433814821657526274
1443642564700213252
1440547620624035843
1442788530573529088
1434889848205185025
1441768062575910913
1442025646964760579
1434959494409293829
1438834159984779267
1438545625377816580
1435891633963388934
1436292896597200904
1442744080186884101
1441168273488416769
1439277912092549128
1437358570635464704
1443031124339421192
1438606722394886144
1442479798278758408
1434869431415496705
1442153312627806211
1442061064376553472
1441171251041603592
1439558707407474689
1441764321911054338
1433862627625771011
1439168968368050177
1438025909177573376
1442550819656720384
1435627982740148237
1442781025147531266
1437774026114584585
1436189195580723200
1441834544345255941
1436079455064231942
1442886373363552260
1434248241437102084
1443287266030456844
1438781873526910976
1443279605658488834
1439287388124192769
1440009064218566670
1439983617011294220
1437364681983803392
1434209591462596612
1443448121745448960
1435131964189720576
1441736751391903746
1440128372366057480
1437753457071595520
1443214453064060934
1432988448080678917
1442796076956889092
1440941041444663297
1433823740706631692
1441847358283784195
1443510463648702464
1434223003697549315
1436366359894663169
1439255472649932801
1443154822992105475
1433765487134007307
1442930288477163522
1438807349842620416
1442894654609891328
1440227457903202306
1433462228238413824
1441842172186275840
1436404583060869136
1440295812211249161
1435125494199078916
1439814112297504769
1438235274983710724
1435570014766223360
1440201532276822017
1440486909134790662
1437791381318209539
1435223202893082626
1437336427336028160
1438119582544416780
1434546012224380939
1434103527559815173
1433703044819128320
1436175824919699457
1436072562602225665
1440780920500330501
1441284569039204358
1442596021356281874
1437127188453728261
1438899735444721667
1439515624124862465
1437894524660035588
1441864324541255690
1438586907722661888
1441469819514200067
1433903230682116101
1433583569079836679
1436048941506781185
1433294274783858690
1441082636689043462
1437090288183517186
1437344540743065600
1435006364791808009
1439607981423960074
1443215503460388875
1437088585216249859
1441755429256581128
1437800793562886147
1439227006361739269
1441152100432502786
1434053997879508993
1436089479853449220
1434024142123175938
1435894658438209538
1441415810400985101
1439481526597586944
1433837154803851268
1441125763328188416
1433122920121962496
1440730066002989067
1437705223183736843
1437147394538344452
1437700387537133570
1436121967669780481
1443328564364038156
1438767957446905857
1441805635700486144
1442568395816423424
1440754177521582090
1435050620965298177
1442054645463928833
1437711345772908545
1441852480912965636
1442257916111855622
1437753841613746184
1440117921540284417
1442613180916584452
1438895778416795651
1433953008262557699
1433898670328516612
1437393119855747075
1436334851595120642
1439314271771447304
1433060539245207552
1436920008916021252
1434599884859101185
1437775303611494406
1443677281805901824
1441889270722093060
1439096969897590786
1437735356623949831
1434992803260551174
1443599710103773192
1433187499136933890
1442451102411022354
1437729818209144832
1437362220598534149
1442810462807199750
1440684656420999174
1433251010366033926
1438592846471249920
1435930463848341517
1439514308317155330
1438058503931895808
1437008274184970243
1439242697055903749
1436683399327059970
1439211764076404737
1434271928248832004
1440309697798569998
1433170917933395973
1442103062445838339
1441156567169122304
1439224629571301379
1433906101469302786
1441750878063513604
1442748408595369985
1438536263351537664
1437844636287045641
1443646983701413892
1437739217073889282
1433796431425556487
1433723992255442958
1440934305425932290
1437760335365160961
1442829927179505675
1436112900234620932
1433399697280995335
1436150592880066571
1436682442023313409
1439858590458781705
1438089678524198913
1436506893166514181
1439558573772660739
1438828043049578498
1438806979410112514
1437436172071055360
1437072365775687683
1443324122256265227
1438510937275650048
1437702547716943872
1436727880973684738
1437832173810327558
1440934416562495489
1437794990369947659
1437004310089551875
1436111748105445382
1435899161115774977
1433500192251289601
1437890257467412487
1436774379904458755
1438229660199006211
1438215331324047364
1439228508513972224
1440259174093361157
1440071285107691526
1433490413927682055
1442157845567442950
1440367931439730693
1442219907291090955
1441867657695809538
1441876139597864966
1438566930038800390
1436320385029582858
1438443337007124484
1433837309783384072
1437323109460287491
1435309309894742024
1438052009882656772
1433045449175359492
1438438486340784140
1440402291161321479
1443639117515010049
1442120596876312580
1436207726460379137
1441017788877971456
1442551901984264192
1434547627400572933
1433897695643635736
1437111887758569478
1438387571231428609
1435206236677582848
1439328357854978055
1439258316715302921
1437752415781019652
1438846704103608326
1436438708534845444
1440291608117669891
1440022935918583818
1437836132734099463
1436299244336451584
1443637088373678098
1443464563169579013
1439112053902487555
1442843111722528768
1442234781425565698
1443461551520985089
1442569768570023939
1437459862737362951
1433779859860430852
1438643556436959233
1442341885540855808
1437305396176330752
1434594994694889474
1438435942898053126
1437754683054075908
1434618934880264203
1433950092910858240
1439497442798546947
1434783951101599748
1438925392136572934
1439831936642555904
1441796006153101330
1442476232730370049
1442061362197188611
1437156793566826496
1442956369380839425
1437702389948166145
1442914009418584066
1436633303063351300
1434254367658500098
1438475204188069896
1441045168883257347
1439338308270792706
1435302916093513728
1437747576934121474
1441764151001505797
1439116899837784071
1437771609885061121
1438603198885990406
1441039107426177030
1441027899356848129
1438759627043348485
1442364052739485696
1442843469219762183
1442538357012246529
1438101565731184659
1434084372223860737
1440013047624515593
1440742343829700609
1433738225034608641
1434072193760174083
1442119264366841859
1438816289229840386
1437500186696331273
1442377269779976194
1441046884945125381
1433801479555518468
1443230767916601350
1433987269619326991
1441863269992386563
1442426060612648960
1442775193601126403
1441848335359488005
1443197878579642372
1440762854374707201
1440709021783117824
1439342078169858052
1437510206041300998
1435193502296641538
1442013910043971591
1440782467221241858
1439270386257076224
1440301917574361098
1437340703949041664
1438570275642224642
1434565340982398979
1433917605321007111
1438213579249958914
1438848899612020737
1437894257315041291
1433826899822845972
1437008721004093445
1437641339882065929
1433394544901513221
1439990097986871298
1433063406525947915
1442588991744737285
1436542776204742656
1441796968632647684
1437777484645376011
1442756852362752000
1438572760016510981
1437154821400928264
1439529720421523459
1438531632244404230
1433877720409251842
1437291767108411394
1437001357328846850
1437795654617731082
1439243611057577998
1433802988641046528
1437731863708250115
1441708614897471489
1434806295589265408
1433680385163112486
1438553332658868227
1442867510307540992
1441988324466458624
1434781764678004737
1439544300401041409
1441091024772681728
1433836708139782145
1437434257048231937
1433782660598484994
1433900059213565954
1434568284515483658
1441863871652827141
1441711597177786368
1437757409234198529
1436695993781784581
1439228925893349376
1434929370498482177
1438519850737946628
1437436417848713222
1438541642533941250
1439448246150221826
1437641730376019968
1439837350838906880
1436447283223072776
1436418427607003139
1434970693750464514
1442225513989296131
1441334175533985797
1443482809499275264
1443145126088478724
1442036368859881473
1439543719640842240
1439684512695336965
1442242744953413632
1441742817882161152
1438653235821154306
1435217256263335943
1438835167792181251
1438458688868601863
1439902127103545348
1436373049750835209
1434173195704209408
1437776334600785925
1441463461788192768
1437839173231288328
1434377100119662596
1433892988384591872
1435919821858906115
1436067308288548871
1438881846654287881
1437296162336280577
1440915993535070211
1439168631233990657
1439217733384785921
1433905509183234049
1440669143519268867
1435553126191357956
1438632152829071363
1441752922576994318
1438213660162281485
1437326838657921027
1434933801340350477
1441761949184761857
1442015059870425088
1442254844937609218
1439575648348123141
1433145301561483273
1436812995028467717
1442044656490008577
1435260374589321220
1439232139489337345
1437866368104374275
1437799644206092293
1433385778109980673
1438523306320089100
1433053312010661894
1437004341152452612
1434868750235410435
1440926623704944642
1437745633050365957
1440684944989167618
1437693046884294657
1436111883732496387
1442729750284361728
1442024710997299203
1443608042063503362
1438552155225575431
1441497789939208198
1438529996117532673
1442881484944297992
1441501909626523663
1434866413508960258
1433828981774688259
1436564576666062848
1441395848714149893
1440971963594387456
1435132644493348867
1443230671460208648
1439892849542279173
1436215963909767170
1436015833776640007
1437380197754490883
1442257775430553603
1440018795163176961
1442207700000157700
1437093761851478016
1442402606765248513
1433805058387349510
1442951510514565123
1433103349650530307
1441395146281533443
1440797982610259972
1435478329822416900
1438448942690230273
1435527670331285504
1440548418577846275
1434789162490777600
1438492386888458242
1441869210087473153
1433345099979702273
1437830285735956482
1443082205392158720
1442124307971264520
1441739979504459782
1442724794584158212
1440943106925420544
1442058834999119872
1439636434244227076
1442207771693289472
1439972051318673410
1437518214288838667
1441468083093204993
1436064038685921282
1438600953557622786
1437383131158532096
1442462216637358080
1440210951186255875
1442377249110433801
1440135206250426371
1437438342975602688
1442479354705969158
1441863229521727498
1442122851729948672
1441776918563418113
1440842114099675142
1440405073821986824
1439274980538298373
1437846257444208648
1433347327155134464
1438366347549937667
1433879911010340867
1436638583536898053
1433804129189699588
1440773569827409923
1443329326922051586
1438732258530275328
1438867536322437123
1435493554248368130
1434035618208747522
1443207978757378051
1442716090770075652
1439241501259833346
1442611014470488064
1435152485757464577
1434109093044686848
1438207852036952073
1437295428333150213
1433671222471143444
1433796235039854601
1442002350911246336
1437747935777853443
1442254744416829442
1442033178261266432
1436309745443426304
1442848749731078144
1442563279046520832
1441070671841406980
1437897609771900933
1439321443301531648
1439651530970382339
1436956869306761216
1438770109858947077
1433845771254833183
1440609065407635464
1442974773546393605
1437676622136627201
1438499261344215041
1436846071788015621
1434064373996216322
1433798375812616194
1435637083461324808
1437639401178341376
1442034606509862913
1433823763456532487
1442215098160922629
1438600631565041672
1443602706304847872
1437746614811119619
1437285439971504130
1438300280735535106
1436215280640868353
1438841345993584646
1439291655635472387
1435142010982240257
1443578658254245890
1437840453483868165
1439214914422386688
1438781092530728960
1436725762963423232
1440982985180958725
1439460646219919361
1439984246727356421
1439139568532561923
1440669860929818630
1439292741012410372
1435369571981139981
1435135940226322432
1433892941781733404
1438886696356098053
1438214053239869440
1439514667785850883
1437245030230548482
1433803677651935233
1443229309095890950
1437067463833837571
1438222083360710660
1437313996445659136
1438442447005229059
1442552528797900806
1433820923820392453
1437339022272180229
1436237206839078915
1433082263496019973
1435749816332660740
1433335670261567492
1442832587429400584
1437311577062092805
1441864725495750659
1436329603467993092
1435662503833477132
1433184723552063489
1443708154588639232
1442431505511366658
1440230207512739842
1435840669554196482
1436321737738706947
1438882324272357383
1443183285308321796
1441441228290248707
1434063663678304256
1434041091720876035
1437051994296963074
1433901296696938502
1433229769894662146
1442788485920960514
1442779846648737793
1437748132838772737
1438182323200135172
1433858471192051724
1435283736078213121
1441112321628065798
1434561515554754560
1434096623647444993
1443668178186510344
1443628844343255041
1433334635484880899
1437476283861061632
1436195236003393540
1435919846491951107
1434937228355162113
1433327008969330692
1437383020923834373
1438206045852160005
1437463952653529094
1434479756838322176
1436590352979435520
1443208759761833994
1435341374895837189
1437685026523582468
1441849488776126464
1437811128059539460
1442119364983934992
1437758736785883138
1434169393995464708
1442492672069890060
1437347154637565953
1441824150121705487
1436738015695626241
1438558226627317762
1442464922877644802
1439495874434977796
1435573467366236168
1439235351889973251
1440025638715498501
1435872218492272642
1442778412846915586
1436479773371416578
1441412640375517187
1436211713561481216
1442084593931206658
1441354853951832075
1442041737942167554
1439854238507671553
1441070812870623234
1440335471687528463
1440237084187316230
1439499460707553283
1439284710748872704
1436215321736716290
1438586039262711809
1437455545204629508
1433334758847787008
1438161095756324864
1443230706855919617
1439823130499878917
1438756801026170880
1437983664512589830
1440444807436857351
1437959711232561155
1439146084031467521
1434069424613560328
1438620164442963969
1433020600591781895
1441866751994646533
1438020594965041153
1436507637185716224
1436063790731235328
1437118594350002178
1440692296157052928
1435907135435644928
1435307386483449857
1433865019901480966
1433321523570429952
1433886497539870721
1440391024140898313
1440024349633912833
1443125484452257792
1437741478231556096
1433505164783144963
1442780127444750339
1441864413473038337
1438211319983915013
1441828698303381505
1439333130830327809
1436109012953620481
1433825987221938176
1442820621864427520
1441736831398203392
1433832733042675712
1441787843425275904
1440997584580104196
1436744870673231879
1434224797806964741
1439567588145700872
1440938151711752192
1441813558854098945
1437742656730324992
1438527929227620360
1442578919618715651
1439447224354840578
1439236228726104066
1438087750335488008
1442119816131850240
1442232072521846785
1433101306575605763
1439574707892801544
1442532331051491334
1433853949409472513
1433854513807597568
1441884205349224448
1440330780324941838
1436687273169412096
1438759867804758019
1443229718837301259
1440999410268266496
1433021138137976838
1441448023205294081
1441743607644528641
1439370418293456899
1439855690412138496
1439619041392476162
1438212435996037128
1433837301562548244
1435934786015703040
1442361297232797697
1433566058728857600
1434557005683953674
1433153073287942160
1439657033331056643
1434175600181317639
1443503195943223299
1437599331041808387
1439326662529847302
1440997098376372224
1442396515067207681
1442414506542604288
1439174076073975809
1436047074911477762
1435481510317076481
1441506424585080833
1442195430968864770
1434252026708377602
1433805181330862080
1433472697246248965
1442491258723831812
1433895880365641738
1435012010899607562
1437466386847174657
1438222795289280520
1442838622969942017
1441767942367047684
1436019216247885827
1441083451017334793
1441899870818758657
1441781666335412225
1439330959598538758
1443503319419428868
1441894060176908290
1438542080847061003
1442371771106136073
1441733406077882368
1437013540968312833
1438021903575363586
1434039312346193920
1435152425443368960
1433137283205578757
1440732196008910849
1438369185399255043
1441888396885045249
1437139233282695172
1436086585720770564
1435256593008967687
1440287819000254467
1438612611365408807
1442019432889401344
1433842092359491607
1434868810687864834
1438537440650833925
1437759361464610824
1434108341761019910
1433794900961775629
1440677261468856328
1441696173132181512
1441760522517585920
1433069211467800578
1436066962262667264
1442034518056214528
1438247897468964871
1441002004914999308
1437151864026509325
1441393697808080896
1438561366202327040
1435608076019806210
1439274051864780802
1441854179757207560
1438829461542146049
1434077691158974468
1433856307879157763
1443592202320584704
1441816260048666630
1440750167574020105
1438723926205648896
1440632030782312460
1433794804027174913
1433329146369822722
1439256029930328072
1442433135342505985
1438216150677172225
1442030638211600387
1436948597984141315
1439716183406792705
1438828172179644416
1435551003785449476
1440194391948218373
1438531717057363968
1442412005562929152
1441702431172091910
1443402334348857349
1437317323002687490
1436029147722231814
1433293004282941440
1441833649427517443
1441852245436366852
1438751567923064833
1438411153424662528
1434551082143866891
1436453588348411976
1433828276301086733
1441848573126193153
1435171126729129984
1433025370974982144
1434157798821175299
1442121233055633426
1439202554005622789
1438247798915338240
1437678650489442304
1435148478154432513
1433325849189699587
1433097129577299974
1442012744601985024
1433439817468190720
1440046912502042627
1437753475161542662
1436526315012829186
1434912903455457281
1435017389188554754
1441756066295975942
1441279504802934786
1438820164368224265
1443232105161367555
1433772401020612614
1434218065902936066
1438437146713632768
1438819863703793666
1443209805099831298
1434186853847011334
1433230206093955073
1441706228418220032
1442224603666034688
1442781271663464452
1434211319847260163
1437818815170101263
1433051307900801035
1439297829638397956
1436735174809686018
1434788463874756610
1435922217263501315
1442823119639654404
1434539065941151753
1433214919621713921
1433922585348165640
1442376834419609605
1437015577642643460
1436306504500465674
1436250379004653575
1440379886707740672
1435615688761257998
1436394187142963201
1441259543049080839
1435553123842543616
1438206010217443331
1441003808453234688
1433818881563430916
1433488716186718214
1439941820570644480
1437312527516553221
1433938457978626060
1433928765768413188
1439534821471145984
1440319982840147968
1439638697092292622
1442846312236470278
1441335121647263745
1437524329617629188
1441907930408779776
1443340162403033088
1435548861104214020
1440372377410437131
1434818778198642694
1433795239966298114
1439056243511934977
1433397095155879937
1438160914415591436
1440252315789713419
1433915440565194753
1433794148436488202
1433500737066110983
1437736948580458503
1441116765816119303
1433400036361125892
1434098929315061760
1433825835459436551
1442984696460234753
1442212803503435780
1438557877728432131
1434486480186007557
1437846081342148614
1441851387822944256
1437302676702650371
1432991216317124608
1441838113198772225
1441841737698267139
1441138684657557505
1439984043878125572
1439353553311653893
1432969906258120705
1439876138839547905
1434010314740273153
1438987829393174529
1437006444008808450
1440371469976936452
1439234546889863175
1443206508309880832
1439222987455139840
1436991414907375618
1437509826830012418
1439872542366474243
1437744337463435264
1441322269096087560
1439959260415266819
1439850169554640896
1437416164133675009
1434115908524560393
1440630444903460874
1437840512816336901
1437189831692587009
1436652052097142787
1436611718776492032
1442140116001046535
1439537931828531201
1438207820093136897
1436384750017593347
1435504581132398596
1443313802716618762
1438143269792358406
1434192511145320448
1441312400934772741
1440788221269471241
1440920143631110144
1439192952702701572
1442119326606282753
1441862497401810945
1438860301298962433
1438834056247005188
1442060918926544897
1436453844104499201
1433806312589103117
1437044886327513093
1437773494083887107
1443270524633681920
1442874399837749249
1437647647297392644
1438541147077500929
1433800970652237826
1437348794593648641
1439452041366147072
1438739987550416896
1436324846108123138
1437204513643978758
1436272899799781378
1438423449836326913
1433889873455423490
1439345873167728643
1439245321398329350
1433252117733646340
1435671234298224646
1442380738725232644
1442131599118663687
1441113305087574020
1442540716119379973
1442838335551012865
1437905905979363332
1439674537654751243
1438627010256019456
1435072875510312961
1433245485540724736
1442256931503157248
1438206146733645831
1437440835474317318
1433123280983109633
1439257030146076675
1433854735317180425
1436209207972450306
1442724113232105475
1438647183054680067
1436388803502092293
1436327223263432711
1438610877981335552
1441365859172163598
1435336903075766275
1437360750054477824
1433693168294318091
1436217493648023553
1439234957516357636
1433055049790500872
1440308382536122369
1443233271563763713
1442479807430737936
1438177389440389130
1434596174800080896
1442357923510947840
1435515005408002051
1438112360166825986
1437809016101539847
1433000056811139072
1442145048464957441
1442094507336609794
1437750600964448263
1433139059992498180
1438794043006271491
1433737165750611975
1436104995661914113
1442067645755387907
1439246089832570881
1439697978491551744
1443148199716442117
1442056312079138821
1439232702423633924
1438857779536666629
1438112305640783882
1437304448892682241
1436210394905858051
1443573763916775429
1435626408076791812
1434955276344508419
1439222999106867211
1434804456344985601
1442043997808054274
1441845548990939136
1436625426269577220
1435649071189041155
1433856242531934213
1443456420402368514
1438909228991799302
1436395311463903237
1440932793186463744
1442150056992419848
1442415221520408584
1441744504562741259
1440773536012853260
1440688857947672577
1437828188214812681
1443184148609392642
1437728333245075459
1437162568993361920
1437424698892161031
1433794023777525762
1441393249768419329
1440565880396476424
1436046214429089793
1439113631594131459
1440188726378840070
1435621614218055685
1435187222748278785
1443466160838696960
1436886266637918210
1435198516385787913
1440982968655392771
1438835695150370826
1442362959166992384
1439169117672689670
1438535428253130767
1438532560263557121
1438401380222373889
1440289707515068416
1437429574439165952
1438811836300894215
1442529473773989890
1439326775515955208
1436940030413615106
1436394602546798595
1437720956882112515
1436067810640371712
1435906144531255297
1433875434056388620
1438209917240938501
1442164250663800838
1440325173874331648
1436066761275740165
1442119683277144072
1433886553869324324
1441609956583567363
1434795352587182082
1438174258191114245
1439223864295366670
1438742782269607940
1440351775018475525
1435880972478648323
1441306469484285956
1434559218993008642
1434967189413564419
1436741281183633415
1433100037861609479
1439865825171812360
1438556062307831815
1443462623333322753
1434147683502014466
1438596397054533637
1437708545055760388
1436374138776690689
1433795136455118854
1437954449377570816
1438839176825352193
1439209224983154695
1442414216313335814
1437053500526141447
1437413395280580616
1443475644642471938
1441065992327548929
1438222908875231243
1437753367749611531
1436598159476674561
1441502770440413184
1440987760324657152
1438882900099932164
1433762340734918666
1435628763992281089
1436407396478423041
1433799895836676102
1433083982376284166
1438207165626560512
1433781542346792963
1441820613828493317
1441650349438222337
1441758374027091973
1437689809259139076
1442356402417278984
1439616192583503875
1436427988200001537
1442221214148169732
1443146222789877762
1440268266245476353
1437802889628561415
1439527002856382466
1433211509014990854
1438989800405708803
1443200265528676364
1433725951846854670
1437920578279718915
1442130816054792194
1441738738045001731
1438030173748793345
1441051352705216512
1439290694342938627
1443204674081992711
1435272916212584454
1438879236618690561
1433839673437196291
1436659110150238208
1435307497594802184
1441758886281707524
1435977295399948290
1433824766310457346
1435181481563983873
1437771983064899592
1442071286302208006
1437736896826908677
1439223624850890756
1442412982965719041
1442022567381020674
1440810181491769346
1441056063189659649
1433873932591960066
1440990158300536835
1439145629968707584
1437475859020005377
1433729683460403243
1436213243547197441
1434986073638248449
1440280340321296399
1442552637824634887
1439277507509899272
1434625934309593089
1442365282895466496
1433285266001780736
1439301300622082048
1441689912034594817
1436823570630340612
1436683920100237324
1438757170062008320
1437434742513807361
1438523081404911618
1438596859799429120
1433823570304638979
1433390284956737541
1442123447686115332
1440578733836959746
1436423610265133057
1443619400121266182
1442270272204201987
1437691215126872070
1441846685429374988
1442423566373474305
1438476800401846276
1436417993467125761
1442230152872792068
1436688652940230660
1433811285645406211
1433799013854334985
1441839926727741444
1437429983966867465
1436329535910424576
1436019924082827266
1433680529954680847
1440842124119842822
1438354273222410245
1441343869606510596
1433858522996002821
1434781987760443392
1434104345629544449
1433841284322631688
1438016682639958019
1435573261455269891
1439575659945287680
1441521178170904579
1443602388489809922
1442716890988695556
1440357661556428806
1439309594778550276
1438147501132066816
1437717266947321857
1436048522877587456
1439244771227275270
1435102058328248327
1435011894876725252
1435957558188158977
1439257559072976897
1437307744210591744
1442388847237734404
1433390128949497864
1433283408256331782
1433825043881021441
1440267206739124238
1437887925107269634
1441782905907265545
1439987837307441155
1440992787747557378
1433503762845519885
1435983400561778691
1433392779279933440
1437783642865033219
1439886349373485057
1441844447617200134
1433163109192146954
1433327553692020740
1442206968337387521
1439182418951479299
1434211863378767873
1440998674092511235
1439496720694583296
1439261729125449740
1435617676936757251
1433822989951320066
1439222876759109637
1443199205355528200
1441518098167730186
1442038462148976642
1442119972109627394
1439998899473764356
1442489173454295046
1433875174651215874
1442123908459683848
1443230112724361230
1441657643794325506
1435735581171007488
1433799605611864067
1433910312902799365
1442870381480579079
1443245338278580237
1436049443187568643
1434470366173409280
1439605582554664964
1438402062711238656
1433948800176041987
1435691446351372290
1438145531193270272
1439181802401419264
1438222561066749958
1441909061906165761
1434481742807719937
1434868159006261259
1439208555048017926
1433900236506869764
1434254947063934979
1437701049217916928
1434842670061457423
1441725913968820224
1442834695251714049
1440748045801381899
1441691434722021377
1433861674533072901
1433055465437544449
1433093998428758021
1439175761546686470
1438892800003788801
1438221896831614980
1442832925054152709
1440240342867996673
1436236775572258818
1437416713558142982
1441003434157776897
1437153464015015946
1434881937919946752
1442207483854917636
1443590984877568019
1434027480868954112
1437004325142859783
1438518673640071174
1441501006127325184
1438019596712304643
1440285154010746895
1439983146007736320
1439994312415195141
1438056213942505473
1437853127986847749
1442421612511252484
1437274393923698688
1433995096307941378
1442412193383948288
1434870595804704771
1440963595622363137
1438869333984296967
1442767966219784193
1437422763564806144
1439092460857266176
1434188755821281282
1432967066374582279
1434797978280210437
1439298740754567170
1438205995939995649
1442620306833694720
1434047598260899842
1433250807013650439
1443331098981847040
1439855588033376256
1439233774382899202
1443508991330500612
1435316581307932678
1441147681586520067
1440085092072767490
1441671898253889538
1442055880699092993
1439238217291739145
1435169283005423624
1442079417879175168
1442622014611771392
1441735326981054464
1439226060789489668
1435710498289463301
1435193449268097027
1442120180004495365
1438550939200327687
1441847040196190215
1440261861241331725
1437867660549754880
1440661431985139725
1439189032710426625
1437668838787723264
1441761247670767617
1437031528865746948
1441657336863465476
1437725806759981056
1433826030708473861
1442469229446504449
1438379775517732864
1433385987699269634
1439233995611463687
1441330970666225675
1433876957897371654
1442176284587667457
1439185874009346049
1436620765282160640
1436319536798654467
1439345406639550464
1438679623559229445
1433821377681842179
1441832245032071168
1438675529230475268
1439278901004488706
1442197894249992193
1438772934416474114
1442532575180779524
1439200146860949510
1433796838923014152
1433794629921554434
1443245586996625409
1432976050988978186
1442838200335179780
1442420121364930565
1441888478019551239
1439475113112518656
1442211969692577795
1439238245230026752
1438622417379807236
1436241254099169301
1435536536209084417
1434175327501172737
1434877647914418178
1442022219048161281
1433050765405401099
1433794362199187458
1436207706524823553
1433164618046783490
1442807145733496837
1441335355551072256
1441814947621638146
1436232882708746243
1443683614219280385
1435200753954590721
1442126912189603842
1439575091424149504
1440017753382039558
1441902624006029314
1442751281639088130
1438533576006541314
1439301977532420096
1438207404584407042
1437713597082308612
1434143137086251013
1433158843350016002
1439497407289495554
1438827772928053250
1442983407038861316
1434529004090970115
1438762397368471552
1443711422391799809
1439237472236580873
1433196353849548804
1439097426602860545
1436004067071954950
1437693848352960513
1434566574527156228
1432970979488174081
1443268893762469888
1441019312785985538
1436233682566647809
1438376091555700740
1433822035545923586
1441888839388188675
1441844770079494146
1437678953632829442
1442193735329198089
1438574625533931523
1441731670260998145
1436456366223372288
1439378150060867585
1440932455771410437
1441838577915211783
1440251694722342925
1433752582841901064
1436053387418681349
1433039990347517953
1433796589068460035
1434848980689620998
1441850878336458755
1442796764021633028
1433035220396216322
1438536194523021316
1437756669937790976
1437162270409297928
1437011447490486275
1437749082475450370
1443165425789931520
1443072251805458432
1433331660720939009
1442264490297470985
1433826083057639425
1441864209835479041
1437746252335271938
1441879875766284290
1436385036752785421
1442421593766985734
1437150275433811968
1441755941167378433
1441638421500514304
1441290994327199744
1443507151566147587
1441747225588207618
1442916424062701569
1441477005346840578
1437753599178780679
1436041574635483141
1435222354234388489
1439265174050033665
1442430368582340608
1441862024917659652
1441083049421250560
1437848048529559560
1442419334224105484
1436002554375196676
1442450680380203013
1438572016429408257
1433325331444912129
1435872488513163270
1437060291402010626
1440928669250244608
1434664337088593924
1439625436615618563
1435166838191702018
1436442951157264385
1441914517353635842
1441750166709604353
1440351136305717248
1436112655132020736
1434219745184727045
1440775135598837761
1439852870673780737
1437684483512324103
1433824166675898369
1439967324145074179
1443498452181209091
1438219845380751368
1438073114810802179
1435117648728240128
1437792361850056710
1438289895278141441
1435504362252611584
1433490677443272708
1440349259132387346
1437481595573882890
1442346733384650754
1441382814277111809
1438036233112989696
1434115889125896198
1434447419073343488
1441502457528569856
1434104054985199622
1438553197803626500
1441670261196079106
1433178883222917130
1440407411341156365
1443217969199435781
1441735461995692035
1440574125827780609
1438251594202722304
1438064428541485058
1439840100842721284
1439168597700513793
1432975580715175939
1433791216781598720
1436613341741469700
1434262476732968961
1433333018425532417
1433910913883676682
1438219080675250182
1441682020170567680
1440319941601677312
1439176586868281348
1442765230837313538
1433850396351533057
1443510627910176768
1434053529648369666
1434036329059397634
1433786420997525504
1438539738626109442
1437453563345707009
1437673038342983682
1442902622420094983
1441451974583537665
1442197277141966853
1442739549227167752
1438111911162298379
1433411141598957574
1433758432377675777
1438783567924957186
1441403866793144333
1439251583561256963
1433837863553093633
1433821608993566731
1441739400036044807
1434107503818772480
1437457207440941065
1438048085255544838
1442775444781215744
1437753268730486789
1432978573556699138
1440673701763051524
1441649753066979329
1438058391923007488
1433901421603196937
1437776488623915031
1442255162324635651
1441881119285133319
1441754810013954048
1436659678822420481
1442378905294364679
1437427638268727296
1435979962222317569
1432997945264250881
1437518637548638210
1443248628177543182
1434092801411764227
1436828109433626628
1442469701960015877
1442777533792014338
1442025781446656000
1436388419354177539
1442120245859299610
1440918926762954752
1442388485403459586
1436269292249657347
1435146085207617541
1437110912817770501
1433150542734315522
1442459134801203209
1439621026233700352
1442018925877899264
1438401516377890816
1441844099594604548
1441851164446842880
1439173111815950337
1437000861524267013
1436206061711671299
1440991437198344194
1435262845139263491
1441730884231581699
1435238858996789254
1436059542207533057
1438966062377316354
1433915493618958341
1433846905067409409
1435164800884121602
1438219563917848582
1436475224518758414
1434111767177793547
1442442927569915905
1435197306828206080
1437694941933805569
1433181610174726146
1441875632237912067
1433892398489288704
1435301848152305665
1433971354500489217
1437140315123683328
1438528051118104576
1437147494425808903
1436628816223477762
1442207599890505730
1438370597189390338
1437765277886951433
1435683205252849667
1441658412383850496
1439143147855130626
1437743367710986244
1433862684924157958
1433346819103379460
1440971446453481473
1433060774092607489
1440992811512442888
1439279990575673353
1438521281314390029
1438516199113981957
1441030342903730180
1440546606399459332
1439178384735604737
1438755626038054912
1436744753157132289
1442120837486759941
1441768489459531779
1433086113103728644
1440502721711251459
1439701348321222659
1443476117583695879
1437746401509838851
1442405518694404097
1438211575106654211
1437300875249299457
1441877452968665088
1441255117903126530
1437904959555710977
1441867848352079876
1439224343075168256
1440014743004139525
1443418808815915008
1434035216398622725
1439222817858461698
1435968500170989571
1433794221782323259
1442984447255752704
1437691982235717632
1442246282442018824
1437475476734455814
1441082669815660555
1438819129306267650
1437054766727798792
1438546078836666376
1442428450724368384
1438480613883908096
1433876976356495361
1433519822021791748
1436231276021825537
1442126782908354573
1436020382662791171
1433803317407322117
1440316742278934529
1439226537421721606
1439105666686361604
1443123837760118792
1437149859497324552
1438397460913823744
1440736854190419975
1433801513470726146
1434044484791283716
1440298228130353152
1439440114044780546
1433801498266308630
1439222927434600452
1440240720778960901
1438920490299662343
1439914688700194819
1438559739382796288
1433544826415456258
1434927826952757252
1433894101414449153
1433794063040491524
1433332049503473667
1437892742802182144
1442438535307571202
1439336487892492292
1435917915824345094
1437154987889635329
1436459746270355461
1433406887534465025
1433429416869187584
1442918385042423809
1442105112982261761
1443091570400669697
1433498777487351814
1439206688016551937
1434070130573684738
1438307587754237953
1442061644822052865
1439292234210365445
1436418369352310802
1434470458041192450
1436470375328755716
1440246665508655109
1435197081803796495
1439234127954419718
1441731985848688649
1437825587851235333
1433047391196885000
1441858535705378824
1443351261319892992
1435541405250854913
1441404466570350592
1443137282341494787
1439488205905178625
1434218249504296963
1439316741167976455
1441838658739445764
1439195919568752645
1435697322764144641
1433054665281785857
1442010652156088321
1442218823801872388
1442441767073325062
1441311046950551560
1433811986702274563
1439283419150704645
1439149012343566337
1441470802495430658
1442237182824038400
1437802471150215182
1442080260280004611
1433680964543295514
1439931773971058692
1441807676602785792
1441780043705982978
1441756517670146057
1442855057003884544
1434206538332311566
1442023968450433027
1441739971900096513
1441859626006454272
1439983832904654852
1443480783050661892
1438610647529426949
1437681181588344832
1442526950816243715
1441776709443854344
1434557252690747394
1435010875816128514
1443231019797127169
1439991957485494274
1443232523987742720
1436612354834370560
1440015424561819648
1436071729152016386
1434047975429378049
1437938972613824514
1442925810529099777
1442839238718918658
1438791677712420866
1437394322282975237
1440631477364936711
1440407672755351558
1436401579817570332
1442080639357014018
1439540604447375361
1437326871507705857
1441680820553535490
1435318094566658055
1442209766298750978
1439234889019232257
1437685426094059526
1433793587389648904
1443238487155638274
1439228047148793860
1433482980694056968
1442458288013021193
1442414481615773699
1434065199980597249
1441881393383055369
1442243323545067524
1441746752441237511
1435999384764833793
1443159153216737288
1442767455424757760
1437406432220045312
1440421811976507395
1433902447991431168
1433123300205645825
1433857511527002117
1433774696328224772
1441916989694431232
1443148680006193153
1437804248557752320
1441832260534079507
1434467752832552962
1439291608407674880
1433825086142832643
1435527751172345857
1441707983403200512
1437309646512037888
1441226536493862912
1437757346948734977
1435243842597531656
1438709772048609283
1443496717287100422
1443121334603628545
1442553061184978947
1436205541269909505
1433676646645739534
1440735345679613952
1433884926777176064
1438036884983271427
1434985339005849605
1437846230797799433
1439325757122220043
1434292444527566850
1434106973918744583
1433093546899349504
1442902638924742659
1436085104456122373
1440185760720715779
1433829569317023755
1439161860939526144
1435502915293257729
1434349368396627970
1439889428315574272
1433678737187516427
1438815696478162946
1436425011389210660
1433803291339673604
1435523527549997059
1438777125717389314
1436036004520017923
1442136731294187532
1433098675371323396
1437750326589853696
1438552019506171911
1443153708259414017
1435532521178083331
1439679680416821250
1442885538600599562
1437835214705860611
1441856595315539972
1438794130000433157
1440359682468577297
1439242892137074699
1438839160828219393
1437859900646952962
1442071554406371334
1443234881685786625
1443082886333276160
1443439793912700929
1436486576075378700
1442852057011064836
1440201454115975169
1433836680230936608
1438396202836447234
1433050272125931525
1437838820033052678
1441058267128635395
1437520913038290948
1437149646049136642
1436677031895486467
1433517006553325575
1438047415131594755
1442049339484901378
1443455479590670338
1437334508362141696
1441500960774397953
1433873305770078215
1435510513581137921
1433776457550028801
1441876799747723266
1438243531047460874
1433111423337512971
1441769642565849094
1436452383379410952
1436079100163207173
1439552600110739459
1433824026804330499
1440964143721373696
1438816459266924546
1440005315584536578
1442341803491921924
1441032587074420745
1438522376866525184
1441018124325765125
1441753354187599883
1434443769517166593
1433797006863081485
1438590486458011650
1438516467914330129
1440950685693059072
1437111833173835780
1440579658748084224
1434573110574002179
1435905512437080064
1433374122030022661
1438813586042892294
1441847412058853384
1436725450622001156
1442440668228374530
1437321264197251072
1439293359621910530
1438263614218063876
1432976201983959043
1437842427344310278
1433823414825984003
1433910237115961358
1442400432983212035
1437859428112510976
1441767970217381888
1442719140624707594
1433830867613491205
1438206241311010819
1438730333206241282
1434821331502125061
1440196891187171331
1433142546448928769
1442144600211312646
1433698778234572801
1442126035663810565
1437063498010439682
1442470841669730304
1440024483620917251
1437915658587623433
1436743211092004864
1435707422161657863
1435581993668984832
1443298308420681734
1441500913751916554
1440323572946243594
1434075459369775106
1439238255141138444
1433872409191403520
1441657831686561793
1438216176019157000
1438883944708001797
1433932638264365057
1435945760659591171
1433026986310524929
1442084486989103104
1441763272781287427
1435247059754438658
1437007632825470976
1435678154769719311
1438062409890029570
1434491731169452033
1437181121104683012
1433530716017541127
1433085473786929152
1439249056665112578
1440033844598505476
1439582184046743558
1433052657531432970
1441741289666478085
1436368602635161628
1442129486447714304
1438260117053530114
1434045029186670594
1436211300112142337
1442414504898301953
1442372430811574274
1435213461399777286
1433942089142779907
1433775383061700618
1442431244831272961
1436325579050135559
1435314245600690179
1442996216237862914
1433381955165372421
1443205813137461254
1441887272769568772
1440299067058245635
1442489431550611463
1433804431305347073
1439310591525523471
1436865535518588928
1433403822307782666
1435675685939519496
1443225789491732481
1443229948739686411
1442272932256964616
1442315105916669954
1434185452857303041
1438827590937190408
1438101831901716483
1436986826342948864
1437700971476439048
1440284850800324614
1438788696426299394
1439197837284331529
1437746640958459905
1437743122730061827
1442874640096014338
1443229583055015937
1442444838981578753
1437723906899644422
1435882766235680771
1437761704105070597
1433809737800458243
1439224419281420291
1436206036327751681
1438731358688276486
1442140607950909444
1439309348245803013
1435943110408822784
1439641733437001729
1437876556739670017
1442064131092357122
1441716044591255562
1438605073085566981
1443087846231920643
1441355341095071748
1435668165430849541
1433890587044945921
1432987952523751425
1438746680497774592
1437716914101530624
1433887375843856404
1435581206838620164
1442212201796751362
1439585077378363392
1443289333210009616
1441092503566880772
1437363053423648770
1435145066708934669
1441660688720670721
1435909745278341121
1440666355800231938
1434504467567845377
1442753097491783680
1441665159949213699
1436450268611321878
1441392789535674372
1433021825798361089
1441035499267706888
1440663899548778506
1442423949896290307
1440002292707700738
1437067040645332992
1442750034760634368
1437838653435355145
1433918928112267266
1434111511908294656
1440598857423880201
1433469155378974724
1437734432111202308
1433090439993823233
1433809265974816774
1441814765395800064
1439516790464389123
1440730214141554697
1442083763182309378
1442412703537053697
1438561225877639169
1436312264521494564
1434540790332764167
1443243398215913478
1436083552446259213
1433957029920624640
1438842870136545288
1438220126340452353
1434108954611752961
1434035207489871872
1441326070226046979
1433343671701757953
1436994781339602949
1436068606073245706
1438552088443764749
1443246504794329088
1441778932450213888
1438519381865029632
1434077707885756418
1437413524985233408
1438212754675052545
1441743430468743170
1442424188048871426
1441507246001819648
1441395761657393154
1437751396439310341
1439984874463580164
1433826752762105868
1433008704702623744
1441767123861266435
1439617156602376196
1439002786398679043
1437862182725750785
1442044333570539522
1440036758440218641
1442504551110635530
1439126054552186882
1436320158700744722
1433716111275593729
1437681627140870147
1440672088172339207
1439234042537336832
1442805696261763074
1441134135397863427
1433930846189334534
1433815328799199255
1442931441747185667
1438054207920214019
1433702589124726792
1443005626133721091
1440018208178704385
1439507459295621121
1439048660805955586
1439194885547036678
1443609757462450178
1439300364453482499
1437763311005667328
1437353088126443522
1435221195482402816
1443462910647341056
1439316222210887696
1442819519391674376
1433932293085728776
1438530838149406726
1435015609675390984
1435905856135127041
1434848861474877447
1439592722935975936
1441792203261575185
1438568373701464072
1438627552713756675
1438434590218194949
1438740641828286464
1442054532712722432
1438156131340365830
1441887626433335300
1442237886082916355
1441821149244055555
1435496994487869440
1442369071408979970
1439177477771907077
1441151900271874057
1433886613034110979
1438573659975831560
1443278408683827208
1439103521350160385
1435164707736989696
1435985084713259009
1440988830245564416
1443234668707524608
1440394046334124039
1437715045799108609
1434869390118461442
1441736890743357443
1434187072101928965
1439662420583141376
1435186650301280261
1443274136860692491
1437725305817403393
1434789211497013248
1433816530278563840
1436067186498543626
1434934130807083010
1434113502281617408
1433348832893472769
1433158920130940931
1442865692433268738
1440117029227442178
1434219561650429952
1441837675263283201
1442084783094386688
1441501280380329985
1441663388761870336
1434292122153365505
1441291074631348224
1437788337532719110
1443181983501365250
1438579215067144201
1442941840282562560
1439688580935335937
1438584241022029832
1437812806452121602
1443557007932465154
1441695079232466950
1436607932347600896
1438162107820875780
1436382129512980483
1439254210445459458
1436077613332770816
1443076333014331398
1437779245464440846
1438201556915167235
1442790029756076034
1442274629788205058
1440351105997705224
1438251457187389442
1435478401943490561
1443707874811813890
1438535826267328513
1438521972997046290
1443155078311993344
1441867568428425225
1442995657157996550
1441481817094250499
1437690269470756864
1434536126228930567
1436336518394699791
1439371226464587776
1439212507260989440
1439143716992737282
1433833089034162179
1442743429784645637
1440729511805390854
1433080123503390723
1441443045459832840
1435905758089158659
1442199505567289347
1441700599318392836
1436728907932262411
1433507239931916288
1439224013620908034
1433798699952623620
1439872933036503041
1433023816805109763
1438968594923143168
1439261626574716932
1434284085992624132
1437725349048164356
1433286141919203329
1443153233199996929
1442607024227983360
1432969087135752192
1439520736713089025
1442554697282461703
1439867010222116866
1441977398413639681
1439182454695333889
1438461538948485121
1436230725494312961
1435680740943884289
1433807459060228096
1435103841998057475
1437751013381922816
1439510551273611265
1437150289199607809
1437881149339181060
1436399652199354368
1434560652153139205
1442135002225987585
1443313440458747908
1437898271280693248
1442091945283751936
1440015601737637895
1433828039289450498
1434427025129938948
1435621202916220930
1434506366165659654
1433325910900584453
1437838757105971205
1443644589932429326
1442420256371355651
1441335470365954048
1436006131244183554
1437510450984493057
1434096936156639235
1441107595918385153
1439344309749288964
1440793514124533763
1437323012454371331
1433505126388572167
1434799411868078080
1442502071119458314
1437699017799081985
1434118894936076289
1433941239213273098
1436613587234066434
1439575629436006400
1440545359856431108
1441912225430532099
1443449278244982784
1437149493389139975
1442559943836463106
1442121695784062980
1438205971705204740
1441492644216119303
1437316352486875140
1434047048349798401
1439341375376531457
1437780946607091720
1434249202616438784
1438849314772635648
1441507208437501956
1433836956232917005
1443513332133240833
1441282625646256128
1439280638771798028
1433863501647421475
1438164342994767875
1435915868714663940
1433901162391117826
1433761704366727178
1442195809454460933
1437555214379216898
1436240681035616257
1438052662889570309
1442119443086286854
1440659894714060816
1439110883586752514
1433837916430737461
1436412731012358172
1437280689406218240
1441838747113467905
1434066880927567872
1439370705796280329
1442502072365113345
1441747226330501131
1437813370204397580
1433642493170626565
1442458007774846985
1441764451263422465
1437376033922105345
1433366301418954760
1436057616422260743
1442918392172736517
1437699186883977218
1443144981863022595
1436389137087619085
1433144878079352834
1439517578385313796
1439267967569629186
1439242215033905156
1434040452639035394
1434069155024707586
1439347494685757443
1441492167806103554
1434076597313851401
1433853055481655306
1443454490376503299
1441881979989884930
1439150670372823042
1437707750595760128
1436060544679751681
1442023946547724300
1436267781675229184
1437658426608324610
1440629767338790917
1442029508350169088
1439086055257481218
1435182620544020480
1439514802892722178
1442107456067448833
1434052743929470982
1439561498972626949
1441501189854617601
1433869487183470600
1433683262543646753
1433024946620571649
1439709633342476289
1442936564145737729
1437130172021489673
1434539456305025032
1437282967043330052
1442942452114116608
1438494100173598721
1441735343737393153
1442069891343863808
1441843986348584966
1437762289525010439
1442117353970487297
1435693063410642946
1440227209965289478
1443683696184279055
1435699712787632130
1433818332566786096
1442261050892640258
1439625063570018304
1438586528872210432
1433874854160252932
1438168685160636424
1432992330898972674
1442969436328054784
1439986274983677952
1438553467237371908
1436656981050155017
1436828426695024644
1433849014475165700
1433002203120287745
1443602350598467594
1438364281582592002
1441710395178332161
1434098634845470725
1439355923416457216
1433936986654584832
1438124655919964173
1440718822319681539
1443165705629732868
1438059191235710983
1440943635822878722
1435256550709501952
1437895295422144517
1442061817140760576
1437710413853036547
1441011532310122502
1441506230086737924
1440034162111508488
1438970951031533570
1441477244128411656
1441869566406275078
1435136697524686849
1434514169559228419
1441131157374980105
1436981653101064193
1443203175784370176
1442364571063394304
1438975768533557255
1438553807743508481
1433812810304196610
1443362698436100096
1437317847961772033
1440292572283355141
1435539168818606086
1439642959482339338
1438329547964010497
1440986688155799555
1438460038776074240
1440257531314536449
1436396987490897932
1435102853551509507
1439931844259106823
1441829925829419009
1439341131955834884
1441829372671893505
1433855081384927232
1440192429454356481
1435567383121440768
1437329197014392837
1434131418674651136
1442231110726045698
1438559105753526277
1437710592786276356
1434404435405443072
1434106237180862472
1443462688139587592
1438570496711434242
1443233192287170562
1434884680625659906
1442713874793369605
1442026550711488512
1439714003236888577
1443480767011643393
1432989844612001804
1441276420735442950
1442034167928303616
1437359512021839872
1442424202544357380
1434415070822518784
1441754940041351177
1439474091816275968
1442255356168523776
1439227422591827971
1438558976145338376
1438530100983631872
1438551182927138817
1438013338634661889
1436111494857515018
1435890986291433476
1435711528750260239
1434255864530194439
1442080282174238720
1437685823219118081
1435539625448284162
1440191639440424969
1435687899618480128
1436447252596367379
1441829999028281345
1441761437395787777
1441259055285096448
1433855952722305045
1438480486909759489
1437835419115302923
1433485477009625096
1437813869779603457
1438867746394152971
1442024254371995649
1441256090440638467
1440317316047114247
1438601140283772932
1433871050639659008
1435247862531641344
1441348735552954368
1440557265530933264
1442269626029596672
1433728281765949465
1440411479975497731
1434049937269006339
1437698135011246086
1437695803565428743
1439226840716095490
1438522170305548291
1440741909383630851
1441873546096123909
1442023824719896577
1439256328057327624
1433816546799980544
1433348775339335680
1433473399712591873
1433806665787363332
1435720655538884608
1433530198566350856
1433052632327798784
1436074450714349568
1434175901554511878
1438564997060349952
1442165813516009480
1434856732547768337
1433814803450040346
1442743692658315265
1433904329967165441
1434546649607647235
1443100992787124227
1437522920520273933
1433966690140839936
1441365592586530816
1439702522952884229
1439141063701274625
1441015097946738689
1442028787089223682
1436191638443941888
1439515238437634050
1436015416715972610
1442233168925450241
1439981435218276360
1443178737105788933
1434075007194304517
1442142797251981315
1442071735587774465
1436669044447383555
1439575590215036930
1436111313399320578
1443235389926477830
1439645029451112450
1436455000176304152
1436068201125892101
1443598312393879555
1434827559401934849
1433770127263256596
1436033650919890951
1434109138871767047
1442035481458339840
1433114687055536128
1435570507789881344
1442507703306182662
1437745972206084098
1435113971837718530
1438822036059611138
1433866346824179714
1443117492746993664
1433007367470387201
1433834583439646740
1438040659500441602
1443141754044264450
1439656771543519233
1442816356269780999
1438547960107868163
1438491259413438467
1434807815235903491
1440731032764891146
1438669039245561859
1435132518571905025
1441070027415830534
1434263768540794886
1433192838041374720
1442928483097735174
1435623478384898053
1441859937097953293
1437711830017789956
1437662135253876737
1442453472473980934
1442026203595018240
1434168822076952577
1433801632664412173
1441835110828060685
1442416651778072576
1441420312789147658
1436361898950336517
1435264085151584257
1438639838111182849
1434210053045768202
1433933796651503621
1443230849659387908
1436197346774331393
1443098823853805569
1439698666214805508
1435527657207259138
1434095146807742466
1433065490818248705
1434470569248964609
1442476426293391360
1437000546947371011
1442878009321660420
1440243360153759752
1442951465018945538
1436710586558070787
1438209893878673412
1439765853810171905
1442088834062225408
1436112740834283522
1435887089443348480
1433138540758581253
1441771702409596933
1441767929440202759
1439155488567042054
1442778464814252032
1433871931925803010
1437291751170101250
1435931395470200835
1440545256013910018
1443238118535139333
1443178929142091780
1438381088401989632
1437088471357792260
1436241767452618765
1439219010005082118
1439252402167853057
1438402414751752192
1436084768337240067
1437641636419342339
1433907285714251781
1433805468976226308
1441000355915911173
1442191267409055745
1440374318366482435
1436178951429365762
1435750497684762627
1433933965916721153
1440212172877926403
1434772996628099076
1435254716015984649
1435124552246378501
1439323080942366727
1437816731532242945
1438975400500027396
1436211173586767877
1438898848504721412
1441880182986469378
1433939819600678914
1441365398121816064
1443475921760145408
1436618969444753408
1436329168401281025
1439239166013972489
1442084556941762562
1434869460448464899
1443232440403644416
1440756353631354886
1439071831181365248
1438744299143942150
1438479360852365320
1439918771741806593
1442422134874148864
1439914928421416968
1443139979924938756
1441806225113423878
1437678191787888648
1437128894574960645
1439543202814599168
1435987553052610565
1435667400842616836
1441306176780582923
1438212755065122821
1433576127340036109
1438734044150308864
1434534700773695490
1438606968114012164
1434992278402121732
1437382008058093570
1437274003635417089
1440208836497788937
1442713092639666180
1441790117090267144
1441467656721338369
1433401299060547590
1443686863475298306
1441738143565160451
1434463703378894851
1435133650958495744
1437662899380576257
1435939833244012553
1443650611367526410
1442237028163153930
1442069014973386755
1439903735770238979
1441660135500394496
1439247499525509121
1441381636868874242
1437805543708626949
1443560126942699525
1435624272643469325
1434996066219343872
1434622904617025544
1433829810682400778
1432921418056994819
1436332892632887297
1441829913204461571
1435946565789696005
1433351004116987905
1433801004781289478
1441732940522721281
1437427427807006724
1439300750564380676
1439318652931780613
1442426846071558144
1442858387293736965
1442041140627132417
1433830975029587974
1439341740067016712
1437765604895870981
1439223412375838730
1439510345589174274
1442203647824199685
1439292578671824906
1440212028967174152
1437327080681771012
1435922859889659905
1442477149089419265
1441882986002231296
1441882499748085767
1442475303138254855
1441041150459191296
1440436556376936460
1443583026173079556
1435484120885379073
1434917949744324609
1439228868351639552
1440180780571906052
1441446557933518848
1438569764100743168
1437782744642244613
1441355903786110979
1433825929923645440
1436054523416567817
1441382263992700936
1440716234505404421
1433855077169745922
1432971302713937927
1436395994686558209
1439342371704131586
1441645897444589574
1436723615035060228
1441796679741575179
1442023222245937155
1437714803380916225
1436255388236754950
1441470722015105026
1434048348294717444
1442564975575318530
1439315691203702792
1437846928285384704
1436261190108426243
1438206578142990337
1432976373761691648
1441819352072925184
1438634878405328897
1435885293903679494
1436003633628434434
1442860082471915533
1441780045484199945
1438853928456753155
1437824173867479046
1438783037693734912
1434440673638469632
1433848147684511748
1434230853664661506
1437295913534382083
1442032900375990273
1435872634445570052
1443564256742592518
1435907493511696386
1441843119058784265
1440991381040812032
1440933715769692160
1435195890722131972
1433826030377177092
1436267862855913474
1442504714650742784
1437736112970248195
1434600710692380676
1438850345011191810
1438564609225596932
1433827802764169227
1441839007516745728
1440222112799596549
1439601844343517188
1440959528628101122
1432997657803427840
1440432502565343239
1439271611606216711
1433728233510473728
1441811509642813451
1433798504951029761
1441755365767532545
1438206020141133824
1436249790128533504
1441744087409774594
1442489489662808065
1435711630143328262
1439306616667447298
1441683974305234945
1436117581631418370
1436089094979870722
1438547115601444868
1435860677961392128
1433945033225482240
1433823826459172868
1442234241287278605
1443684829007073284
1434990510779797514
1443373751920386049
1439237073362374665
1437037168288047111
1434988877924741120
1443188915930816518
1442016106852589571
1433928074861625356
1437053585657933824
1442474431788371973
1441888755007344644
1441087551196962818
1438124220576419849
1443230780788854789
1438853863524679681
1435922714854928391
1435555338368036866
1434125410275667976
1436210376081879042
1442740919644704772
1434070061212442627
1438082507442954244
1437185766124306439
1433795712312094723
1434774018813571075
1438208500409278467
1442892464566665225
1435331918623649795
1437014678195081217
1440040042135633927
1441832767554146306
1440062631352541203
1437076410846400513
1436194938715361281
1433893566825345026
1433524934144364552
1434019682852511746
1437135695324356614
1433875468319612932
1436831082855403530
1441897277312929796
1441792181770072070
1442030203430187009
1436006925460705282
1433829141833474054
1441879040239890436
1441409564352602112
1442452459239010313
1438544592685707265
1433381635387494400
1439162328533114880
1438753858197524481
1438218358470713351
1442189657802948613
1433796672732254209
1433066127219990530
1437676616663117826
1440234198531395584
1438758134554705920
1436319514329821184
1442869256132071424
1441739256779599879
1439680880474214409
1443621996332453890
1436591046935392258
1442375673209757704
1435912692997541888
1440487544089559050
1433368809587499009
1438743570081538051
1436124920807890944
1434942218926796808
1439266765163438083
1441064012813324299
1442033924297867264
1442983564979568642
1441349440552378374
1438219157850497031
1443110796460847107
1442837489035644934
1438207048169279489
1433825205261058048
1441357233678389248
1437770066825728001
1441845120928735234
1440631874288644105
1443708776511639552
1435160705402032131
1433045537696194569
1438205704066801668
1441833178126331904
1436694817313075210
1433794022376722463
1440564065076604933
1443600521688911872
1441722329155784706
1439336423564451841
1436078751050313728
1435737990647664640
1442413773625729026
1435901468628901889
1438530933448220673
1435640697844023298
1441731697247232000
1438551008955797505
1440389746111303694
1437869347427528714
1442479901030944772
1439853838635343875
1433518628608122898
1440691685655126021
1433807204801449984
1438812998970261504
1434571274844528643
1437678954639503362
1441011975002144771
1437768788771024901
1443661719730073603
1439481770664136705
1435347150142070786
1438752203758579714
1436308017893437444
1435259149286260740
1433872277851025410
1433738401640034349
1437758132806209540
1433510008738693130
1442072916145815552
1437747430062186500
1437751036580618243
1433794414422511620
1434538293786562560
1439292135757557768
1439141050371780610
1441636713114312711
1438376247692771334
1442434034697523200
1442823167324655618
1434624956189577220
1435922949349933060
1443537013433569284
1441777534367064065
1435049523286618113
1433824004830289923
1437489632292315142
1441475592826720257
1438807870045396997
1435523597607522306
1438862666416771077
1441742271431397384
1439344166505525248
1441844316771602436
1439224059984818179
1438156139460452352
1435101028542734337
1434874921700765696
1437999942719705088
1438101074548822028
1437485961315749888
1442388247280193543
1443168661578125315
1438238742188277768
1438209842703966216
1436057791727292421
1436039794325442562
1443575155658133509
1437788017209581575
1432923912992657411
1439497066795913218
1438385916788228099
1442376992976953344
1438547812455788544
1443303842762969091
1433875840027267086
1443252426035929088
1438494434191155207
1433047481684840449
1433856931681210373
1441543485694304257
1442006445558484992
1440034224623415297
1441736032643256326
1438523310212485122
1438563930645860355
1437697510714363906
1439229955192274945
1435317863611572228
1433844977516298240
1433833926305456129
1438553273447985156
1438545398776356866
1433454533070491649
1436325676945133570
1438592881665744898
1438285838538969089
1437799669405474817
1440329384624226309
1436093172942245892
1443110993635287040
1436318218562514965
1441304746439020548
1433794684321779738
1442786397849595904
1440087253091590145
1439223434282733569
1439981104644116480
1437731180032544768
1442771731832262660
1437063789153771523
1443231697600929798
1441811933301256193
1435502901661667328
1437890711890841608
1440283380352831495
1438877152167014400
1439652402567712770
1435639659388940290
1439286015361961990
1438526365255356421
1442933671858556931
1442523251062812673
1442039485575798795
1438549631865085966
1439521362931064835
1436396197468573697
1435923725459894274
1441034795249721344
1433025906486951942
1443086234176397312
1441757175744024578
1433046643692249091
1439281954927562755
1437758071099568134
1441039196890664967
1434069477726031873
1437467700066983937
1442346248170782722
1441685016862416897
1439446435401977859
1438560246990086153
1438240611346391044
1438211618945568768
1437437759791173633
1433943039467196418
1441796268234141697
1439707425305767936
1433992363228254209
1436113073677475852
1433316233001291777
1433191083995926529
1436411644066869255
1435257421975494660
1437661223185788928
1432988856442294277
1438189371027492868
1437528796744278016
1436243622480031749
1436212932212404235
1435266471744184323
1442844550955945995
1442119819306876928
1441020631307407362
1438861749634088970
1434098839124860931
1442982691549290496
1442753878232010755
1440772855331835906
1437753310136705029
1440604492739727368
1442191654551703554
1438498678566649866
1436204620196597760
1433900869486063617
1433132633886756867
1438751293770772483
1437812804086599687
1432866561409359875
1435007358367895555
1441264270902054915
1434120466835333126
1434768135333236739
1440040742978678786
1436313188937699329
1433110772129968131
1438191582910550023
1433532622886551555
1443196320399958017
1440376503829614595
1441366200508993536
1437352291812659206
1440301935928565764
1439540401891905536
1437493099228499968
1439565379467046919
1434866716308348933
1435102746575790086
1439669325699371009
1437149954988969989
1438632001075089412
1434892460375818241
1439293741634924549
1436308631608307714
1439134572940304387
1435218507491336202
1434298649530544129
1440115364340264965
1439146402957991937
1440988666906689540
1438222553185759233
1433837701443297299
1439557609632194561
1441683436834537473
1435846920535040000
1434545812881776643
1441855486408728579
1437068401156018177
1442823334568337410
1436082870364352513
1436004577464160256
1434791446003994624
1442728226619596800
1443505201751658499
1436225749112041473
1434189646884446215
1437510594110922757
1440398030952300544
1434271706869374979
1441670760595140608
1438605235304509444
1443197550673240065
1433936999430467590
1442393522137669634
1437848618090782724
1441828124245823492
1443644995672621070
1439459616648318976
1442832404008288256
1435265462837854216
1437731614541418501
1442253116770897924
1440692697036062721
1440545184463278082
1436311138111721473
1436182215789006850
1443159070005936134
1438561399966421000
1440763004685979652
1435506347567722498
1441914303704010756
1439198454463569920
1439061413297856513
1443222470547365895
1443230008487473162
1441855187078025216
1438758020436185088
1439931821333098496
1438103049306771464
1436625552740335617
1436100071456653312
1436023756145766405
1438444438989295616
1437812051800465415
1433410641830756357
1441502133166149633
1442190690075676673
1436397684684906497
1442607260501360642
1442120516970573839
1438497714472460289
1437549627209814016
1437062911361437700
1440847542908952578
1439437213360705537
1434465312020340742
1436044482839973892
1438593845143511046
1440041835926224904
1437770957075189763
1438053137521299459
1442052457287323649
1438524286491316225
1440296353742000132
1437897401021370378
1438233266864148481
1437169730759049222
1439574163648401411
1435913025425379332
1441692247330680836
1434271425280479234
1433897728422121524
1433875345468448771
1433833874514190363
1433823041491030017
1441535496363155461
1440401914588327946
1440278244792565770
1437597550438232064
1436330864745537546
1441419829194469376
1435019858085830663
1433830860982267904
1440569387056914440
1434187558041309187
1434143460085440514
1438465983480541185
1433927414304882688
1441346762506072068
1441862280745033731
1435146891273162756
1433530553245052934
1433028562215448586
1438450585162948609
1442028969407045638
1436726067318898690
1433933226356129798
1441123036304867328
1443566306540797959
1434305034209087493
1442498488353361926
1437330654950268930
1442431367212531717
1440692639683153933
1433324765650038785
1434115853704962048
1434806282662424578
1441886733180805121
1439177386038374401
1439141628787052545
1437415822285213704
1433802986824863744
1443215592731942927
1437027478141349892
1438476178030055425
1433020748625547267
1436239967194320900
1435875865041195009
1443123952730181635
1438462674925408259
1437594302251769856
1441762430313398275
1443234572263514113
1438550787811160065
1441723076136288257
1442991620090208257
1443144416466702337
1435301847921840139
1440278446911852545
1443476006153687041
1442043733181181952
1439688885999710209
1443629575016222722
1437720672914984963
1438642650039701506
1433388197611020293
1440005957241778184
1439999744487608323
1437915600932773890
1441012349180256256
1441352278162620420
1441199277821267968
1437434364732846080
1442084699472596995
1440759684776939537
1433827808409751553
1440037713625841664
1439625579423272960
1439190289088909315
1435015202790154240
1442930230977433605
1443275492036124674
1441470798879858691
1442255146260570112
1440354586271698967
1437767463928741902
1437445615005360135
1436585655476293643
1439958816041447430
1435131962289803264
1443327588773007362
1439163652620357637
1438813647845875715
1436007556347011082
1435127400644415496
1436025381715390466
1437737098283520010
1434569329123680257
1441999197079695362
1443235071104782341
1440810017691557888
1437054735991910400
1436037822037774338
1440331202368471045
1442361939494117376
1441802807565332483
1437694829048238081
1435614691078856704
1433361471753408513
1433099943187787784
1443496862175145985
1436047869878968322
1438247202174943249
1438818499154124800
1439196114675187715
1437053956954460168
1434428874994159620
1441831093661995009
1440364437815193603
1437499355435515908
1438108281466195974
1434107397870694400
1437679331912847362
1433816070402543616
1433543947054366724
1433149476307361801
1433956954746105856
1433069692957216774
1435185118176501760
1437799394590568449
1442572100317990915
1440025265514508297
1436020999053529088
1436059485248835591
1443663765279494144
1438496478864056325
1435932477089107968
1442914757044936705
1441500844776644612
1442088784015806466
1434568748929794049
1438751739868598275
1433498794138685441
1437807671973920770
1439823125512863744
1437096567996043264
1433102600791072768
1441693469295087619
1441823932856684557
1439270756089749507
1441639328417865731
1435249321645993989
1438668850669707265
1438842211274305536
1439090057827192837
1439243253178683398
1442825380340056067
1443154171197284360
1441848171622277120
1433417941870129152
1434910216295010308
1434586836983234570
1439244233605619716
1437371511254495234
1442270854021140480
1435948413720440841
1442029683235823617
1437954797097963521
1433878170386698241
1436091007586668549
1433406257642319877
1434934811026722824
1438712349628801025
1439889066632388610
1442415219888640005
1435962699494699011
1435666624313532417
1434030183292538881
1437679612088176641
1436595490833973251
1435185901668380679
1434113835930198020
1435537770156630017
1442071517869666306
1443143777233870848
1436449620775907328
1442099321126592514
1441825185124864013
1437427293694091269
1438163044362821636
1436321335161073717
1439133690123235329
1442122810134974466
1440917435012591617
1433487711269228546
1443034452528074760
1434164987241631744
1441629756085112834
1443105765041098754
1439872680979804161
1436600397825675264
1434069066721935366
1434562386090991626
1438247341656625157
1435908631115993092
1438206743713042433
1437714570899083264
1433845763679965184
1437698893387603973
1437776607935090689
1433821807082197001
1443230686865866784
1442961608532180992
1439148882487824388
1434978941429817352
1434594059843211269
1437050967866978307
1436232749854208001
1435492228756131840
1437346806053195777
1443667440488132613
1435114308413841410
1434916856326930432
1438354020867919882
1438841958965956614
1442768754555990020
1439198280936742914
1437900062500216835
1435941230702178307
1438618048710201344
1440984604731748356
1436449493788991490
1434258049938690048
1438187232792350728
1433890644217434113
1433854509411966986
1436719445003677702
1438959313079386112
1442902420300840962
1438812944448561155
1435887797747994626
1440283332168728580
1438382415462948865
1441810741607108614
1440981572497334272
1437750731679883268
1441218665760788480
1433042455818080264
1441783575985098755
1439720282466422786
1442521826635096068
1433469499810979840
1439111623990562818
1443136853247467524
1439732942159372292
1442080270681739266
1433012449691713538
1433171706139529220
1439363903578906627
1439149433577426945
1437081899487404040
1434107695792103425
1435685341684453381
1443636762148892672
1438491688700416000
1436234451734962176
1439278422614761473
1438762711811338242
1437555119306989568
1442211158019096577
1437492083959517187
1435180060286279681
1433886751752429572
1441085884313464843
1441791656693469186
1440617415914639369
1434542680239968257
1440645860853895178
1436261311046987816
1434565907020406791
1438384350786211840
1443076206421848067
1436465711556304934
1432946327772618752
1437690882636009475
1434814051440336899
1433846665585246210
1441799893971001344
1438216856045817865
1436285568434966528
1433905868848906247
1436076147196968965
1436113572606660610
1441509512448561154
1435166699989446656
1439694228037193730
1434959595080986630
1438100123943325699
1442039650625875970
1438238755756851202
1440375235241385989
1437067074761891852
1441844451228389383
1442396047733624833
1441527032698056707
1439951109804724229
1433813788369817602
1437791492119179268
1440038491975344142
1441836417122963458
1434034226924597249
1435262592608612354
1441305519545794560
1443366575650844673
1439327638728986625
1437359878054584328
1438869865482395650
1442822052268941314
1437513397801824257
1439381072261812225
1438059334504697859
1435496032633249798
1440670716207132681
1438615593532416003
1436991014678433792
1442008374690947074
1441376234747809801
1439224752657289223
1439203427700125702
1435154171678842881
1441752268668243969
1433323230706667522
1439983184268103683
1442012584035635200
1439998392986480640
1438247779810385929
1434487004369129473
1442075820936384513
1439196478250098690
1439971209886720006
1433782096640753671
1439207307104112645
1440987664224751623
1432988484873211905
1434309906346164236
1441116359316828162
1436598160718274568
1433800453993680903
1437270168636432384
1437068515287212036
1440208557157142538
1433327738992185344
1439582653880094721
1435403031428861955
1442908212441665536
1442472320761663497
1438223528722157575
1442544111278514179
1439449031298719747
1442940489037070336
1435888120172580864
1434418843078873091
1435127330427580416
1434100859949010946
1440935060417531904
1433832877901459463
1438240237474488320
1433149842046562306
1433340526057693186
1443332145238380545
1443279977068351492
1434652271699169280
1440412584717348874
1442029774365511681
1442120422254862339
1437114050345844742
1433955448726736900
1436416457454329860
1433123265753530370
1440168284507176969
1441017787426689033
1443672324507684873
1443350072822009857
1440574081385091072
1440349952459247630
1438523281749938177
1441410523111862274
1442059612220321795
1439984454303354883
1439526346816954372
1441738550945386502
1441506748800536579
1433062563781259268
1436097247373103107
1442039367816531969
1439347369380831232
1439131045899743232
1439668066598768642
1434076637461614593
1438816841573572612
1438841607873339400
1441812946984718343
1442465078360555521
1436236528422952965
1439283125377454080
1442485032166121480
1440842072244686856
1433834363179966467
1433723753100423180
1432990993196986368
1442502082972446723
1433898485812711424
1442475161073041414
1441085627223588870
1440014591019323393
1439112453384769536
1440692466584195073
1435169045570105346
1435703785003814919
1441324695031201798
1439114247347347456
1433353695119429639
1442684753254105093
1433078877367136257
1437533041543548930
1441352814408593420
1433375627109928965
1435318755643506695
1438209623396323333
1433898477449318462
1441855776532754440
1442832684535930882
1437066222210801670
1440796149921681418
1436575704737591296
1433903698317545481
1433401631425564676
1443503304248549379
1439227380149719045
1439257568489181190
1440999853543337985
1438959475981963264
1441846432139522054
1433813224017825792
1441847707132383232
1434054267611058178
1434089917014024192
1433440347993030656
1439227695120912386
1442153629360828418
1436210665270689793
1441755223614164992
1439475124999266305
1437805703171821574
1433159694118526977
1436071819895877633
1440922562398150657
1435566894522720257
1438013264282198018
1437307515360800769
1443128125592846343
1439185407447609347
1433827142056521729
1440669398985936896
1442606995886989313
1439974108465438723
1441319142737334276
1441294778491015174
1440916524039016448
1433034950815764482
1436682303816802307
1437674394545967106
1439324319923032064
1439889606560915466
1434855640497799170
1439133070398005251
1437401196621443075
1438246501084499980
1438149566659010562
1439454158965329924
1442298233913495552
1439406522765914116
1434196699367591938
1436799251024056325
1434133719145660416
1436685470319235072
1440401826390577166
1437004360186269700
1433416574350893056
1443502883350228994
1439196147617304578
1439566550764343299
1439508003368144900
1435531729637462020
1443223971038732293
1437338181461020672
1434852720029093896
1439921604641886211
1435707082678865923
1442438410455638018
1433348640072945664
1433330253192126465
1433869211185684488
1438403341155975171
1433048879906308099
1437167397912391685
1433900399522631683
1439222417457565698
1438875357868875777
1435564882766802945
1436610904704049152
1437640027861929986
1433891280141045761
1433880164216287234
1433695247524106241
1438757294267850752
1438532147028152321
1434803615567339520
1436947692685561857
1436341118816432133
1434197837512851458
1433366877074567169
1442600149260320770
1442592147983589376
1439162419364966400
1439150360090791938
1438212613297541132
1432980181875052546
1436110373577428999
1433402270096441352
1433159339997597699
1438036659480707072
1437692763206823942
1435702313671434244
1435624952108044295
1442580359405768710
1436330016112058373
1442120073645379586
1440700949211738121
1435667068792328194
1440972619675750403
1434048246553448449
1439969367119302660
1433800903937642498
1432989953093476352
1442864026447335432
1434973720527966215
1438206048322588677
1436085259385425922
1438755537487859712
1438407315007451137
1435305347376353287
1437100210786906116
1433873806926438404
1433073665428578313
1437403164488179713
1433022729763049477
1439980237069062147
1441845867007422464
1440348877136166921
1438442083849850885
1433912132320509952
1435502716684546049
1433877653677826056
1433876222203895809
1440937978994565120
1443304989443645449
1440609900065746952
1439640571094704134
1437415426414333953
1439644877101408264
1438409069862297604
1442835407432044544
1439625207875002373
1437079713227452419
1437339983266918401
1435908558378446853
1438560645398552577
1434147830390837250
1439151624824496129
1441019314090483714
1442392369165373440
1437724598955651072
1433795218210426891
1440032627562455046
1434069853443342341
1437789085398097927
1440546718865522689
1442033424349466627
1439815398266912772
1435656392535384065
1439173175770853386
1437350738687143936
1433810579282612224
1435859532404690946
1433793867204157444
1437729775347552257
1440335194590879745
1438636355492487174
1439933691971600386
1438710292272361473
1442083866131435522
1434994775808217088
1442995719560781824
1438771169981775874
1441780917568167936
1442136709412626432
1441733671971610626
1437267414085996545
1443231542554288137
1440310578833080322
1438463727347585024
1435568193242869765
1439253953020112902
1434562384069382144
1439223715145961475
1433503661838192640
1439284049886031872
1437091965720539140
1439190079558279176
1443583317282996241
1439334539445379079
1437827380702289927
1442412984718876678
1433051457692082177
1443708537570533377
1433901608404926467
1433454889594728451
1433335737232068612
1435275209213370373
1437767538088284166
1441463469237317634
1441799036051275781
1435157832551313408
1434535990991933441
1441936155742593025
1433929085751906307
1433802629533114375
1442779915611516930
1434806366309392388
1441732593670508545
1436451053193633829
1433353063671140353
1443035501817106432
1442571119127449601
1440613068317233173
1441305654099161088
1436129216861548549
1442586629219225601
1438816000200347657
1441747038224400385
1436072144061009926
1434537064977076228
1443599749647515650
1441899617600290817
1443255008070414341
1442417763939536897
1440372354501070849
1442833110941450243
1442838459778052096
1441457474159140877
1441714187294547973
1439129470779207681
1438530236849836038
1437336606470443010
1433850950557573123
1441000039342608387
1439325534064947201
1436318237751345152
1439582009811095555
1439502799591645187
1439288119052935169
1438414698119061506
1438842803367317506
1437839288608169986
1443297125354381320
1436267652721352706
1436024963744649216
1433942383192911873
1433060038193684484
1436658234878795789
1436215280045285376
1442450510338871301
1442059708651560962
1441131599106502663
1433023689935802371
1432928723297263619
1438214232248623111
1438447326264274946
1438123607855611905
1442389144295018497
1442086298445963273
1438876525240139780
1440668928536039436
1442829347598000128
1439697161474748424
1439288416668114945
1438742305163423745
1437771914223800330
1436065879452684289
1438490683678105602
1443216136317935619
1441691777874939904
1433847738828038151
1435167819331682306
1443326078588686337
1434832727291965442
1438124017567813644
1433911242310160385
1437427542277955584
1434004251219578880
1438592768180424706
1433854185393504260
1441766299399598081
1437684344546529281
1437874697853718532
1433602787976351749
1441319054698958856
1434569824173232137
1439460959228207104
1441873082537455616
1441511250924646403
1441226360832335874
1436510623945396227
1433564989714046978
1433023839739514882
1435848599997399041
1442532785080709122
1441790432174743564
1437691835497975811
1442037204038131712
1443543312556756998
1434835255744155654
1433011731211620356
1439103209302331393
1438147390066860035
1440954534495412225
1437650833265549313
1436275090535092224
1443325883117363201
1435553090707640321
1433800952956559366
1441087048874528775
1438047114911784960
1441004998532423682
1438722066849705986
1439205712060633092
1440604637036351492
1436363018577776647
1442139397500149760
1441793538350403587
1434028652509995013
1434177863746523138
1442070910299738115
1436066888409354246
1442103084033798145
1433807708419919897
1441993547738198021
1435643451849256969
1435301847024218114
1433889215981490182
1437703464403013633
1433171263183273991
1442547785971105793
1442417260124164096
1437184256632107011
1435638981182513157
1438207089009049604
1433806496106696709
1436400323627786245
1433826752413978629
1437734026278748161
1438384032958410753
1438414178864320517
1442959576563793921
1436240301354627072
1438523073217523718
1440180385598492677
1436049650860056578
1441671268093288448
1442243766560202760
1442356629169659904
1441771990541549570
1437459688308805637
1441086794578071561
1441738012719788032
1443259018185691143
1439270793150701568
1441881179171352581
1438554696432734215
1437336571141922817
1437800439936913418
1433891112435998722
1441909158979194881
1437816930728124417
1443544317755338752
1441833086753280004
1439343074304569345
1437789718419234828
1433830696074813449
1433825865360609284
1434036231202131972
1437717797472198657
1434102822941908995
1437914779247685633
1433651014855430144
1441999022814760961
1441506151917449224
1433925996412116993
1433060480390602757
1442737871681638403
1442240616059047939
1442013135095746564
1437376668037963778
1436050448839061507
1440055556681568263
1436111430185590785
1434115928296407042
1433636096001388545
1441055132280573954
1440548343449468939
1432982704606400512
1436236481295683584
1433052134547726336
1442025812652347393
1440042837165232129
1439257215764992006
1438837174133313539
1433900757175046144
1441342381559664648
1442065449525465088
1438070895382249472
1437050060492230658
1438548111815843840
1437733111949893638
1442056129740107778
1438824745781415939
1441824215171219457
1439959822401671168
1437144402519117825
1438522159668793344
1441829500367491076
1433945605341073413
1433852961562767363
1442514229903478792
1440826903963717637
1442072468865310720
1433293118086995970
1439857872557461506
1435873552767410177
1436174689597067267
1433978063256162306
1441746131214471176
1439375650876502016
1439228407213182983
1434870022820741125
1433822847475064843
1438389771995336707
1441109203469287433
1438766720244662272
1437671079527559169
1433094375211507717
1442041927445090310
1433049077026000903
1433102721993875457
1437740622811631622
1441843046929166338
1440055623614283780
1437344819127459840
1440899586420314113
1443517545651314695
1434035404479602691
1433692058389258240
1439474846006747141
1441354705158873095
1437701588471123970
1437302775960977413
1441824821919326208
1432989151478099968
1435269187740397575
1435704721780756486
1443200701144895500
1443460576382959617
1442000999657340928
1437854451503706114
1433861954058297368
1433545387608993840
1439149535624839171
1435954748063199240
1441502093924343808
1440315798115868704
1443142353389342721
1443274978842005507
1441861834613698563
1437709756483919873
1440092983752224773
1439290668862607363
1438557153560866819
1441605156802482176
1438889835197079554
1442445714513084418
1440517957205954562
1443604120632532999
1439006257118162952
1436633647336103936
1435185986284163078
1437713207666294792
1435952882906501121
1434605904989675521
1440413632873910276
1437802424245366786
1432977794514964481
1442573626901946370
1441454736658608129
1434513046320422913
1437466484868100096
1442159007930544129
1440409578739437583
1438357623754137602
1442048803834667012
1437057646083944459
1440789373235068937
1438261209619390466
1441891264845201411
1433485718345633796
1435737141313691648
1441111796874575877
1438088086811025410
1438737696596320260
1433830660867825680
1438398209433423875
1442391931674415104
1442417024685203456
1442832894007853060
1437700088902701062
1442446003768991746
1439173111186739204
1441877752961908738
1436107085008211973
1435655742799896580
1438579213364350977
1439688269940264960
1435566208804433921
1433944398841196547
1433396135222292480
1441505994169851904
1433302652725731328
1438816445413183491
1437759440464252937
1443654251323002881
1440237847022223362
1438809441026121729
1442126313595277318
1439659996233482241
1438739901114159104
1435508572234960896
1433422756863873031
1442032972622925825
1439309676227801090
1436089186919067648
1432991166723772416
1436468006226468920
1436290294287413248
1442126703690649601
1434160133119086595
1441706705394544640
1442470811357614082
1438241553135308806
1434042531113807872
1438549631550562305
1438541902312361996
1439294283962531855
1437829930428030977
1435356173113438209
1433882683847938051
1440296445983150089
1439488401166807040
1438520868749991949
1433543138723831810
1436111663154057217
1437390399254011904
1439223180166635521
1433160467069947906
1433400008305430530
1436242487300038657
1434889909886652416
1440647171024441346
1441921881565761537
1440798581733019652
1435143969533476868
1437137799770148864
1433417620242542598
1440546176365850634
1439238272450957315
1435285551997980678
1443501246065876995
1438131487136681985
1439202405774676106
1434016930151731203
1441524259227111433
1438632559710195714
1433856647819104257
1438047369690554372
1441618033978511362
1441624898703605761
1437822893732343812
1435309463737675783
1441695424528752640
1443574134856830984
1442614806016634888
1438541888940920834
1441847819225161732
1441159117578571778
1433847314125369345
1440239760455262208
1440314744892629003
1433795761158885380
1442161241095553025
1435546376008515584
1438592904814018563
1442401975111356417
1435504490661261321
1434474577472720897
1443585257022705665
1436008130446512132
1443535248344690689
1439263431731908615
1443344229967802370
1441276408534163464
1440000001623666694
1443133876784832517
1441466449390829568
1438532703654191108
1433858844967555074
1439765371184037888
1437750770875650060
1436095594368573446
1438790164621443073
1434533121232408578
1437651667122540547
1433428333790826499
1439615634208403456
1437089999904808964
1437036275865956353
1442108989265772547
1441317011598966784
1438904290681237508
1436326216265572352
1440317323391340555
1436067512425254913
1433373035361411076
1440052161237295107
1440680088631070727
1440918414709645312
1440265289183100931
1441875085783179264
1442386637833400320
1433794040080879661
1436225353899552770
1439198835834867717
1443225963131777025
1437696337965981702
1441481728984506371
1440440233820966918
1438539494626578438
1438466046474739713
1433089457062912010
1433444908128477186
1433928941690044430
